 31  1
       1             6   1              10.984         9
       2             6   2               6.088         6
       3             6   3               1.028         1
       4             8   1               9.893         9
       5             8   2               4.666         4
       6            12   1               3.534         1
       7            12   2               2.064         2
       8            14   1              13.683         9
       9            14   2               5.950         6
      10            14   3               1.027         1
      11            16   1              10.845         9
      12            16   2               6.515         4
      13            16   3              10.049         9
      14            20   1               7.222         1
      15            20   2               4.569         2
      16            22   1             104.171        21
      17            22   2             101.691        28
      18            22   3              27.735        21
      19            24   1              57.011         7
      20            24   2              34.994         6
      21            24   3              40.089        25
      22            26   1              83.114        25
      23            26   2              88.139        30
      24            26   3              35.241        25
      25            27   1              78.023        28
      26            27   2              65.343        21
      27            27   3              35.006        28
      28            28   1              46.999        21
      29            28   2              25.841        10
      30            28   3              22.586        21
 31  2
       1             6   1              10.948         9
       2             6   2               6.082         6
       3             6   3               1.026         1
       4             8   1               9.877         9
       5             8   2               4.649         4
       6            12   1               3.193         1
       7            12   2               2.054         2
       8            14   1              13.310         9
       9            14   2               5.937         6
      10            14   3               1.025         1
      11            16   1              10.802         9
      12            16   2               6.476         4
      13            16   3              10.027         9
      14            20   1               6.488         1
      15            20   2               4.505         2
      16            22   1              99.155        21
      17            22   2             100.749        28
      18            22   3              27.646        21
      19            24   1              54.310         7
      20            24   2              34.267         6
      21            24   3              39.769        25
      22            26   1              80.133        25
      23            26   2              87.218        30
      24            26   3              34.979        25
      25            27   1              75.960        28
      26            27   2              64.766        21
      27            27   3              34.812        28
      28            28   1              45.985        21
      29            28   2              25.601        10
      30            28   3              22.506        21
 31  3
       1             6   1              10.913         9
       2             6   2               6.076         6
       3             6   3               1.024         1
       4             8   1               9.860         9
       5             8   2               4.631         4
       6            12   1               2.880         1
       7            12   2               2.045         2
       8            14   1              12.968         9
       9            14   2               5.926         6
      10            14   3               1.023         1
      11            16   1              10.761         9
      12            16   2               6.438         4
      13            16   3              10.006         9
      14            20   1               5.796         1
      15            20   2               4.443         2
      16            22   1              94.337        21
      17            22   2              99.828        28
      18            22   3              27.557        21
      19            24   1              51.736         7
      20            24   2              33.555         6
      21            24   3              39.449        25
      22            26   1              77.283        25
      23            26   2              86.316        30
      24            26   3              34.718        25
      25            27   1              73.985        28
      26            27   2              64.196        21
      27            27   3              34.618        28
      28            28   1              45.020        21
      29            28   2              25.365        10
      30            28   3              22.426        21
 31  4
       1             6   1              10.856         9
       2             6   2               6.067         6
       3             6   3               1.022         1
       4             8   1               9.828         9
       5             8   2               4.597         4
       6            12   1               2.575         1
       7            12   2               2.036         2
       8            14   1              12.625         9
       9            14   2               5.914         6
      10            14   3               1.020         1
      11            16   1              10.703         9
      12            16   2               6.360         4
      13            16   3               9.961         9
      14            20   1               5.153         1
      15            20   2               4.355         2
      16            22   1              89.512        21
      17            22   2              98.433        28
      18            22   3              27.378        21
      19            24   1              48.712         7
      20            24   2              32.246         6
      21            24   3              38.811        25
      22            26   1              74.047        25
      23            26   2              84.720        30
      24            26   3              34.199        25
      25            27   1              71.756        28
      26            27   2              63.151        21
      27            27   3              34.229        28
      28            28   1              44.041        21
      29            28   2              24.924        10
      30            28   3              22.265        21
 31  5
       1             6   1              10.791         9
       2             6   2               6.056         6
       3             6   3               1.019         1
       4             8   1               9.790         9
       5             8   2               4.557         4
       6            12   1               2.305         1
       7            12   2               2.029         2
       8            14   1              12.317         9
       9            14   2               5.903         6
      10            14   3               1.018         1
      11            16   1              10.640         9
      12            16   2               6.266         4
      13            16   3               9.907         9
      14            20   1               4.573         1
      15            20   2               4.257         2
      16            22   1              84.865        21
      17            22   2              96.860        28
      18            22   3              27.162        21
      19            24   1              45.655         7
      20            24   2              30.735         6
      21            24   3              38.051        25
      22            26   1              70.792        25
      23            26   2              82.873        30
      24            26   3              33.584        25
      25            27   1              69.511        28
      26            27   2              61.923        21
      27            27   3              33.764        28
      28            28   1              43.105        21
      29            28   2              24.402        10
      30            28   3              22.073        21
 31  6
       1             6   1              10.725         9
       2             6   2               6.046         6
       3             6   3               1.016         1
       4             8   1               9.750         9
       5             8   2               4.516         4
       6            12   1               2.085         1
       7            12   2               2.023         2
       8            14   1              12.060         9
       9            14   2               5.893         6
      10            14   3               1.015         1
      11            16   1              10.578         9
      12            16   2               6.168         4
      13            16   3               9.849         9
      14            20   1               4.084         1
      15            20   2               4.159         2
      16            22   1              80.654        21
      17            22   2              95.263        28
      18            22   3              26.932        21
      19            24   1              42.811         7
      20            24   2              29.204         6
      21            24   3              37.262        25
      22            26   1              67.760        25
      23            26   2              80.983        30
      24            26   3              32.950        25
      25            27   1              67.411        28
      26            27   2              60.650        21
      27            27   3              33.280        28
      28            28   1              42.266        21
      29            28   2              23.859        10
      30            28   3              21.870        21
 31  7
       1             6   1              10.650         9
       2             6   2               6.035         6
       3             6   3               1.013         1
       4             8   1               9.704         9
       5             8   2               4.470         4
       6            12   1               1.897         1
       7            12   2               2.018         2
       8            14   1              11.834         9
       9            14   2               5.884         6
      10            14   3               1.013         1
      11            16   1              10.509         9
      12            16   2               6.054         4
      13            16   3               9.780         9
      14            20   1               3.659         1
      15            20   2               4.051         2
      16            22   1              76.632        21
      17            22   2              93.475        28
      18            22   3              26.664        21
      19            24   1              39.958         7
      20            24   2              27.497         6
      21            24   3              36.359        25
      22            26   1              64.720        25
      23            26   2              78.851        30
      24            26   3              32.231        25
      25            27   1              65.292        28
      26            27   2              59.191        21
      27            27   3              32.722        28
      28            28   1              41.470        21
      29            28   2              23.234        10
      30            28   3              21.635        21
 31  8
       1             6   1              10.573         9
       2             6   2               6.024         6
       3             6   3               1.011         1
       4             8   1               9.656         9
       5             8   2               4.424         4
       6            12   1               1.745         1
       7            12   2               2.014         2
       8            14   1              11.641         9
       9            14   2               5.876         6
      10            14   3               1.010         1
      11            16   1              10.439         9
      12            16   2               5.934         4
      13            16   3               9.706         9
      14            20   1               3.300         1
      15            20   2               3.940         2
      16            22   1              72.886        21
      17            22   2              91.621        28
      18            22   3              26.378        21
      19            24   1              37.248         7
      20            24   2              25.773         6
      21            24   3              35.426        25
      22            26   1              61.814        25
      23            26   2              76.660        30
      24            26   3              31.493        25
      25            27   1              63.248        28
      26            27   2              57.669        21
      27            27   3              32.142        28
      28            28   1              40.735        21
      29            28   2              22.579        10
      30            28   3              21.389        21
 31  9
       1             6   1              10.491         9
       2             6   2               6.014         6
       3             6   3               1.009         1
       4             8   1               9.604         9
       5             8   2               4.376         4
       6            12   1               1.614         1
       7            12   2               2.011         2
       8            14   1              11.467         9
       9            14   2               5.868         6
      10            14   3               1.008         1
      11            16   1              10.363         9
      12            16   2               5.805         4
      13            16   3               9.624         9
      14            20   1               2.979         1
      15            20   2               3.823         2
      16            22   1              69.208        21
      17            22   2              89.634        28
      18            22   3              26.067        21
      19            24   1              34.572         7
      20            24   2              23.995         6
      21            24   3              34.441        25
      22            26   1              58.912        25
      23            26   2              74.347        30
      24            26   3              30.722        25
      25            27   1              61.181        28
      26            27   2              56.038        21
      27            27   3              31.524        28
      28            28   1              40.021        21
      29            28   2              21.873        10
      30            28   3              21.123        21
 31 10
       1             6   1              10.399         9
       2             6   2               6.003         6
       3             6   3               1.007         1
       4             8   1               9.544         9
       5             8   2               4.326         4
       6            12   1               1.498         1
       7            12   2               2.008         2
       8            14   1              11.298         9
       9            14   2               5.859         6
      10            14   3               1.006         1
      11            16   1              10.276         9
      12            16   2               5.659         4
      13            16   3               9.527         9
      14            20   1               2.677         1
      15            20   2               3.692         2
      16            22   1              65.365        21
      17            22   2              87.371        28
      18            22   3              25.708        21
      19            24   1              31.779         7
      20            24   2              22.071         6
      21            24   3              33.348        25
      22            26   1              55.838        25
      23            26   2              71.773        30
      24            26   3              29.875        25
      25            27   1              58.957        28
      26            27   2              54.190        21
      27            27   3              30.831        28
      28            28   1              39.279        21
      29            28   2              21.070        10
      30            28   3              20.820        21
 31 11
       1             6   1              10.293         9
       2             6   2               5.993         6
       3             6   3               1.005         1
       4             8   1               9.477         9
       5             8   2               4.272         4
       6            12   1               1.394         1
       7            12   2               2.005         2
       8            14   1              11.130         9
       9            14   2               5.849         6
      10            14   3               1.004         1
      11            16   1              10.175         9
      12            16   2               5.494         4
      13            16   3               9.414         9
      14            20   1               2.389         1
      15            20   2               3.543         2
      16            22   1              61.253        21
      17            22   2              84.772        28
      18            22   3              25.292        21
      19            24   1              28.850         7
      20            24   2              20.005         6
      21            24   3              32.140        25
      22            26   1              52.542        25
      23            26   2              68.908        30
      24            26   3              28.952        25
      25            27   1              56.522        28
      26            27   2              52.088        21
      27            27   3              30.053        28
      28            28   1              38.490        21
      29            28   2              20.152        10
      30            28   3              20.472        21
 31 12
       1             6   1              10.164         9
       2             6   2               5.982         6
       3             6   3               1.003         1
       4             8   1               9.395         9
       5             8   2               4.213         4
       6            12   1               1.299         1
       7            12   2               2.003         2
       8            14   1              10.947         9
       9            14   2               5.838         6
      10            14   3               1.003         1
      11            16   1              10.048         9
      12            16   2               5.297         4
      13            16   3               9.270         9
      14            20   1               2.113         1
      15            20   2               3.364         2
      16            22   1              56.680        21
      17            22   2              81.587        28
      18            22   3              24.778        21
      19            24   1              25.653         7
      20            24   2              17.687         6
      21            24   3              30.735        25
      22            26   1              48.845        25
      23            26   2              65.537        30
      24            26   3              27.896        25
      25            27   1              53.709        28
      26            27   2              49.545        21
      27            27   3              29.130        28
      28            28   1              37.607        21
      29            28   2              19.037        10
      30            28   3              20.048        21
 31 13
       1             6   1              10.021         9
       2             6   2               5.972         6
       3             6   3               1.002         1
       4             8   1               9.307         9
       5             8   2               4.157         4
       6            12   1               1.221         1
       7            12   2               2.002         2
       8            14   1              10.759         9
       9            14   2               5.825         6
      10            14   3               1.001         1
      11            16   1               9.903         9
      12            16   2               5.087         4
      13            16   3               9.104         9
      14            20   1               1.875         1
      15            20   2               3.170         2
      16            22   1              52.043        21
      17            22   2              78.033        28
      18            22   3              24.201        21
      19            24   1              22.529         7
      20            24   2              15.385         6
      21            24   3              29.280        25
      22            26   1              45.093        25
      23            26   2              61.969        30
      24            26   3              26.825        25
      25            27   1              50.738        28
      26            27   2              46.758        21
      27            27   3              28.143        28
      28            28   1              36.695        21
      29            28   2              17.811        10
      30            28   3              19.578        21
 31 14
       1             6   1               9.886         9
       2             6   2               5.964         6
       3             6   3               1.001         1
       4             8   1               9.226         9
       5             8   2               4.112         4
       6            12   1               1.163         1
       7            12   2               2.001         2
       8            14   1              10.580         9
       9            14   2               5.811         6
      10            14   3               1.001         1
      11            16   1               9.760         9
      12            16   2               4.898         4
      13            16   3               8.939         9
      14            20   1               1.688         1
      15            20   2               2.991         2
      16            22   1              47.860        21
      17            22   2              74.611        28
      18            22   3              23.647        21
      19            24   1              19.890         7
      20            24   2              13.453         6
      21            24   3              28.002        25
      22            26   1              41.777        25
      23            26   2              58.734        30
      24            26   3              25.903        25
      25            27   1              47.986        28
      26            27   2              44.130        21
      27            27   3              27.242        28
      28            28   1              35.849        21
      29            28   2              16.655        10
      30            28   3              19.128        21
 31 15
       1             6   1               9.765         9
       2             6   2               5.958         6
       3             6   3               1.000         1
       4             8   1               9.155         9
       5             8   2               4.080         4
       6            12   1               1.121         1
       7            12   2               2.001         2
       8            14   1              10.415         9
       9            14   2               5.797         6
      10            14   3               1.000         1
      11            16   1               9.625         9
      12            16   2               4.737         4
      13            16   3               8.784         9
      14            20   1               1.542         1
      15            20   2               2.834         2
      16            22   1              44.228        21
      17            22   2              71.500        28
      18            22   3              23.145        21
      19            24   1              17.770         7
      20            24   2              11.931         6
      21            24   3              26.949        25
      22            26   1              38.982        25
      23            26   2              55.961        30
      24            26   3              25.159        25
      25            27   1              45.550        28
      26            27   2              41.785        21
      27            27   3              26.465        28
      28            28   1              35.088        21
      29            28   2              15.629        10
      30            28   3              18.721        21
 31 16
       1             6   1               9.669         9
       2             6   2               5.954         6
       3             6   3               1.000         1
       4             8   1               9.101         9
       5             8   2               4.059         4
       6            12   1               1.093         1
       7            12   2               2.000         2
       8            14   1              10.280         9
       9            14   2               5.784         6
      10            14   3               1.000         1
      11            16   1               9.515         9
      12            16   2               4.618         4
      13            16   3               8.657         9
      14            20   1               1.438         1
      15            20   2               2.714         2
      16            22   1              41.402        21
      17            22   2              68.999        28
      18            22   3              22.743        21
      19            24   1              16.241         7
      20            24   2              10.859         6
      21            24   3              26.180        25
      22            26   1              36.873        25
      23            26   2              53.837        30
      24            26   3              24.621        25
      25            27   1              43.626        28
      26            27   2              39.925        21
      27            27   3              25.868        28
      28            28   1              34.474        21
      29            28   2              14.824        10
      30            28   3              18.393        21
 31 17
       1             6   1               9.605         9
       2             6   2               5.951         6
       3             6   3               1.000         1
       4             8   1               9.066         9
       5             8   2               4.047         4
       6            12   1               1.076         1
       7            12   2               2.000         2
       8            14   1              10.184         9
       9            14   2               5.775         6
      10            14   3               1.000         1
      11            16   1               9.437         9
      12            16   2               4.541         4
      13            16   3               8.567         9
      14            20   1               1.371         1
      15            20   2               2.635         2
      16            22   1              39.496        21
      17            22   2              67.283        28
      18            22   3              22.469        21
      19            24   1              15.275         7
      20            24   2              10.200         6
      21            24   3              25.691        25
      22            26   1              35.492        25
      23            26   2              52.431        30
      24            26   3              24.283        25
      25            27   1              42.318        28
      26            27   2              38.660        21
      27            27   3              25.471        28
      28            28   1              34.047        21
      29            28   2              14.281        10
      30            28   3              18.168        21
 31 18
       1             6   1               9.558         9
       2             6   2               5.949         6
       3             6   3               1.000         1
       4             8   1               9.041         9
       5             8   2               4.039         4
       6            12   1               1.065         1
       7            12   2               2.000         2
       8            14   1              10.113         9
       9            14   2               5.768         6
      10            14   3               1.000         1
      11            16   1               9.380         9
      12            16   2               4.487         4
      13            16   3               8.500         9
      14            20   1               1.325         1
      15            20   2               2.579         2
      16            22   1              38.120        21
      17            22   2              66.026        28
      18            22   3              22.269        21
      19            24   1              14.609         7
      20            24   2               9.754         6
      21            24   3              25.354        25
      22            26   1              34.514        25
      23            26   2              51.426        30
      24            26   3              24.050        25
      25            27   1              41.366        28
      26            27   2              37.737        21
      27            27   3              25.186        28
      28            28   1              33.731        21
      29            28   2              13.890        10
      30            28   3              18.002        21
 31 19
       1             6   1               9.514         9
       2             6   2               5.947         6
       3             6   3               1.000         1
       4             8   1               9.017         9
       5             8   2               4.032         4
       6            12   1               1.055         1
       7            12   2               2.000         2
       8            14   1              10.043         9
       9            14   2               5.760         6
      10            14   3               1.000         1
      11            16   1               9.325         9
      12            16   2               4.439         4
      13            16   3               8.435         9
      14            20   1               1.284         1
      15            20   2               2.528         2
      16            22   1              36.844        21
      17            22   2              64.822        28
      18            22   3              22.078        21
      19            24   1              14.006         7
      20            24   2               9.355         6
      21            24   3              25.045        25
      22            26   1              33.610        25
      23            26   2              50.478        30
      24            26   3              23.837        25
      25            27   1              40.461        28
      26            27   2              36.854        21
      27            27   3              24.918        28
      28            28   1              33.426        21
      29            28   2              13.519        10
      30            28   3              17.841        21
 31 20
       1             6   1               9.471         9
       2             6   2               5.945         6
       3             6   3               1.000         1
       4             8   1               8.994         9
       5             8   2               4.026         4
       6            12   1               1.047         1
       7            12   2               2.000         2
       8            14   1               9.972         9
       9            14   2               5.753         6
      10            14   3               1.000         1
      11            16   1               9.269         9
      12            16   2               4.392         4
      13            16   3               8.369         9
      14            20   1               1.247         1
      15            20   2               2.477         2
      16            22   1              35.605        21
      17            22   2              63.614        28
      18            22   3              21.887        21
      19            24   1              13.434         7
      20            24   2               8.982         6
      21            24   3              24.751        25
      22            26   1              32.735        25
      23            26   2              49.542        30
      24            26   3              23.634        25
      25            27   1              39.560        28
      26            27   2              35.969        21
      27            27   3              24.653        28
      28            28   1              33.117        21
      29            28   2              13.152        10
      30            28   3              17.679        21
