
     NP4 =     9     ITT =  4     JS = 20      KB = 501 XE1= 0.150

     Day = 19.60     Log Taug = -3.700

     CHL(eV) = 25.0     NC =  5

     WVM1 = 0.2500    WVM2 = 1.2000       KG =  1500

                  LOG R/RS     LOG L/LS         VEL LB          TB

                   4.303       9.480            8250.0       70000.0


                     1.0000



       RADIUS    VELOCITY  DENSITY    MASS    TOT. MASS   NEWMASS NEWTOT. MASS Kin. En.
   1  0.53D+14    193.09  0.19D-12  0.582D-04  0.582D-04  0.152D-02  0.152D-02  0.284D+12
   2  0.46D+15   1699.64  0.12D-12  0.204D-01  0.205D-01  0.508D-01  0.523D-01  0.734D+15
   3  0.76D+15   2779.51  0.82D-13  0.566D-01  0.770D-01  0.808D-01  0.133D+00  0.385D+16
   4  0.10D+16   3736.92  0.58D-13  0.754D-01  0.152D+00  0.907D-01  0.224D+00  0.102D+17
   5  0.12D+16   4553.08  0.43D-13  0.773D-01  0.230D+00  0.910D-01  0.315D+00  0.196D+17
   6  0.15D+16   5334.55  0.32D-13  0.790D-01  0.309D+00  0.943D-01  0.409D+00  0.330D+17
   7  0.17D+16   6153.91  0.24D-13  0.826D-01  0.391D+00  0.986D-01  0.508D+00  0.517D+17
   8  0.19D+16   7036.23  0.17D-13  0.841D-01  0.475D+00  0.115D+00  0.623D+00  0.802D+17
   9  0.22D+16   8256.81  0.11D-13  0.102D+00  0.577D+00  0.105D+00  0.728D+00  0.116D+18
  10  0.25D+16   9216.44  0.86D-14  0.808D-01  0.658D+00  0.891D-01  0.817D+00  0.154D+18
  11  0.28D+16  10159.20  0.72D-14  0.812D-01  0.739D+00  0.101D+00  0.918D+00  0.206D+18
  12  0.31D+16  11337.24  0.49D-14  0.853D-01  0.825D+00  0.882D-01  0.101D+01  0.263D+18
  13  0.34D+16  12358.60  0.33D-14  0.613D-01  0.886D+00  0.721D-01  0.108D+01  0.318D+18
  14  0.37D+16  13539.64  0.32D-14  0.820D-01  0.968D+00  0.716D-01  0.115D+01  0.383D+18
  15  0.39D+16  14262.30  0.31D-14  0.552D-01  0.102D+01  0.653D-01  0.122D+01  0.450D+18
  16  0.41D+16  15158.44  0.27D-14  0.662D-01  0.109D+01  0.985D-01  0.131D+01  0.563D+18
  17  0.46D+16  16746.85  0.54D-15  0.277D-01  0.112D+01  0.555D-01  0.137D+01  0.641D+18
  18  0.57D+16  20745.14  0.64D-16  0.116D-01  0.113D+01  0.989D-02  0.138D+01  0.662D+18
  19  0.61D+16  22490.48  0.20D-16  0.205D-02  0.113D+01  0.109D-02  0.138D+01  0.665D+18
 /, Kin. En. =    51.121343040386641     

      XS      VS        LOG RH      TE       TR       W    SH M    TOTM

      0.98   8429.12    -13.35   8592.27   9546.97  0.397  0.035  0.035
      0.94   8811.75    -13.40   8592.27   9546.97  0.324  0.038  0.074
      0.89   9230.77    -13.45   8592.27   9546.97  0.276  0.041  0.115
      0.85   9691.63    -13.49   8592.27   9546.97  0.238  0.046  0.160
      0.81  10200.93    -13.53   8592.27   9546.97  0.206  0.051  0.211
      0.77  10766.72    -13.61   8592.27   9546.97  0.179  0.052  0.263
      0.72  11398.96    -13.70   8592.27   9546.97  0.155  0.053  0.317
      0.68  12110.09    -13.82   8592.27   9546.97  0.134  0.052  0.369
      0.64  12915.85    -13.86   8592.27   9546.97  0.115  0.061  0.429
      0.60  13836.48    -13.88   8592.27   9546.97  0.099  0.077  0.506
      0.55  14898.42    -13.94   8592.27   9546.97  0.084  0.091  0.597
      0.51  16136.92    -14.39   8592.27   9546.97  0.070  0.044  0.641
      0.47  17600.00    -14.86   8592.27   9546.97  0.058  0.021  0.661
      0.43  19354.84    -15.27   8592.27   9546.97  0.048  0.012  0.673
      0.38  21498.37    -15.80   8592.27   9546.97  0.038  0.005  0.679
      0.34  24175.82    -16.55   8592.27   9546.97  0.030  0.002  0.680
      0.30  27615.06    -17.40   8592.27   9546.97  0.023  0.000  0.681
      0.26  32195.12    -18.37   8592.27   9546.97  0.017  0.000  0.681
      0.21  38596.49    -19.53   8592.27   9546.97  0.012  0.000  0.681
      0.17  48175.18    -20.95   8592.27   9546.97  0.007  0.000  0.681

        XS        VS          LOG RH       TE          TR         W

        0.98     8429.12      -13.35     8592.27     9546.97    0.397
        0.94     8811.75      -13.40     8592.27     9546.97    0.324
        0.89     9230.77      -13.45     8592.27     9546.97    0.276
        0.85     9691.63      -13.49     8592.27     9546.97    0.238
        0.81    10200.93      -13.53     8592.27     9546.97    0.206
        0.77    10766.72      -13.61     8592.27     9546.97    0.179
        0.72    11398.96      -13.70     8592.27     9546.97    0.155
        0.68    12110.09      -13.82     8592.27     9546.97    0.134
        0.64    12915.85      -13.86     8592.27     9546.97    0.115
        0.60    13836.48      -13.88     8592.27     9546.97    0.099
        0.55    14898.42      -13.94     8592.27     9546.97    0.084
        0.51    16136.92      -14.39     8592.27     9546.97    0.070
        0.47    17600.00      -14.86     8592.27     9546.97    0.058
        0.43    19354.84      -15.27     8592.27     9546.97    0.048
        0.38    21498.37      -15.80     8592.27     9546.97    0.038
        0.34    24175.82      -16.55     8592.27     9546.97    0.030
        0.30    27615.06      -17.40     8592.27     9546.97    0.023
        0.26    32195.12      -18.37     8592.27     9546.97    0.017
        0.21    38596.49      -19.53     8592.27     9546.97    0.012
        0.17    48175.18      -20.95     8592.27     9546.97    0.007

     No. of ions =  30            Total No. Included = 53118


         En consv. check   0.729D-14


      NPK        ABS      ESC      event      no event            out of rg

     90000     55850     34150     12194     21956         0         0


                         No. pkts   =   90000
                         Esc to inf =   34150
                         No line ev =       0
  PW(2)=    32834.587294753801       RQ(JS,5)=    32837.879542980278     
  TB=   70000.000000000000       CLP=  3.21135208625751845E-002  CL=  3.04526362212620098E-005

     JP       LP       KP        KJ         L        NUJ        BT        NPK

  1.53037  0.85452  0.49842  0.208E+00   1.09512  0.385E+16   0.0281   1 1.085E+05
  1.05748  0.88522  0.36378  0.245E+00   1.07848  0.410E+16   0.0294   2 8.627E+04
  0.82603  0.89332  0.29816  0.267E+00   1.06953  0.429E+16   0.0308   3 7.703E+04
  0.66290  0.89619  0.25096  0.274E+00   1.06242  0.437E+16   0.0323   4 7.095E+04
  0.54158  0.89561  0.21280  0.281E+00   1.05607  0.442E+16   0.0340   5 6.608E+04
  0.44978  0.89198  0.18128  0.284E+00   1.05024  0.449E+16   0.0359   6 6.240E+04
  0.36524  0.88952  0.15384  0.288E+00   1.04455  0.447E+16   0.0380   7 5.891E+04
  0.29627  0.88569  0.13040  0.294E+00   1.03907  0.452E+16   0.0404   8 5.596E+04
  0.23690  0.88171  0.10909  0.298E+00   1.03332  0.456E+16   0.0431   9 5.264E+04
  0.18696  0.87729  0.08941  0.306E+00   1.02705  0.468E+16   0.0462  10 4.914E+04
  0.13554  0.87898  0.06974  0.325E+00   1.01925  0.493E+16   0.0497  11 4.366E+04
  0.09754  0.87912  0.05494  0.345E+00   1.01314  0.512E+16   0.0538  12 3.960E+04
  0.07017  0.87685  0.04461  0.368E+00   1.00950  0.539E+16   0.0587  13 3.739E+04
  0.05299  0.86809  0.03641  0.372E+00   1.00714  0.544E+16   0.0646  14 3.629E+04
  0.03948  0.85670  0.02929  0.377E+00   1.00537  0.550E+16   0.0717  15 3.562E+04
  0.02943  0.84026  0.02295  0.371E+00   1.00382  0.549E+16   0.0806  16 3.522E+04
  0.02089  0.82080  0.01726  0.368E+00   1.00219  0.553E+16   0.0921  17 3.473E+04
  0.01497  0.78985  0.01237  0.340E+00   1.00079  0.552E+16   0.1074  18 3.436E+04
  0.00912  0.75829  0.00830  0.336E+00   1.00015  0.541E+16   0.1287  19 3.419E+04
  0.00534  0.70399  0.00501  0.299E+00   1.00000  0.523E+16   0.1607  20 3.417E+04
                                      1054.53993

     Scale:  L = 43.063     L+ = 43.501

               TB1 = 12284.1          Log EP0 = 38.546413
  TEMP IT no:           1

   376.8    -24.1770      0.3649   T* =  9547.0   TB = 12283.9

        XS        VS          LOG RH       TE          TR         W

        0.98     8429.12      -13.35    33390.18    37100.20    0.006
        0.94     8811.75      -13.40    34788.64    38654.04    0.004
        0.89     9230.77      -13.45    36187.10    40207.89    0.003
        0.85     9691.63      -13.49    36985.48    41094.98    0.002
        0.81    10200.93      -13.53    37485.07    41650.07    0.002
        0.77    10766.72      -13.61    37808.48    42009.42    0.001
        0.72    11398.96      -13.70    37961.12    42179.02    0.001
        0.68    12110.09      -13.82    38216.99    42463.33    0.001
        0.64    12915.85      -13.86    38731.44    43034.93    0.001
        0.60    13836.48      -13.88    39773.00    44192.22    0.000
        0.55    14898.42      -13.94    41358.14    45953.49    0.000
        0.51    16136.92      -14.39    43130.59    47922.88    0.000
        0.47    17600.00      -14.86    44657.01    49618.90    0.000
        0.43    19354.84      -15.27    45508.03    50564.48    0.000
        0.38    21498.37      -15.80    45851.21    50945.79    0.000
        0.34    24175.82      -16.55    46020.91    51134.34    0.000
        0.30    27615.06      -17.40    46134.85    51260.95    0.000
        0.26    32195.12      -18.37    45948.82    51054.25    0.000
        0.21    38596.49      -19.53    45137.24    50152.48    0.000
        0.17    48175.18      -20.95    44325.65    49250.72    0.000

         En consv. check   0.133D-14


      NPK        ABS      ESC      event      no event            out of rg

     90000     30128     59872        83     59789         0         0


                         No. pkts   =   90000
                         Esc to inf =   59872
                         No line ev =       0
  PW(2)=    58290.168059688571       RQ(JS,5)=    58290.168059688571     
  TB=   12283.879530357341       CLP=  3.04535522218017212E-005  CL=  1.71555518415388627E-005

     JP       LP       KP        KJ         L        NUJ        BT        NPK

  0.89963  0.90938  0.30338  0.230E+00   1.05300  0.959E+15   0.0281   1 1.171E+05
  0.76363  0.90785  0.26829  0.225E+00   1.04885  0.955E+15   0.0294   2 1.115E+05
  0.63231  0.90802  0.23450  0.225E+00   1.04451  0.948E+15   0.0308   3 1.058E+05
  0.53673  0.90486  0.20382  0.219E+00   1.04013  0.941E+15   0.0323   4 1.005E+05
  0.44357  0.90334  0.17513  0.219E+00   1.03553  0.945E+15   0.0340   5 9.504E+04
  0.36441  0.90136  0.14967  0.220E+00   1.03097  0.941E+15   0.0359   6 8.980E+04
  0.29724  0.89893  0.12730  0.216E+00   1.02646  0.937E+15   0.0380   7 8.486E+04
  0.23966  0.89627  0.10833  0.216E+00   1.02222  0.934E+15   0.0404   8 8.089E+04
  0.19631  0.89095  0.09175  0.209E+00   1.01805  0.922E+15   0.0431   9 7.741E+04
  0.15613  0.88657  0.07591  0.209E+00   1.01327  0.928E+15   0.0462  10 7.296E+04
  0.11861  0.88425  0.06110  0.203E+00   1.00791  0.918E+15   0.0497  11 6.761E+04
  0.08571  0.88393  0.04945  0.195E+00   1.00364  0.908E+15   0.0538  12 6.296E+04
  0.06321  0.87999  0.04129  0.195E+00   1.00160  0.906E+15   0.0587  13 6.102E+04
  0.04818  0.87126  0.03444  0.193E+00   1.00065  0.902E+15   0.0646  14 6.030E+04
  0.03649  0.85953  0.02820  0.186E+00   1.00022  0.893E+15   0.0717  15 6.002E+04
  0.02725  0.84401  0.02241  0.181E+00   1.00004  0.884E+15   0.0806  16 5.990E+04
  0.01982  0.82359  0.01713  0.174E+00   1.00001  0.873E+15   0.0921  17 5.988E+04
  0.01381  0.79638  0.01241  0.164E+00   1.00000  0.857E+15   0.1074  18 5.987E+04
  0.00901  0.75889  0.00835  0.152E+00   1.00000  0.836E+15   0.1287  19 5.987E+04
  0.00530  0.70434  0.00504  0.133E+00   1.00000  0.805E+15   0.1607  20 5.987E+04
                                         1.77514

     Scale:  L = 43.063     L+ = 43.251

               TB1 = 10642.1          Log EP0 = 38.297150
  TEMP IT no:           2

    52.2    -24.1770      0.6477   T* =  9547.0   TB = 10642.1

        XS        VS          LOG RH       TE          TR         W

        0.98     8429.12      -13.35    17644.71    19605.24    0.049
        0.94     8811.75      -13.40    17967.38    19963.75    0.040
        0.89     9230.77      -13.45    18290.04    20322.27    0.031
        0.85     9691.63      -13.49    18517.07    20574.53    0.025
        0.81    10200.93      -13.53    18670.52    20745.03    0.020
        0.77    10766.72      -13.61    18752.67    20836.30    0.016
        0.72    11398.96      -13.70    18790.71    20878.57    0.013
        0.68    12110.09      -13.82    18838.25    20931.39    0.011
        0.64    12915.85      -13.86    18971.60    21079.56    0.008
        0.60    13836.48      -13.88    19263.99    21404.44    0.006
        0.55    14898.42      -13.94    19665.56    21850.62    0.004
        0.51    16136.92      -14.39    20101.40    22334.89    0.003
        0.47    17600.00      -14.86    20489.61    22766.23    0.002
        0.43    19354.84      -15.27    20718.81    23020.90    0.001
        0.38    21498.37      -15.80    20786.11    23095.67    0.001
        0.34    24175.82      -16.55    20771.36    23079.29    0.001
        0.30    27615.06      -17.40    20695.19    22994.66    0.001
        0.26    32195.12      -18.37    20491.10    22767.89    0.000
        0.21    38596.49      -19.53    20120.47    22356.08    0.000
        0.17    48175.18      -20.95    19749.84    21944.26    0.000

         En consv. check  -0.519D-14


      NPK        ABS      ESC      event      no event            out of rg

     90000     34371     55629     15001     40628         0         0


                         No. pkts   =   90000
                         Esc to inf =   55629
                         No line ev =       0
  PW(2)=    53992.908606432946       RQ(JS,5)=    53992.908606432946     
  TB=   10642.097470946415       CLP=  1.71555518415389304E-005  CL=  1.85209507287195081E-005

     JP       LP       KP        KJ         L        NUJ        BT        NPK

  0.99547  0.90223  0.34191  0.303E+00   1.06163  0.100E+16   0.0281   1 1.214E+05
  0.82060  0.90383  0.29789  0.301E+00   1.05646  0.101E+16   0.0294   2 1.141E+05
  0.69521  0.90149  0.25857  0.297E+00   1.05140  0.101E+16   0.0308   3 1.078E+05
  0.57738  0.90036  0.22253  0.301E+00   1.04623  0.103E+16   0.0323   4 1.015E+05
  0.47614  0.89895  0.18993  0.283E+00   1.04100  0.101E+16   0.0340   5 9.540E+04
  0.38539  0.89823  0.16117  0.273E+00   1.03578  0.995E+15   0.0359   6 8.966E+04
  0.31697  0.89485  0.13639  0.264E+00   1.03076  0.985E+15   0.0380   7 8.453E+04
  0.25551  0.89207  0.11548  0.260E+00   1.02604  0.981E+15   0.0404   8 8.015E+04
  0.21109  0.88569  0.09690  0.250E+00   1.02121  0.966E+15   0.0431   9 7.616E+04
  0.16486  0.88268  0.07980  0.240E+00   1.01594  0.946E+15   0.0462  10 7.155E+04
  0.12278  0.88192  0.06376  0.219E+00   1.01001  0.923E+15   0.0497  11 6.563E+04
  0.08847  0.88179  0.05122  0.205E+00   1.00523  0.896E+15   0.0538  12 6.073E+04
  0.06527  0.87772  0.04227  0.177E+00   1.00258  0.844E+15   0.0587  13 5.806E+04
  0.04846  0.87069  0.03481  0.151E+00   1.00100  0.793E+15   0.0646  14 5.645E+04
  0.03643  0.85947  0.02832  0.136E+00   1.00026  0.765E+15   0.0717  15 5.582E+04
  0.02717  0.84407  0.02247  0.127E+00   1.00003  0.749E+15   0.0806  16 5.564E+04
  0.01978  0.82362  0.01716  0.120E+00   1.00000  0.737E+15   0.0921  17 5.563E+04
  0.01379  0.79639  0.01242  0.116E+00   1.00000  0.722E+15   0.1074  18 5.563E+04
  0.00900  0.75889  0.00836  0.106E+00   1.00000  0.704E+15   0.1287  19 5.563E+04
  0.00530  0.70434  0.00504  0.923E-01   1.00000  0.677E+15   0.1607  20 5.563E+04
                                         0.92628

     Scale:  L = 43.063     L+ = 43.285

               TB1 = 10847.8          Log EP0 = 38.330408
  TEMP IT no:           3

    33.7    -24.1770      0.5999   T* =  9547.0   TB = 10847.8

        XS        VS          LOG RH       TE          TR         W

        0.98     8429.12      -13.35    13237.88    14708.75    0.171
        0.94     8811.75      -13.40    13369.03    14854.47    0.143
        0.89     9230.77      -13.45    13500.18    15000.20    0.115
        0.85     9691.63      -13.49    13581.50    15090.55    0.093
        0.81    10200.93      -13.53    13555.89    15062.10    0.077
        0.77    10766.72      -13.61    13479.20    14976.89    0.064
        0.72    11398.96      -13.70    13423.96    14915.51    0.053
        0.68    12110.09      -13.82    13378.52    14865.02    0.044
        0.64    12915.85      -13.86    13317.05    14796.72    0.036
        0.60    13836.48      -13.88    13247.52    14719.46    0.029
        0.55    14898.42      -13.94    13178.25    14642.49    0.022
        0.51    16136.92      -14.39    13047.49    14497.21    0.017
        0.47    17600.00      -14.86    12796.30    14218.11    0.013
        0.43    19354.84      -15.27    12504.81    13894.23    0.011
        0.38    21498.37      -15.80    12288.05    13653.39    0.009
        0.34    24175.82      -16.55    12144.40    13493.78    0.007
        0.30    27615.06      -17.40    12008.95    13343.28    0.005
        0.26    32195.12      -18.37    11826.39    13140.44    0.004
        0.21    38596.49      -19.53    11572.18    12857.98    0.003
        0.17    48175.18      -20.95    11317.96    12575.52    0.002

         En consv. check  -0.150D-13


      NPK        ABS      ESC      event      no event            out of rg

     90000     49362     40638     16917     23721         0         0


                         No. pkts   =   90000
                         Esc to inf =   40638
                         No line ev =       0
  PW(2)=    38553.157850185795       RQ(JS,5)=    38553.157850185795     
  TB=   10847.805213552458       CLP=  1.85209507287196097E-005  CL=  2.59382124775851731E-005

     JP       LP       KP        KJ         L        NUJ        BT        NPK

  1.68141  0.86104  0.56794  0.383E+00   1.12758  0.106E+16   0.0281   1 1.439E+05
  1.45032  0.85506  0.50778  0.407E+00   1.12037  0.110E+16   0.0294   2 1.409E+05
  1.22519  0.85150  0.44008  0.419E+00   1.11117  0.111E+16   0.0308   3 1.346E+05
  1.02985  0.84726  0.37488  0.425E+00   1.10113  0.112E+16   0.0323   4 1.269E+05
  0.84952  0.84476  0.31454  0.424E+00   1.09048  0.112E+16   0.0340   5 1.183E+05
  0.67648  0.84644  0.25735  0.418E+00   1.07879  0.110E+16   0.0359   6 1.083E+05
  0.53842  0.84605  0.20897  0.401E+00   1.06737  0.108E+16   0.0380   7 9.853E+04
  0.42854  0.84361  0.16969  0.391E+00   1.05670  0.107E+16   0.0404   8 9.036E+04
  0.32964  0.84383  0.13641  0.372E+00   1.04612  0.104E+16   0.0431   9 8.209E+04
  0.24630  0.84540  0.10563  0.358E+00   1.03436  0.101E+16   0.0462  10 7.229E+04
  0.16306  0.85828  0.07699  0.297E+00   1.02106  0.926E+15   0.0497  11 5.993E+04
  0.10057  0.87299  0.05491  0.208E+00   1.00944  0.806E+15   0.0538  12 4.836E+04
  0.06854  0.87490  0.04341  0.128E+00   1.00446  0.704E+15   0.0587  13 4.385E+04
  0.05013  0.86870  0.03540  0.878E-01   1.00222  0.654E+15   0.0646  14 4.213E+04
  0.03693  0.85870  0.02849  0.532E-01   1.00083  0.605E+15   0.0717  15 4.110E+04
  0.02733  0.84375  0.02253  0.389E-01   1.00032  0.582E+15   0.0806  16 4.079E+04
  0.01988  0.82327  0.01718  0.344E-01   1.00016  0.570E+15   0.0921  17 4.073E+04
  0.01380  0.79635  0.01242  0.279E-01   1.00004  0.551E+15   0.1074  18 4.065E+04
  0.00900  0.75886  0.00836  0.244E-01   1.00000  0.536E+15   0.1287  19 4.064E+04
  0.00530  0.70433  0.00504  0.193E-01   1.00000  0.515E+15   0.1607  20 4.064E+04
                                         0.71404

     Scale:  L = 43.063     L+ = 43.431

               TB1 = 11800.8          Log EP0 = 38.476685
  TEMP IT no:           4

    17.6    -24.1770      0.4284   T* =  9547.0   TB = 11800.8

        XS        VS          LOG RH       TE          TR         W

        0.98     8429.12      -13.35    12461.11    13845.68    0.375
        0.94     8811.75      -13.40    12633.38    14037.09    0.313
        0.89     9230.77      -13.45    12805.65    14228.50    0.251
        0.85     9691.63      -13.49    12871.52    14301.69    0.205
        0.81    10200.93      -13.53    12841.73    14268.59    0.170
        0.77    10766.72      -13.61    12724.10    14137.89    0.142
        0.72    11398.96      -13.70    12564.66    13960.74    0.119
        0.68    12110.09      -13.82    12390.53    13767.26    0.099
        0.64    12915.85      -13.86    12184.72    13538.57    0.082
        0.60    13836.48      -13.88    11842.87    13158.74    0.067
        0.55    14898.42      -13.94    11191.00    12434.44    0.056
        0.51    16136.92      -14.39    10301.29    11445.88    0.050
        0.47    17600.00      -14.86     9493.12    10547.91    0.047
        0.43    19354.84      -15.27     8919.45     9910.51    0.043
        0.38    21498.37      -15.80     8517.84     9464.27    0.039
        0.34    24175.82      -16.55     8259.32     9177.02    0.032
        0.30    27615.06      -17.40     8085.23     8983.59    0.025
        0.26    32195.12      -18.37     7900.64     8778.48    0.019
        0.21    38596.49      -19.53     7689.90     8544.33    0.014
        0.17    48175.18      -20.95     7479.16     8310.18    0.009

         En consv. check   0.210D-14


      NPK        ABS      ESC      event      no event            out of rg

     90000     52085     37915     17253     20662         0         0


                         No. pkts   =   90000
                         Esc to inf =   37915
                         No line ev =       0
  PW(2)=    35940.181016194903       RQ(JS,5)=    35940.181016194903     
  TB=   11800.789676032431       CLP=  2.59382124775852510E-005  CL=  2.78240112243561816E-005

     JP       LP       KP        KJ         L        NUJ        BT        NPK

  1.78814  0.85154  0.59888  0.335E+00   1.13425  0.108E+16   0.0281   1 1.415E+05
  1.56074  0.84276  0.53434  0.358E+00   1.12644  0.111E+16   0.0294   2 1.386E+05
  1.29586  0.84265  0.45945  0.362E+00   1.11621  0.111E+16   0.0308   3 1.309E+05
  1.08960  0.83822  0.38811  0.360E+00   1.10510  0.111E+16   0.0323   4 1.226E+05
  0.88307  0.83901  0.32146  0.354E+00   1.09316  0.110E+16   0.0340   5 1.130E+05
  0.68790  0.84465  0.26117  0.343E+00   1.08074  0.108E+16   0.0359   6 1.023E+05
  0.55914  0.84086  0.21250  0.334E+00   1.06921  0.106E+16   0.0380   7 9.354E+04
  0.42656  0.84495  0.17000  0.321E+00   1.05748  0.104E+16   0.0404   8 8.443E+04
  0.33034  0.84419  0.13617  0.298E+00   1.04668  0.101E+16   0.0431   9 7.651E+04
  0.23983  0.84949  0.10373  0.267E+00   1.03411  0.956E+15   0.0462  10 6.634E+04
  0.16051  0.86075  0.07574  0.210E+00   1.02107  0.869E+15   0.0497  11 5.515E+04
  0.10208  0.87246  0.05543  0.136E+00   1.01058  0.762E+15   0.0538  12 4.584E+04
  0.07066  0.87316  0.04381  0.858E-01   1.00542  0.691E+15   0.0587  13 4.165E+04
  0.05093  0.86791  0.03542  0.514E-01   1.00261  0.638E+15   0.0646  14 3.959E+04
  0.03735  0.85814  0.02845  0.259E-01   1.00098  0.599E+15   0.0717  15 3.845E+04
  0.02749  0.84353  0.02245  0.174E-01   1.00030  0.579E+15   0.0806  16 3.803E+04
  0.01990  0.82335  0.01712  0.124E-01   1.00009  0.565E+15   0.0921  17 3.795E+04
  0.01383  0.79630  0.01240  0.104E-01   1.00000  0.552E+15   0.1074  18 3.792E+04
  0.00902  0.75886  0.00835  0.893E-02   1.00000  0.536E+15   0.1287  19 3.792E+04
  0.00530  0.70432  0.00503  0.642E-02   1.00000  0.515E+15   0.1607  20 3.792E+04
                                         0.93222

     Scale:  L = 43.063     L+ = 43.461

               TB1 = 12009.7          Log EP0 = 38.507165
  TEMP IT no:           5

     8.3    -24.1770      0.3993   T* =  9547.0   TB = 12009.7

        XS        VS          LOG RH       TE          TR         W

        0.98     8429.12      -13.35    12347.20    13719.11    0.419
        0.94     8811.75      -13.40    12455.84    13839.82    0.353
        0.89     9230.77      -13.45    12564.48    13960.53    0.287
        0.85     9691.63      -13.49    12572.89    13969.88    0.237
        0.81    10200.93      -13.53    12484.72    13871.91    0.198
        0.77    10766.72      -13.61    12321.44    13690.49    0.166
        0.72    11398.96      -13.70    12132.42    13480.46    0.140
        0.68    12110.09      -13.82    11903.95    13226.61    0.117
        0.64    12915.85      -13.86    11570.28    12855.87    0.100
        0.60    13836.48      -13.88    11010.78    12234.20    0.088
        0.55    14898.42      -13.94    10157.97    11286.63    0.082
        0.51    16136.92      -14.39     9180.34    10200.38    0.081
        0.47    17600.00      -14.86     8352.11     9280.12    0.081
        0.43    19354.84      -15.27     7750.26     8611.40    0.078
        0.38    21498.37      -15.80     7330.92     8145.47    0.071
        0.34    24175.82      -16.55     7064.80     7849.78    0.061
        0.30    27615.06      -17.40     6883.13     7647.92    0.049
        0.26    32195.12      -18.37     6716.21     7462.45    0.037
        0.21    38596.49      -19.53     6527.98     7253.31    0.027
        0.17    48175.18      -20.95     6339.75     7044.17    0.017

         En consv. check   0.200D-13


      NPK        ABS      ESC      event      no event            out of rg

     90000     52327     37673     18375     19298         0         0


                         No. pkts   =   90000
                         Esc to inf =   37673
                         No line ev =       0
  PW(2)=    35544.945783766525       RQ(JS,5)=    35544.945783766525     
  TB=   12009.667789203164       CLP=  2.78240112243561985E-005  CL=  2.81333950003294928E-005

     JP       LP       KP        KJ         L        NUJ        BT        NPK

  1.76982  0.85845  0.59919  0.327E+00   1.13905  0.108E+16   0.0281   1 1.400E+05
  1.52610  0.85220  0.52848  0.340E+00   1.13047  0.110E+16   0.0294   2 1.352E+05
  1.28703  0.84889  0.45525  0.339E+00   1.12045  0.110E+16   0.0308   3 1.286E+05
  1.07471  0.84582  0.38652  0.345E+00   1.10978  0.110E+16   0.0323   4 1.206E+05
  0.87166  0.84643  0.31913  0.335E+00   1.09774  0.109E+16   0.0340   5 1.109E+05
  0.69284  0.84855  0.25971  0.318E+00   1.08550  0.106E+16   0.0359   6 1.008E+05
  0.54425  0.85038  0.21036  0.304E+00   1.07382  0.104E+16   0.0380   7 9.154E+04
  0.42678  0.85015  0.17060  0.282E+00   1.06298  0.101E+16   0.0404   8 8.376E+04
  0.33371  0.84793  0.13772  0.265E+00   1.05253  0.980E+15   0.0431   9 7.658E+04
  0.25266  0.84769  0.10826  0.237E+00   1.04135  0.934E+15   0.0462  10 6.882E+04
  0.17827  0.85351  0.08062  0.189E+00   1.02852  0.865E+15   0.0497  11 5.884E+04
  0.11692  0.86362  0.05911  0.135E+00   1.01701  0.789E+15   0.0538  12 4.931E+04
  0.08051  0.86501  0.04621  0.956E-01   1.01037  0.729E+15   0.0587  13 4.466E+04
  0.05594  0.86235  0.03640  0.613E-01   1.00556  0.673E+15   0.0646  14 4.132E+04
  0.03922  0.85547  0.02856  0.281E-01   1.00218  0.616E+15   0.0717  15 3.894E+04
  0.02812  0.84242  0.02233  0.136E-01   1.00063  0.584E+15   0.0806  16 3.799E+04
  0.02008  0.82314  0.01701  0.734E-02   1.00015  0.563E+15   0.0921  17 3.772E+04
  0.01391  0.79616  0.01234  0.618E-02   1.00003  0.550E+15   0.1074  18 3.768E+04
  0.00905  0.75880  0.00832  0.537E-02   1.00000  0.534E+15   0.1287  19 3.767E+04
  0.00531  0.70430  0.00502  0.437E-02   1.00000  0.513E+15   0.1607  20 3.767E+04
                                         0.98900

     Scale:  L = 43.063     L+ = 43.466

               TB1 = 12042.9          Log EP0 = 38.511967
  TEMP IT no:           6

     2.8    -24.1770      0.3949   T* =  9547.0   TB = 12042.9

        XS        VS          LOG RH       TE          TR         W

        0.98     8429.12      -13.35    12283.11    13647.90    0.421
        0.94     8811.75      -13.40    12358.44    13731.60    0.358
        0.89     9230.77      -13.45    12433.76    13815.29    0.295
        0.85     9691.63      -13.49    12422.71    13803.01    0.246
        0.81    10200.93      -13.53    12290.40    13656.00    0.208
        0.77    10766.72      -13.61    12074.70    13416.33    0.178
        0.72    11398.96      -13.70    11820.09    13133.43    0.153
        0.68    12110.09      -13.82    11515.75    12795.28    0.133
        0.64    12915.85      -13.86    11143.65    12381.84    0.118
        0.60    13836.48      -13.88    10604.79    11783.10    0.108
        0.55    14898.42      -13.94     9849.81    10944.23    0.102
        0.51    16136.92      -14.39     9022.44    10024.94    0.098
        0.47    17600.00      -14.86     8283.27     9203.63    0.094
        0.43    19354.84      -15.27     7647.88     8497.65    0.090
        0.38    21498.37      -15.80     7119.89     7910.99    0.084
        0.34    24175.82      -16.55     6755.15     7505.72    0.074
        0.30    27615.06      -17.40     6523.72     7248.58    0.061
        0.26    32195.12      -18.37     6345.26     7050.29    0.047
        0.21    38596.49      -19.53     6160.86     6845.40    0.034
        0.17    48175.18      -20.95     5976.46     6640.52    0.022

         En consv. check  -0.156D-13


      NPK        ABS      ESC      event      no event            out of rg

     90000     52253     37747     18664     19083         0         0


                         No. pkts   =   90000
                         Esc to inf =   37747
                         No line ev =       0
  PW(2)=    35659.493748747111       RQ(JS,5)=    35659.493748747111     
  TB=   12042.914280833524       CLP=  2.81333950003295877E-005  CL=  2.80430229056500489E-005

     JP       LP       KP        KJ         L        NUJ        BT        NPK

  1.75372  0.85841  0.59412  0.324E+00   1.13652  0.108E+16   0.0281   1 1.393E+05
  1.49712  0.85428  0.51936  0.335E+00   1.12743  0.109E+16   0.0294   2 1.333E+05
  1.27208  0.84954  0.44867  0.338E+00   1.11778  0.109E+16   0.0308   3 1.267E+05
  1.04951  0.84883  0.37594  0.325E+00   1.10641  0.108E+16   0.0323   4 1.177E+05
  0.85423  0.84876  0.31376  0.318E+00   1.09532  0.107E+16   0.0340   5 1.090E+05
  0.67695  0.85137  0.25409  0.306E+00   1.08306  0.104E+16   0.0359   6 9.861E+04
  0.52962  0.85382  0.20646  0.290E+00   1.07187  0.102E+16   0.0380   7 8.975E+04
  0.41219  0.85472  0.16687  0.266E+00   1.06118  0.986E+15   0.0404   8 8.154E+04
  0.32344  0.85206  0.13449  0.242E+00   1.05096  0.951E+15   0.0431   9 7.462E+04
  0.24961  0.84937  0.10711  0.221E+00   1.04085  0.922E+15   0.0462  10 6.792E+04
  0.17656  0.85485  0.07966  0.171E+00   1.02812  0.846E+15   0.0497  11 5.808E+04
  0.11585  0.86488  0.05892  0.124E+00   1.01723  0.784E+15   0.0538  12 4.925E+04
  0.08027  0.86571  0.04626  0.876E-01   1.01088  0.727E+15   0.0587  13 4.470E+04
  0.05682  0.86146  0.03660  0.565E-01   1.00621  0.677E+15   0.0646  14 4.162E+04
  0.04035  0.85348  0.02885  0.377E-01   1.00295  0.631E+15   0.0717  15 3.960E+04
  0.02833  0.84195  0.02236  0.161E-01   1.00081  0.589E+15   0.0806  16 3.817E+04
  0.02015  0.82289  0.01702  0.768E-02   1.00022  0.567E+15   0.0921  17 3.784E+04
  0.01393  0.79611  0.01234  0.492E-02   1.00004  0.552E+15   0.1074  18 3.776E+04
  0.00905  0.75879  0.00832  0.435E-02   1.00000  0.536E+15   0.1287  19 3.775E+04
  0.00531  0.70429  0.00502  0.330E-02   1.00000  0.515E+15   0.1607  20 3.775E+04
                                         1.00322

     Scale:  L = 43.063     L+ = 43.465

               TB1 = 12033.2          Log EP0 = 38.510570
  TEMP IT no:           7

     1.3    -24.1770      0.3962   T* =  9547.0   TB = 12033.2

        XS        VS          LOG RH       TE          TR         W

        0.98     8429.12      -13.35    12283.61    13648.45    0.417
        0.94     8811.75      -13.40    12302.19    13669.10    0.359
        0.89     9230.77      -13.45    12320.77    13689.74    0.301
        0.85     9691.63      -13.49    12246.71    13607.46    0.255
        0.81    10200.93      -13.53    12087.51    13430.57    0.218
        0.77    10766.72      -13.61    11857.08    13174.53    0.187
        0.72    11398.96      -13.70    11573.27    12859.19    0.162
        0.68    12110.09      -13.82    11228.41    12476.01    0.142
        0.64    12915.85      -13.86    10843.57    12048.41    0.128
        0.60    13836.48      -13.88    10345.95    11495.50    0.117
        0.55    14898.42      -13.94     9650.79    10723.11    0.110
        0.51    16136.92      -14.39     8907.77     9897.52    0.102
        0.47    17600.00      -14.86     8242.71     9158.57    0.096
        0.43    19354.84      -15.27     7651.99     8502.22    0.091
        0.38    21498.37      -15.80     7134.36     7927.07    0.085
        0.34    24175.82      -16.55     6722.38     7469.31    0.076
        0.30    27615.06      -17.40     6447.34     7163.71    0.064
        0.26    32195.12      -18.37     6255.11     6950.13    0.050
        0.21    38596.49      -19.53     6065.95     6739.94    0.037
        0.17    48175.18      -20.95     5876.78     6529.75    0.023

         En consv. check  -0.487D-14


      NPK        ABS      ESC      event      no event            out of rg

     90000     52376     37624     18863     18761         0         0


                         No. pkts   =   90000
                         Esc to inf =   37624
                         No line ev =       0
  PW(2)=    35522.180512178275       RQ(JS,5)=    35522.180512178275     
  TB=   12033.231332224310       CLP=  2.80430229056501980E-005  CL=  2.81514249852191442E-005

     JP       LP       KP        KJ         L        NUJ        BT        NPK

  1.80499  0.85328  0.60308  0.322E+00   1.13847  0.108E+16   0.0281   1 1.409E+05
  1.50879  0.85354  0.52215  0.331E+00   1.12863  0.109E+16   0.0294   2 1.336E+05
  1.26378  0.85165  0.44697  0.332E+00   1.11835  0.109E+16   0.0308   3 1.258E+05
  1.03613  0.85217  0.37336  0.327E+00   1.10690  0.108E+16   0.0323   4 1.162E+05
  0.83490  0.85388  0.30749  0.310E+00   1.09513  0.105E+16   0.0340   5 1.066E+05
  0.66909  0.85453  0.25237  0.297E+00   1.08388  0.103E+16   0.0359   6 9.757E+04
  0.53241  0.85426  0.20543  0.273E+00   1.07283  0.998E+15   0.0380   7 8.901E+04
  0.42038  0.85306  0.16773  0.257E+00   1.06267  0.971E+15   0.0404   8 8.202E+04
  0.32769  0.85142  0.13553  0.225E+00   1.05255  0.932E+15   0.0431   9 7.495E+04
  0.25266  0.84871  0.10832  0.210E+00   1.04241  0.905E+15   0.0462  10 6.855E+04
  0.18122  0.85249  0.08109  0.179E+00   1.02973  0.856E+15   0.0497  11 5.906E+04
  0.11745  0.86398  0.05946  0.127E+00   1.01811  0.786E+15   0.0538  12 4.960E+04
  0.08041  0.86585  0.04622  0.886E-01   1.01113  0.726E+15   0.0587  13 4.459E+04
  0.05782  0.86029  0.03667  0.716E-01   1.00655  0.688E+15   0.0646  14 4.172E+04
  0.04040  0.85357  0.02888  0.349E-01   1.00318  0.630E+15   0.0717  15 3.954E+04
  0.02842  0.84183  0.02237  0.144E-01   1.00097  0.588E+15   0.0806  16 3.811E+04
  0.02024  0.82264  0.01701  0.736E-02   1.00028  0.567E+15   0.0921  17 3.774E+04
  0.01397  0.79591  0.01232  0.441E-02   1.00004  0.550E+15   0.1074  18 3.764E+04
  0.00906  0.75877  0.00831  0.381E-02   1.00000  0.534E+15   0.1287  19 3.762E+04
  0.00532  0.70429  0.00502  0.310E-02   1.00000  0.513E+15   0.1607  20 3.762E+04
                                         0.99615

     Scale:  L = 43.063     L+ = 43.466

               TB1 = 12044.8          Log EP0 = 38.512245
  TEMP IT no:           8

     0.8    -24.1770      0.3947   T* =  9547.0   TB = 12044.8

        XS        VS          LOG RH       TE          TR         W

        0.98     8429.12      -13.35    12261.54    13623.93    0.430
        0.94     8811.75      -13.40    12253.06    13614.51    0.368
        0.89     9230.77      -13.45    12244.58    13605.09    0.307
        0.85     9691.63      -13.49    12130.55    13478.39    0.261
        0.81    10200.93      -13.53    11924.97    13249.97    0.226
        0.77    10766.72      -13.61    11658.57    12953.97    0.198
        0.72    11398.96      -13.70    11348.59    12609.55    0.175
        0.68    12110.09      -13.82    11001.21    12223.57    0.157
        0.64    12915.85      -13.86    10621.93    11802.15    0.141
        0.60    13836.48      -13.88    10186.43    11318.25    0.126
        0.55    14898.42      -13.94     9603.02    10670.02    0.114
        0.51    16136.92      -14.39     8898.70     9887.44    0.104
        0.47    17600.00      -14.86     8250.94     9167.71    0.096
        0.43    19354.84      -15.27     7691.29     8545.88    0.090
        0.38    21498.37      -15.80     7151.47     7946.08    0.085
        0.34    24175.82      -16.55     6709.64     7455.16    0.077
        0.30    27615.06      -17.40     6423.15     7136.84    0.065
        0.26    32195.12      -18.37     6217.48     6908.31    0.051
        0.21    38596.49      -19.53     6022.35     6691.50    0.038
        0.17    48175.18      -20.95     5827.22     6474.69    0.024

         En consv. check  -0.110D-13


      NPK        ABS      ESC      event      no event            out of rg

     90000     52183     37817     19152     18665         0         0


                         No. pkts   =   90000
                         Esc to inf =   37817
                         No line ev =       0
  PW(2)=    35733.601603875890       RQ(JS,5)=    35733.601603875890     
  TB=   12044.843317470582       CLP=  2.81514249852192323E-005  CL=  2.79848645285040003E-005

     JP       LP       KP        KJ         L        NUJ        BT        NPK

  1.75846  0.85664  0.59510  0.320E+00   1.13543  0.108E+16   0.0281   1 1.396E+05
  1.48986  0.85408  0.51611  0.327E+00   1.12581  0.108E+16   0.0294   2 1.325E+05
  1.22559  0.85573  0.43547  0.324E+00   1.11476  0.107E+16   0.0308   3 1.230E+05
  1.02579  0.85242  0.36690  0.326E+00   1.10414  0.107E+16   0.0323   4 1.147E+05
  0.81226  0.85717  0.30179  0.301E+00   1.09251  0.104E+16   0.0340   5 1.048E+05
  0.65096  0.85776  0.24743  0.293E+00   1.08146  0.102E+16   0.0359   6 9.576E+04
  0.51392  0.85869  0.20043  0.270E+00   1.07044  0.989E+15   0.0380   7 8.706E+04
  0.40527  0.85767  0.16385  0.246E+00   1.06067  0.964E+15   0.0404   8 8.009E+04
  0.32624  0.85154  0.13408  0.223E+00   1.05145  0.930E+15   0.0431   9 7.446E+04
  0.24644  0.85165  0.10604  0.195E+00   1.04093  0.889E+15   0.0462  10 6.728E+04
  0.17576  0.85589  0.07987  0.157E+00   1.02879  0.833E+15   0.0497  11 5.820E+04
  0.11934  0.86231  0.05926  0.126E+00   1.01782  0.786E+15   0.0538  12 4.976E+04
  0.08061  0.86558  0.04615  0.850E-01   1.01100  0.726E+15   0.0587  13 4.478E+04
  0.05698  0.86142  0.03652  0.602E-01   1.00628  0.679E+15   0.0646  14 4.165E+04
  0.04032  0.85372  0.02878  0.357E-01   1.00300  0.632E+15   0.0717  15 3.962E+04
  0.02848  0.84169  0.02235  0.162E-01   1.00095  0.592E+15   0.0806  16 3.830E+04
  0.02022  0.82274  0.01700  0.971E-02   1.00026  0.570E+15   0.0921  17 3.792E+04
  0.01395  0.79606  0.01232  0.568E-02   1.00006  0.553E+15   0.1074  18 3.783E+04
  0.00906  0.75876  0.00831  0.470E-02   1.00000  0.537E+15   0.1287  19 3.782E+04
  0.00532  0.70429  0.00502  0.357E-02   1.00000  0.516E+15   0.1607  20 3.782E+04
                                         1.00595

     Scale:  L = 43.063     L+ = 43.464

               TB1 = 12027.0          Log EP0 = 38.509668
  TEMP IT no:           9

     0.7    -24.1770      0.3970   T* =  9547.0   TB = 12027.0

        XS        VS          LOG RH       TE          TR         W

        0.98     8429.12      -13.35    12221.64    13579.60    0.427
        0.94     8811.75      -13.40    12185.20    13539.12    0.369
        0.89     9230.77      -13.45    12148.77    13498.63    0.310
        0.85     9691.63      -13.49    12028.83    13365.37    0.265
        0.81    10200.93      -13.53    11800.69    13111.88    0.230
        0.77    10766.72      -13.61    11516.85    12796.50    0.202
        0.72    11398.96      -13.70    11215.88    12462.09    0.178
        0.68    12110.09      -13.82    10887.29    12096.99    0.159
        0.64    12915.85      -13.86    10505.94    11673.27    0.144
        0.60    13836.48      -13.88    10029.89    11144.33    0.132
        0.55    14898.42      -13.94     9462.37    10513.74    0.119
        0.51    16136.92      -14.39     8847.90     9831.00    0.107
        0.47    17600.00      -14.86     8232.63     9147.37    0.097
        0.43    19354.84      -15.27     7664.17     8515.74    0.091
        0.38    21498.37      -15.80     7153.76     7948.63    0.084
        0.34    24175.82      -16.55     6732.24     7480.26    0.076
        0.30    27615.06      -17.40     6440.54     7156.16    0.064
        0.26    32195.12      -18.37     6232.79     6925.32    0.051
        0.21    38596.49      -19.53     6035.18     6705.76    0.037
        0.17    48175.18      -20.95     5837.58     6486.20    0.024

         En consv. check  -0.152D-13


      NPK        ABS      ESC      event      no event            out of rg

     90000     51960     38040     19357     18683         0         0


                         No. pkts   =   90000
                         Esc to inf =   38040
                         No line ev =       0
  PW(2)=    35954.148399005011       RQ(JS,5)=    35954.148399005011     
  TB=   12026.987549800893       CLP=  2.79848645285040782E-005  CL=  2.78132022180693290E-005

     JP       LP       KP        KJ         L        NUJ        BT        NPK

  1.74421  0.85807  0.58953  0.323E+00   1.13453  0.108E+16   0.0281   1 1.394E+05
  1.46219  0.85764  0.51111  0.325E+00   1.12500  0.108E+16   0.0294   2 1.319E+05
  1.21852  0.85674  0.43456  0.322E+00   1.11455  0.107E+16   0.0308   3 1.234E+05
  1.00662  0.85581  0.36548  0.314E+00   1.10387  0.106E+16   0.0323   4 1.148E+05
  0.81022  0.85765  0.29975  0.296E+00   1.09215  0.103E+16   0.0340   5 1.048E+05
  0.64884  0.85844  0.24503  0.278E+00   1.08103  0.101E+16   0.0359   6 9.540E+04
  0.51635  0.85819  0.20145  0.265E+00   1.07094  0.983E+15   0.0380   7 8.805E+04
  0.40964  0.85626  0.16500  0.237E+00   1.06118  0.948E+15   0.0404   8 8.132E+04
  0.32465  0.85223  0.13472  0.216E+00   1.05174  0.920E+15   0.0431   9 7.535E+04
  0.25277  0.84828  0.10763  0.195E+00   1.04167  0.885E+15   0.0462  10 6.877E+04
  0.17713  0.85477  0.08026  0.160E+00   1.02882  0.838E+15   0.0497  11 5.892E+04
  0.12030  0.86134  0.05883  0.145E+00   1.01728  0.800E+15   0.0538  12 4.968E+04
  0.08033  0.86570  0.04592  0.859E-01   1.01057  0.724E+15   0.0587  13 4.482E+04
  0.05658  0.86193  0.03646  0.569E-01   1.00614  0.673E+15   0.0646  14 4.181E+04
  0.04038  0.85355  0.02871  0.327E-01   1.00282  0.629E+15   0.0717  15 3.976E+04
  0.02843  0.84179  0.02237  0.146E-01   1.00095  0.589E+15   0.0806  16 3.855E+04
  0.02018  0.82285  0.01700  0.794E-02   1.00026  0.568E+15   0.0921  17 3.815E+04
  0.01394  0.79614  0.01233  0.533E-02   1.00005  0.552E+15   0.1074  18 3.805E+04
  0.00906  0.75878  0.00831  0.465E-02   1.00000  0.536E+15   0.1287  19 3.804E+04
  0.00532  0.70429  0.00502  0.384E-02   1.00000  0.515E+15   0.1607  20 3.804E+04
                                         1.00617

     Scale:  L = 43.063     L+ = 43.461

               TB1 = 12008.5          Log EP0 = 38.506996
  TEMP IT no:          10

     0.5    -24.1770      0.3995   T* =  9547.0   TB = 12008.5

        XS        VS          LOG RH       TE          TR         W

        0.98     8429.12      -13.35    12221.16    13579.06    0.422
        0.94     8811.75      -13.40    12154.12    13504.58    0.367
        0.89     9230.77      -13.45    12087.08    13430.09    0.312
        0.85     9691.63      -13.49    11926.08    13251.20    0.271
        0.81    10200.93      -13.53    11678.75    12976.38    0.238
        0.77    10766.72      -13.61    11402.40    12669.33    0.210
        0.72    11398.96      -13.70    11099.28    12332.53    0.186
        0.68    12110.09      -13.82    10757.63    11952.92    0.167
        0.64    12915.85      -13.86    10391.77    11546.41    0.152
        0.60    13836.48      -13.88     9961.62    11068.47    0.137
        0.55    14898.42      -13.94     9464.21    10515.79    0.120
        0.51    16136.92      -14.39     8889.82     9877.57    0.105
        0.47    17600.00      -14.86     8233.45     9148.28    0.097
        0.43    19354.84      -15.27     7626.41     8473.79    0.092
        0.38    21498.37      -15.80     7122.86     7914.29    0.086
        0.34    24175.82      -16.55     6714.50     7460.55    0.077
        0.30    27615.06      -17.40     6429.88     7144.31    0.065
        0.26    32195.12      -18.37     6225.12     6916.80    0.051
        0.21    38596.49      -19.53     6029.56     6699.51    0.038
        0.17    48175.18      -20.95     5834.00     6482.22    0.024

         En consv. check  -0.143D-13


      NPK        ABS      ESC      event      no event            out of rg

     90000     51678     38322     19704     18618         0         0


                         No. pkts   =   90000
                         Esc to inf =   38322
                         No line ev =       0
  PW(2)=    36232.751459599691       RQ(JS,5)=    36232.751459599691     
  TB=   12008.501247390988       CLP=  2.78132022180695018E-005  CL=  2.75993392639535473E-005

     JP       LP       KP        KJ         L        NUJ        BT        NPK

  1.77730  0.85328  0.58800  0.324E+00   1.13344  0.108E+16   0.0281   1 1.406E+05
  1.44845  0.85857  0.50216  0.326E+00   1.12288  0.108E+16   0.0294   2 1.311E+05
  1.22601  0.85475  0.43196  0.324E+00   1.11331  0.107E+16   0.0308   3 1.243E+05
  0.99611  0.85686  0.35904  0.303E+00   1.10189  0.104E+16   0.0323   4 1.141E+05
  0.79258  0.86061  0.29445  0.285E+00   1.09033  0.102E+16   0.0340   5 1.037E+05
  0.64422  0.85889  0.24307  0.277E+00   1.07988  0.100E+16   0.0359   6 9.553E+04
  0.50543  0.86080  0.19764  0.249E+00   1.06927  0.964E+15   0.0380   7 8.701E+04
  0.40920  0.85607  0.16150  0.226E+00   1.05961  0.940E+15   0.0404   8 7.998E+04
  0.31936  0.85436  0.13219  0.209E+00   1.05056  0.908E+15   0.0431   9 7.425E+04
  0.24509  0.85235  0.10590  0.183E+00   1.04085  0.872E+15   0.0462  10 6.797E+04
  0.17792  0.85460  0.07960  0.160E+00   1.02872  0.836E+15   0.0497  11 5.877E+04
  0.11806  0.86357  0.05889  0.132E+00   1.01772  0.786E+15   0.0538  12 5.000E+04
  0.08033  0.86600  0.04610  0.891E-01   1.01106  0.725E+15   0.0587  13 4.534E+04
  0.05750  0.86081  0.03663  0.586E-01   1.00657  0.679E+15   0.0646  14 4.244E+04
  0.04024  0.85397  0.02875  0.311E-01   1.00303  0.627E+15   0.0717  15 4.012E+04
  0.02849  0.84172  0.02235  0.138E-01   1.00100  0.589E+15   0.0806  16 3.885E+04
  0.02023  0.82272  0.01699  0.704E-02   1.00025  0.567E+15   0.0921  17 3.843E+04
  0.01396  0.79605  0.01232  0.427E-02   1.00005  0.551E+15   0.1074  18 3.834E+04
  0.00906  0.75877  0.00831  0.367E-02   1.00000  0.535E+15   0.1287  19 3.832E+04
  0.00532  0.70429  0.00502  0.302E-02   1.00000  0.514E+15   0.1607  20 3.832E+04
                                         1.00775

     Scale:  L = 43.063     L+ = 43.458

               TB1 = 11985.4          Log EP0 = 38.503644
  TEMP IT no:          30

     0.6    -24.1770      0.4026   T* =  9547.0   TB = 11985.4

        XS        VS          LOG RH       TE          TR         W

        0.98     8429.12      -13.35    12222.68    13580.76    0.426
        0.94     8811.75      -13.40    12116.54    13462.82    0.373
        0.89     9230.77      -13.45    12010.39    13344.87    0.319
        0.85     9691.63      -13.49    11796.41    13107.12    0.280
        0.81    10200.93      -13.53    11539.25    12821.38    0.246
        0.77    10766.72      -13.61    11268.93    12521.04    0.217
        0.72    11398.96      -13.70    10955.25    12172.50    0.193
        0.68    12110.09      -13.82    10625.47    11806.08    0.174
        0.64    12915.85      -13.86    10270.05    11411.17    0.156
        0.60    13836.48      -13.88     9865.41    10961.57    0.140
        0.55    14898.42      -13.94     9403.55    10448.39    0.122
        0.51    16136.92      -14.39     8842.29     9824.77    0.107
        0.47    17600.00      -14.86     8224.67     9138.52    0.098
        0.43    19354.84      -15.27     7640.33     8489.26    0.092
        0.38    21498.37      -15.80     7118.10     7909.00    0.086
        0.34    24175.82      -16.55     6703.64     7448.49    0.078
        0.30    27615.06      -17.40     6421.86     7135.40    0.065
        0.26    32195.12      -18.37     6216.64     6907.37    0.051
        0.21    38596.49      -19.53     6020.52     6689.47    0.038
        0.17    48175.18      -20.95     5824.41     6471.56    0.024

         En consv. check   0.592D-14


      NPK        ABS      ESC      event      no event            out of rg

     90000     51794     38206     19594     18612         0         0


                         No. pkts   =   90000
                         Esc to inf =   38206
                         No line ev =       0
  PW(2)=    36160.474925785966       RQ(JS,5)=    36160.474925785966     
  TB=   11985.350261562120       CLP=  2.75993392639536151E-005  CL=  2.76545040421164892E-005

     JP       LP       KP        KJ         L        NUJ        BT        NPK

  1.74489  0.85621  0.58763  0.325E+00   1.13252  0.108E+16   0.0281   1 1.398E+05
  1.47284  0.85445  0.50800  0.332E+00   1.12281  0.108E+16   0.0294   2 1.322E+05
  1.19910  0.85811  0.42721  0.312E+00   1.11179  0.105E+16   0.0308   3 1.221E+05
  0.98530  0.85815  0.35614  0.302E+00   1.10073  0.104E+16   0.0323   4 1.125E+05
  0.80970  0.85653  0.29371  0.275E+00   1.08965  0.101E+16   0.0340   5 1.029E+05
  0.62664  0.86280  0.23890  0.264E+00   1.07847  0.987E+15   0.0359   6 9.351E+04
  0.49815  0.86265  0.19522  0.246E+00   1.06831  0.957E+15   0.0380   7 8.563E+04
  0.40153  0.85856  0.16031  0.226E+00   1.05902  0.926E+15   0.0404   8 7.922E+04
  0.32041  0.85379  0.13191  0.210E+00   1.05031  0.905E+15   0.0431   9 7.388E+04
  0.25031  0.84952  0.10581  0.185E+00   1.04069  0.875E+15   0.0462  10 6.779E+04
  0.17825  0.85421  0.08009  0.162E+00   1.02888  0.835E+15   0.0497  11 5.899E+04
  0.11681  0.86443  0.05900  0.119E+00   1.01764  0.776E+15   0.0538  12 4.998E+04
  0.08114  0.86504  0.04633  0.991E-01   1.01121  0.733E+15   0.0587  13 4.543E+04
  0.05778  0.86029  0.03667  0.595E-01   1.00648  0.681E+15   0.0646  14 4.235E+04
  0.04036  0.85363  0.02885  0.406E-01   1.00310  0.631E+15   0.0717  15 4.013E+04
  0.02835  0.84200  0.02238  0.118E-01   1.00097  0.584E+15   0.0806  16 3.871E+04
  0.02019  0.82282  0.01701  0.615E-02   1.00027  0.564E+15   0.0921  17 3.832E+04
  0.01394  0.79613  0.01233  0.452E-02   1.00006  0.549E+15   0.1074  18 3.822E+04
  0.00906  0.75878  0.00831  0.377E-02   1.00000  0.533E+15   0.1287  19 3.821E+04
  0.00532  0.70429  0.00502  0.325E-02   1.00000  0.512E+15   0.1607  20 3.821E+04
                                         0.99801

     Scale:  L = 43.063     L+ = 43.459

               TB1 = 11991.3          Log EP0 = 38.504511

         En consv. check   0.698D-14


      NPK        ABS      ESC      event      no event            out of rg

     90000     51815     38185     19762     18423         0         0


                         No. pkts   =   90000
                         Esc to inf =   38185
                         No line ev =       0
  PW(2)=    36134.616415328455       RQ(JS,5)=    36134.616415328455     
  TB=   11991.334772520364       CLP=  2.76545040421169974E-005  CL=  2.76742940482909311E-005

     JP       LP       KP        KJ         L        NUJ        BT        NPK

  1.75856  0.85461  0.58522  0.323E+00   1.13224  0.107E+16   0.0281   1 1.390E+05
  1.44293  0.85852  0.50151  0.323E+00   1.12200  0.107E+16   0.0294   2 1.304E+05
  1.19736  0.85843  0.42338  0.315E+00   1.11124  0.106E+16   0.0308   3 1.210E+05
  0.98311  0.85866  0.35426  0.303E+00   1.10052  0.104E+16   0.0323   4 1.118E+05
  0.79476  0.85980  0.29283  0.289E+00   1.08963  0.102E+16   0.0340   5 1.026E+05
  0.63501  0.86094  0.23976  0.265E+00   1.07886  0.985E+15   0.0359   6 9.366E+04
  0.50448  0.86093  0.19631  0.244E+00   1.06874  0.955E+15   0.0380   7 8.597E+04
  0.40093  0.85879  0.16201  0.227E+00   1.05964  0.930E+15   0.0404   8 8.004E+04
  0.32268  0.85272  0.13380  0.216E+00   1.05100  0.914E+15   0.0431   9 7.516E+04
  0.24909  0.84987  0.10647  0.187E+00   1.04075  0.875E+15   0.0462  10 6.839E+04
  0.17527  0.85585  0.07908  0.153E+00   1.02792  0.826E+15   0.0497  11 5.820E+04
  0.11482  0.86586  0.05836  0.116E+00   1.01691  0.770E+15   0.0538  12 4.938E+04
  0.08012  0.86608  0.04584  0.821E-01   1.01063  0.719E+15   0.0587  13 4.483E+04
  0.05611  0.86272  0.03644  0.543E-01   1.00624  0.669E+15   0.0646  14 4.196E+04
  0.04045  0.85351  0.02879  0.352E-01   1.00305  0.631E+15   0.0717  15 4.007E+04
  0.02846  0.84174  0.02237  0.158E-01   1.00099  0.590E+15   0.0806  16 3.876E+04
  0.02021  0.82277  0.01699  0.624E-02   1.00023  0.566E+15   0.0921  17 3.830E+04
  0.01394  0.79609  0.01232  0.479E-02   1.00004  0.551E+15   0.1074  18 3.820E+04
  0.00906  0.75878  0.00831  0.380E-02   1.00000  0.535E+15   0.1287  19 3.819E+04
  0.00532  0.70429  0.00502  0.312E-02   1.00000  0.514E+15   0.1607  20 3.818E+04
                                         0.99928

     Scale:  L = 43.063     L+ = 43.459

               TB1 = 11993.5          Log EP0 = 38.504822

         En consv. check   0.679D-14


      NPK        ABS      ESC      event      no event            out of rg

     90000     51691     38309     19748     18561         0         0


                         No. pkts   =   90000
                         Esc to inf =   38309
                         No line ev =       0
  PW(2)=    36219.290129054760       RQ(JS,5)=    36219.290129054760     
  TB=   11993.479494879221       CLP=  2.76742940482910701E-005  CL=  2.76095968870966297E-005

     JP       LP       KP        KJ         L        NUJ        BT        NPK

  1.75345  0.85660  0.58738  0.326E+00   1.13389  0.108E+16   0.0281   1 1.399E+05
  1.45850  0.85778  0.50410  0.325E+00   1.12370  0.108E+16   0.0294   2 1.314E+05
  1.20370  0.85873  0.42751  0.315E+00   1.11317  0.106E+16   0.0308   3 1.225E+05
  0.99635  0.85744  0.35916  0.303E+00   1.10253  0.104E+16   0.0323   4 1.138E+05
  0.79398  0.86096  0.29712  0.290E+00   1.09153  0.102E+16   0.0340   5 1.044E+05
  0.65004  0.85814  0.24467  0.271E+00   1.08094  0.997E+15   0.0359   6 9.596E+04
  0.51231  0.85940  0.19958  0.254E+00   1.07044  0.966E+15   0.0380   7 8.774E+04
  0.40480  0.85810  0.16414  0.231E+00   1.06104  0.937E+15   0.0404   8 8.125E+04
  0.32448  0.85254  0.13455  0.214E+00   1.05190  0.913E+15   0.0431   9 7.556E+04
  0.25558  0.84703  0.10829  0.193E+00   1.04222  0.885E+15   0.0462  10 6.978E+04
  0.17754  0.85468  0.08039  0.158E+00   1.02907  0.831E+15   0.0497  11 5.939E+04
  0.11559  0.86546  0.05873  0.118E+00   1.01745  0.772E+15   0.0538  12 4.971E+04
  0.08282  0.86332  0.04616  0.827E-01   1.01110  0.726E+15   0.0587  13 4.533E+04
  0.05759  0.86066  0.03660  0.596E-01   1.00650  0.682E+15   0.0646  14 4.233E+04
  0.04072  0.85299  0.02875  0.350E-01   1.00298  0.635E+15   0.0717  15 4.012E+04
  0.02844  0.84183  0.02234  0.156E-01   1.00092  0.590E+15   0.0806  16 3.879E+04
  0.02019  0.82288  0.01698  0.702E-02   1.00022  0.568E+15   0.0921  17 3.839E+04
  0.01396  0.79601  0.01232  0.498E-02   1.00007  0.553E+15   0.1074  18 3.834E+04
  0.00907  0.75873  0.00831  0.409E-02   1.00000  0.537E+15   0.1287  19 3.831E+04
  0.00532  0.70429  0.00502  0.329E-02   1.00000  0.515E+15   0.1607  20 3.831E+04
                                         1.00234

     Scale:  L = 43.063     L+ = 43.458

               TB1 = 11986.5          Log EP0 = 38.503805

         En consv. check  -0.675D-14


      NPK        ABS      ESC      event      no event            out of rg

     90000     51772     38228     19562     18666         0         0


                         No. pkts   =   90000
                         Esc to inf =   38228
                         No line ev =       0
  PW(2)=    36171.285263806225       RQ(JS,5)=    36171.285263806225     
  TB=   11986.463730928657       CLP=  2.76095968870971108E-005  CL=  2.76462390735289071E-005

     JP       LP       KP        KJ         L        NUJ        BT        NPK

  1.75571  0.85563  0.58639  0.322E+00   1.13306  0.107E+16   0.0281   1 1.395E+05
  1.44454  0.85901  0.50574  0.326E+00   1.12328  0.107E+16   0.0294   2 1.313E+05
  1.19752  0.85911  0.42754  0.319E+00   1.11260  0.106E+16   0.0308   3 1.223E+05
  0.98728  0.85854  0.35820  0.308E+00   1.10185  0.105E+16   0.0323   4 1.131E+05
  0.79847  0.85960  0.29545  0.288E+00   1.09075  0.102E+16   0.0340   5 1.036E+05
  0.64477  0.85899  0.24361  0.268E+00   1.08024  0.992E+15   0.0359   6 9.551E+04
  0.51583  0.85797  0.19961  0.251E+00   1.07003  0.968E+15   0.0380   7 8.768E+04
  0.40979  0.85591  0.16358  0.228E+00   1.06039  0.933E+15   0.0404   8 8.106E+04
  0.32713  0.85099  0.13520  0.216E+00   1.05175  0.916E+15   0.0431   9 7.584E+04
  0.25300  0.84801  0.10787  0.194E+00   1.04164  0.885E+15   0.0462  10 6.928E+04
  0.17709  0.85478  0.08037  0.161E+00   1.02887  0.836E+15   0.0497  11 5.924E+04
  0.11511  0.86563  0.05852  0.113E+00   1.01705  0.766E+15   0.0538  12 4.950E+04
  0.08011  0.86605  0.04593  0.852E-01   1.01070  0.718E+15   0.0587  13 4.496E+04
  0.05740  0.86083  0.03653  0.607E-01   1.00631  0.676E+15   0.0646  14 4.218E+04
  0.04040  0.85354  0.02887  0.372E-01   1.00314  0.632E+15   0.0717  15 4.018E+04
  0.02840  0.84187  0.02237  0.155E-01   1.00093  0.588E+15   0.0806  16 3.873E+04
  0.02020  0.82275  0.01700  0.670E-02   1.00023  0.566E+15   0.0921  17 3.833E+04
  0.01396  0.79596  0.01233  0.573E-02   1.00006  0.552E+15   0.1074  18 3.825E+04
  0.00906  0.75879  0.00831  0.411E-02   1.00000  0.535E+15   0.1287  19 3.823E+04
  0.00532  0.70429  0.00502  0.349E-02   1.00000  0.514E+15   0.1607  20 3.823E+04
                                         0.99867

     Scale:  L = 43.063     L+ = 43.459

               TB1 = 11990.4          Log EP0 = 38.504381
     POWER:   0.3617E+05    INPUT FLUX:   0.2563E-09    INT. FLUX:  0.2367E-09

UNREDD. MAGS: U=    12.189 B=    12.604 V=    12.526 R=    12.360
UNREDD. COL.: U-B = -0.415 B-V =  0.079 V-R =  0.165

REDD. MAGS:   U=    14.094 B=    14.152 V=    13.713 R=    13.344
REDD. COL.:   U-B = -0.058 B-V =  0.439 V-R =  0.368

ABS. MAG:     U =  -19.251 B =  -18.836 V =  -18.914
MBol =  12.490  Bol. Corr. =  -0.036  (MBol)o= -18.950
