
     NP4 =     9     ITT =  4     JS = 20      KB = 501 XE1= 0.210

     Day = 10.40     Log Taug = -3.700

     CHL(eV) = 25.0     NC =  5

     WVM1 = 0.2500    WVM2 = 1.2000       KG =  1500

                  LOG R/RS     LOG L/LS         VEL LB          TB

                   4.179       8.850           11700.0       10000.0


                     1.0000



       RADIUS    VELOCITY  DENSITY    MASS    TOT. MASS   NEWMASS NEWTOT. MASS Kin. En.
   1  0.53D+14    193.09  0.19D-12  0.582D-04  0.582D-04  0.152D-02  0.152D-02  0.284D+12
   2  0.46D+15   1699.64  0.12D-12  0.204D-01  0.205D-01  0.508D-01  0.523D-01  0.734D+15
   3  0.76D+15   2779.51  0.82D-13  0.566D-01  0.770D-01  0.808D-01  0.133D+00  0.385D+16
   4  0.10D+16   3736.92  0.58D-13  0.754D-01  0.152D+00  0.907D-01  0.224D+00  0.102D+17
   5  0.12D+16   4553.08  0.43D-13  0.773D-01  0.230D+00  0.910D-01  0.315D+00  0.196D+17
   6  0.15D+16   5334.55  0.32D-13  0.790D-01  0.309D+00  0.943D-01  0.409D+00  0.330D+17
   7  0.17D+16   6153.91  0.24D-13  0.826D-01  0.391D+00  0.986D-01  0.508D+00  0.517D+17
   8  0.19D+16   7036.23  0.17D-13  0.841D-01  0.475D+00  0.115D+00  0.623D+00  0.802D+17
   9  0.22D+16   8256.81  0.11D-13  0.102D+00  0.577D+00  0.105D+00  0.728D+00  0.116D+18
  10  0.25D+16   9216.44  0.86D-14  0.808D-01  0.658D+00  0.891D-01  0.817D+00  0.154D+18
  11  0.28D+16  10159.20  0.72D-14  0.812D-01  0.739D+00  0.101D+00  0.918D+00  0.206D+18
  12  0.31D+16  11337.24  0.49D-14  0.853D-01  0.825D+00  0.882D-01  0.101D+01  0.263D+18
  13  0.34D+16  12358.60  0.33D-14  0.613D-01  0.886D+00  0.721D-01  0.108D+01  0.318D+18
  14  0.37D+16  13539.64  0.32D-14  0.820D-01  0.968D+00  0.716D-01  0.115D+01  0.383D+18
  15  0.39D+16  14262.30  0.31D-14  0.552D-01  0.102D+01  0.653D-01  0.122D+01  0.450D+18
  16  0.41D+16  15158.44  0.27D-14  0.662D-01  0.109D+01  0.985D-01  0.131D+01  0.563D+18
  17  0.46D+16  16746.85  0.54D-15  0.277D-01  0.112D+01  0.555D-01  0.137D+01  0.641D+18
  18  0.57D+16  20745.14  0.64D-16  0.116D-01  0.113D+01  0.989D-02  0.138D+01  0.662D+18
  19  0.61D+16  22490.48  0.20D-16  0.205D-02  0.113D+01  0.109D-02  0.138D+01  0.665D+18
 /, Kin. En. =    51.121343040386641     

      XS      VS        LOG RH      TE       TR       W    SH M    TOTM

      0.98  11935.73    -12.96   6892.13   7657.92  0.401  0.034  0.034
      0.94  12436.89    -13.03   6892.13   7657.92  0.330  0.034  0.069
      0.90  12981.97    -13.04   6892.13   7657.92  0.283  0.040  0.109
      0.86  13577.02    -13.05   6892.13   7657.92  0.246  0.047  0.157
      0.82  14229.25    -13.06   6892.13   7657.92  0.215  0.055  0.211
      0.78  14947.30    -13.11   6892.13   7657.92  0.189  0.060  0.271
      0.74  15741.68    -13.39   6892.13   7657.92  0.165  0.039  0.310
      0.70  16625.22    -13.77   6892.13   7657.92  0.145  0.020  0.330
      0.66  17613.85    -14.04   6892.13   7657.92  0.126  0.014  0.343
      0.62  18727.49    -14.31   6892.13   7657.92  0.110  0.009  0.353
      0.59  19991.46    -14.59   6892.13   7657.92  0.095  0.006  0.359
      0.55  21438.39    -14.96   6892.13   7657.92  0.081  0.004  0.363
      0.51  23111.11    -15.43   6892.13   7657.92  0.069  0.002  0.364
      0.47  25066.95    -15.95   6892.13   7657.92  0.058  0.001  0.365
      0.43  27384.44    -16.52   6892.13   7657.92  0.048  0.000  0.365
      0.39  30174.08    -17.14   6892.13   7657.92  0.039  0.000  0.365
      0.35  33596.55    -17.82   6892.13   7657.92  0.031  0.000  0.365
      0.31  37894.74    -18.59   6892.13   7657.92  0.024  0.000  0.365
      0.27  43454.04    -19.46   6892.13   7657.92  0.018  0.000  0.365
      0.23  50924.92    -20.47   6892.13   7657.92  0.013  0.000  0.365

        XS        VS          LOG RH       TE          TR         W

        0.98    11935.73      -12.96     6892.13     7657.92    0.401
        0.94    12436.89      -13.03     6892.13     7657.92    0.330
        0.90    12981.97      -13.04     6892.13     7657.92    0.283
        0.86    13577.02      -13.05     6892.13     7657.92    0.246
        0.82    14229.25      -13.06     6892.13     7657.92    0.215
        0.78    14947.30      -13.11     6892.13     7657.92    0.189
        0.74    15741.68      -13.39     6892.13     7657.92    0.165
        0.70    16625.22      -13.77     6892.13     7657.92    0.145
        0.66    17613.85      -14.04     6892.13     7657.92    0.126
        0.62    18727.49      -14.31     6892.13     7657.92    0.110
        0.59    19991.46      -14.59     6892.13     7657.92    0.095
        0.55    21438.39      -14.96     6892.13     7657.92    0.081
        0.51    23111.11      -15.43     6892.13     7657.92    0.069
        0.47    25066.95      -15.95     6892.13     7657.92    0.058
        0.43    27384.44      -16.52     6892.13     7657.92    0.048
        0.39    30174.08      -17.14     6892.13     7657.92    0.039
        0.35    33596.55      -17.82     6892.13     7657.92    0.031
        0.31    37894.74      -18.59     6892.13     7657.92    0.024
        0.27    43454.04      -19.46     6892.13     7657.92    0.018
        0.23    50924.92      -20.47     6892.13     7657.92    0.013

     No. of ions =  30            Total No. Included = 73740


         En consv. check  -0.191D-14


      NPK        ABS      ESC      event      no event            out of rg

     90000     66078     23922     16173      7749         0         0


                         No. pkts   =   90000
                         Esc to inf =   23922
                         No line ev =       0
  PW(2)=    22766.158712527500       RQ(JS,5)=    22766.158712527500     
  TB=   10000.000000000000       CLP=  3.23083013906810582E-005  CL=  4.39248453209513748E-005

     JP       LP       KP        KJ         L        NUJ        BT        NPK

  2.55366  0.63082  0.83576  0.129E+00   1.19735  0.682E+15   0.0398   1 1.264E+05
  1.95056  0.67197  0.65212  0.109E+00   1.16514  0.648E+15   0.0415   2 1.076E+05
  1.56404  0.68895  0.52426  0.105E+00   1.13985  0.634E+15   0.0433   3 9.508E+04
  1.19630  0.71639  0.41327  0.103E+00   1.11507  0.625E+15   0.0453   4 8.237E+04
  0.89305  0.74435  0.31341  0.979E-01   1.08972  0.611E+15   0.0475   5 6.909E+04
  0.62557  0.77970  0.22693  0.968E-01   1.06442  0.601E+15   0.0499   6 5.546E+04
  0.41513  0.81558  0.15792  0.833E-01   1.04145  0.574E+15   0.0525   7 4.292E+04
  0.28744  0.83637  0.11858  0.685E-01   1.02711  0.548E+15   0.0555   8 3.548E+04
  0.21396  0.84347  0.09564  0.715E-01   1.01831  0.539E+15   0.0588   9 3.164E+04
  0.15343  0.85190  0.07795  0.619E-01   1.01123  0.503E+15   0.0625  10 2.845E+04
  0.11683  0.85196  0.06526  0.517E-01   1.00648  0.482E+15   0.0667  11 2.656E+04
  0.08767  0.85143  0.05476  0.283E-01   1.00280  0.440E+15   0.0715  12 2.499E+04
  0.06777  0.84634  0.04665  0.129E-01   1.00091  0.413E+15   0.0771  13 2.425E+04
  0.05373  0.83681  0.03986  0.542E-02   1.00028  0.398E+15   0.0836  14 2.401E+04
  0.04285  0.82364  0.03357  0.348E-02   1.00008  0.392E+15   0.0913  15 2.395E+04
  0.03360  0.80768  0.02765  0.183E-02   1.00001  0.384E+15   0.1006  16 2.392E+04
  0.02588  0.78768  0.02214  0.132E-02   1.00000  0.377E+15   0.1121  17 2.392E+04
  0.01936  0.76268  0.01711  0.114E-02   1.00000  0.370E+15   0.1264  18 2.392E+04
  0.01390  0.73081  0.01264  0.858E-03   1.00000  0.362E+15   0.1449  19 2.392E+04
  0.00943  0.68894  0.00877  0.641E-03   1.00000  0.351E+15   0.1699  20 2.392E+04
                                         0.73554

     Scale:  L = 42.433     L+ = 43.030

               TB1 = 10798.1          Log EP0 = 38.075455
  TEMP IT no:           1

    14.7    -24.1770      0.2530   T* =  7657.9   TB = 10798.1

        XS        VS          LOG RH       TE          TR         W

        0.98    11935.73      -12.96     7358.53     8176.14    1.898
        0.94    12436.89      -13.03     7218.48     8020.54    1.650
        0.90    12981.97      -13.04     7078.44     7864.93    1.403
        0.86    13577.02      -13.05     6988.01     7764.45    1.140
        0.82    14229.25      -13.06     6895.53     7661.70    0.893
        0.78    14947.30      -13.11     6775.85     7528.72    0.676
        0.74    15741.68      -13.39     6597.58     7330.64    0.509
        0.70    16625.22      -13.77     6423.97     7137.74    0.394
        0.66    17613.85      -14.04     6268.10     6964.55    0.313
        0.62    18727.49      -14.31     6068.00     6742.22    0.261
        0.59    19991.46      -14.59     5830.58     6478.42    0.228
        0.55    21438.39      -14.96     5569.47     6188.30    0.208
        0.51    23111.11      -15.43     5350.24     5944.71    0.189
        0.47    25066.95      -15.95     5224.96     5805.51    0.164
        0.43    27384.44      -16.52     5154.58     5727.31    0.138
        0.39    30174.08      -17.14     5098.32     5664.80    0.113
        0.35    33596.55      -17.82     5044.03     5604.48    0.091
        0.31    37894.74      -18.59     4986.91     5541.01    0.071
        0.27    43454.04      -19.46     4916.90     5463.23    0.054
        0.23    50924.92      -20.47     4846.90     5385.44    0.037

         En consv. check   0.869D-14


      NPK        ABS      ESC      event      no event            out of rg

     90000     63249     26751     17075      9676         0         0


                         No. pkts   =   90000
                         Esc to inf =   26751
                         No line ev =       0
  PW(2)=    25311.898110471782       RQ(JS,5)=    25311.898110471782     
  TB=   10798.141862940894       CLP=  4.39248453209515103E-005  CL=  3.95071122535172519E-005

     JP       LP       KP        KJ         L        NUJ        BT        NPK

  2.43687  0.66426  0.80033  0.156E+00   1.20565  0.778E+15   0.0398   1 1.346E+05
  1.97462  0.68192  0.65088  0.121E+00   1.17943  0.735E+15   0.0415   2 1.199E+05
  1.62252  0.69050  0.54829  0.107E+00   1.15906  0.715E+15   0.0433   3 1.105E+05
  1.31307  0.70089  0.44399  0.959E-01   1.13559  0.689E+15   0.0453   4 9.859E+04
  1.00016  0.72570  0.34581  0.914E-01   1.11029  0.679E+15   0.0475   5 8.491E+04
  0.72880  0.75598  0.25414  0.831E-01   1.08319  0.657E+15   0.0499   6 6.945E+04
  0.49325  0.79425  0.18137  0.727E-01   1.05877  0.637E+15   0.0525   7 5.524E+04
  0.34257  0.81855  0.13567  0.632E-01   1.04167  0.615E+15   0.0555   8 4.576E+04
  0.24696  0.83155  0.10580  0.507E-01   1.02940  0.588E+15   0.0588   9 3.954E+04
  0.18401  0.83684  0.08565  0.417E-01   1.02069  0.562E+15   0.0625  10 3.556E+04
  0.13476  0.84141  0.06883  0.286E-01   1.01269  0.526E+15   0.0667  11 3.198E+04
  0.09768  0.84441  0.05645  0.168E-01   1.00704  0.490E+15   0.0715  12 2.946E+04
  0.07336  0.84160  0.04735  0.943E-02   1.00374  0.458E+15   0.0771  13 2.806E+04
  0.05672  0.83371  0.03988  0.445E-02   1.00180  0.439E+15   0.0836  14 2.732E+04
  0.04409  0.82229  0.03333  0.243E-02   1.00075  0.424E+15   0.0913  15 2.697E+04
  0.03428  0.80677  0.02740  0.233E-02   1.00026  0.415E+15   0.1006  16 2.682E+04
  0.02622  0.78718  0.02196  0.971E-03   1.00008  0.407E+15   0.1121  17 2.678E+04
  0.01952  0.76242  0.01700  0.878E-03   1.00004  0.398E+15   0.1264  18 2.676E+04
  0.01398  0.73069  0.01257  0.171E-03   1.00001  0.388E+15   0.1449  19 2.675E+04
  0.00947  0.68888  0.00874  0.140E-03   1.00000  0.376E+15   0.1699  20 2.675E+04
                                         1.11182

     Scale:  L = 42.433     L+ = 42.984

               TB1 = 10515.8          Log EP0 = 38.029420
  TEMP IT no:           2

     6.0    -24.1770      0.2812   T* =  7657.9   TB = 10515.8

        XS        VS          LOG RH       TE          TR         W

        0.98    11935.73      -12.96     8261.81     9179.79    1.168
        0.94    12436.89      -13.03     8008.09     8897.88    1.090
        0.90    12981.97      -13.04     7754.38     8615.98    1.012
        0.86    13577.02      -13.05     7563.13     8403.48    0.898
        0.82    14229.25      -13.06     7399.91     8222.13    0.753
        0.78    14947.30      -13.11     7214.28     8015.86    0.605
        0.74    15741.68      -13.39     7000.50     7778.33    0.475
        0.70    16625.22      -13.77     6771.98     7524.42    0.375
        0.66    17613.85      -14.04     6518.58     7242.86    0.313
        0.62    18727.49      -14.31     6231.94     6924.38    0.276
        0.59    19991.46      -14.59     5898.26     6553.62    0.252
        0.55    21438.39      -14.96     5548.53     6165.03    0.236
        0.51    23111.11      -15.43     5251.82     5835.35    0.220
        0.47    25066.95      -15.95     5043.02     5603.35    0.199
        0.43    27384.44      -16.52     4905.24     5450.27    0.173
        0.39    30174.08      -17.14     4806.87     5340.96    0.146
        0.35    33596.55      -17.82     4721.51     5246.12    0.120
        0.31    37894.74      -18.59     4632.49     5147.21    0.096
        0.27    43454.04      -19.46     4531.54     5035.04    0.075
        0.23    50924.92      -20.47     4430.59     4922.88    0.054

         En consv. check   0.950D-15


      NPK        ABS      ESC      event      no event            out of rg

     90000     60803     29197     18478     10719         0         0


                         No. pkts   =   90000
                         Esc to inf =   29197
                         No line ev =       0
  PW(2)=    27571.261631690970       RQ(JS,5)=    27571.261631690970     
  TB=   10515.750907956926       CLP=  3.95071122535173400E-005  CL=  3.62696496576195716E-005

     JP       LP       KP        KJ         L        NUJ        BT        NPK

  2.32016  0.68741  0.76787  0.217E+00   1.20410  0.817E+15   0.0398   1 1.408E+05
  1.90554  0.69914  0.64371  0.186E+00   1.18239  0.785E+15   0.0415   2 1.286E+05
  1.58924  0.70226  0.54178  0.161E+00   1.16237  0.760E+15   0.0433   3 1.185E+05
  1.28687  0.71217  0.44473  0.141E+00   1.14071  0.735E+15   0.0453   4 1.073E+05
  1.02029  0.72493  0.35416  0.127E+00   1.11756  0.714E+15   0.0475   5 9.457E+04
  0.76269  0.74945  0.26761  0.121E+00   1.09210  0.700E+15   0.0499   6 7.965E+04
  0.52643  0.78553  0.19129  0.104E+00   1.06645  0.673E+15   0.0525   7 6.344E+04
  0.38087  0.80466  0.14438  0.939E-01   1.04883  0.658E+15   0.0555   8 5.311E+04
  0.26396  0.82506  0.11211  0.682E-01   1.03535  0.620E+15   0.0588   9 4.578E+04
  0.19505  0.83176  0.08848  0.586E-01   1.02450  0.595E+15   0.0625  10 4.037E+04
  0.14256  0.83688  0.07112  0.421E-01   1.01601  0.560E+15   0.0667  11 3.632E+04
  0.10364  0.83978  0.05775  0.300E-01   1.00937  0.524E+15   0.0715  12 3.315E+04
  0.07692  0.83808  0.04766  0.156E-01   1.00486  0.486E+15   0.0771  13 3.107E+04
  0.05831  0.83185  0.03994  0.945E-02   1.00247  0.463E+15   0.0836  14 3.005E+04
  0.04489  0.82116  0.03327  0.359E-02   1.00107  0.445E+15   0.0913  15 2.954E+04
  0.03471  0.80598  0.02732  0.340E-02   1.00040  0.435E+15   0.1006  16 2.933E+04
  0.02634  0.78701  0.02188  0.233E-02   1.00009  0.424E+15   0.1121  17 2.922E+04
  0.01958  0.76236  0.01695  0.794E-03   1.00002  0.414E+15   0.1264  18 2.920E+04
  0.01401  0.73065  0.01255  0.684E-03   1.00000  0.404E+15   0.1449  19 2.920E+04
  0.00948  0.68886  0.00873  0.533E-03   1.00000  0.391E+15   0.1699  20 2.920E+04
                                         1.08926

     Scale:  L = 42.433     L+ = 42.947

               TB1 = 10293.4          Log EP0 = 37.992288
  TEMP IT no:           3

     4.2    -24.1770      0.3063   T* =  7657.9   TB = 10293.4

        XS        VS          LOG RH       TE          TR         W

        0.98    11935.73      -12.96     8893.73     9881.92    0.831
        0.94    12436.89      -13.03     8609.71     9566.35    0.787
        0.90    12981.97      -13.04     8325.70     9250.78    0.742
        0.86    13577.02      -13.05     8077.51     8975.02    0.681
        0.82    14229.25      -13.06     7866.14     8740.16    0.597
        0.78    14947.30      -13.11     7659.53     8510.59    0.496
        0.74    15741.68      -13.39     7433.21     8259.12    0.399
        0.70    16625.22      -13.77     7175.61     7972.90    0.324
        0.66    17613.85      -14.04     6868.30     7631.44    0.274
        0.62    18727.49      -14.31     6538.81     7265.34    0.241
        0.59    19991.46      -14.59     6182.71     6869.68    0.221
        0.55    21438.39      -14.96     5796.78     6440.87    0.209
        0.51    23111.11      -15.43     5445.06     6050.07    0.199
        0.47    25066.95      -15.95     5180.83     5756.48    0.184
        0.43    27384.44      -16.52     5001.99     5557.77    0.163
        0.39    30174.08      -17.14     4874.08     5415.64    0.139
        0.35    33596.55      -17.82     4762.45     5291.61    0.116
        0.31    37894.74      -18.59     4653.03     5170.03    0.095
        0.27    43454.04      -19.46     4539.02     5043.35    0.075
        0.23    50924.92      -20.47     4425.00     4916.67    0.055

         En consv. check  -0.143D-14


      NPK        ABS      ESC      event      no event            out of rg

     90000     58666     31334     19596     11738         0         0


                         No. pkts   =   90000
                         Esc to inf =   31334
                         No line ev =       0
  PW(2)=    29570.269586546419       RQ(JS,5)=    29570.269586546416     
  TB=   10293.363476826384       CLP=  3.62696496576196665E-005  CL=  3.38177505305859612E-005

     JP       LP       KP        KJ         L        NUJ        BT        NPK

  2.16241  0.71208  0.72385  0.253E+00   1.19535  0.836E+15   0.0398   1 1.422E+05
  1.83902  0.71088  0.62066  0.223E+00   1.17734  0.809E+15   0.0415   2 1.330E+05
  1.54999  0.71031  0.52734  0.208E+00   1.15897  0.791E+15   0.0433   3 1.240E+05
  1.26518  0.71751  0.43598  0.189E+00   1.13862  0.771E+15   0.0453   4 1.129E+05
  0.99366  0.73282  0.34575  0.169E+00   1.11561  0.746E+15   0.0475   5 9.896E+04
  0.73597  0.75900  0.25936  0.157E+00   1.09029  0.729E+15   0.0499   6 8.273E+04
  0.51527  0.79104  0.18833  0.135E+00   1.06661  0.701E+15   0.0525   7 6.694E+04
  0.36370  0.81374  0.14336  0.123E+00   1.04980  0.686E+15   0.0555   8 5.658E+04
  0.27518  0.82040  0.11469  0.107E+00   1.03805  0.660E+15   0.0588   9 5.045E+04
  0.20185  0.82841  0.09128  0.816E-01   1.02730  0.623E+15   0.0625  10 4.479E+04
  0.14608  0.83486  0.07260  0.618E-01   1.01790  0.585E+15   0.0667  11 3.985E+04
  0.10572  0.83834  0.05827  0.386E-01   1.01043  0.544E+15   0.0715  12 3.601E+04
  0.07787  0.83734  0.04788  0.226E-01   1.00553  0.506E+15   0.0771  13 3.361E+04
  0.05928  0.83066  0.04003  0.174E-01   1.00290  0.483E+15   0.0836  14 3.244E+04
  0.04524  0.82066  0.03325  0.489E-02   1.00125  0.459E+15   0.0913  15 3.176E+04
  0.03490  0.80564  0.02726  0.352E-02   1.00041  0.447E+15   0.1006  16 3.147E+04
  0.02639  0.78696  0.02185  0.139E-02   1.00012  0.435E+15   0.1121  17 3.137E+04
  0.01961  0.76232  0.01693  0.528E-03   1.00003  0.425E+15   0.1264  18 3.134E+04
  0.01403  0.73063  0.01254  0.282E-03   1.00001  0.415E+15   0.1449  19 3.134E+04
  0.00949  0.68884  0.00872  0.237E-03   1.00000  0.401E+15   0.1699  20 3.133E+04
                                         1.07250

     Scale:  L = 42.433     L+ = 42.916

               TB1 = 10114.8          Log EP0 = 37.961890
  TEMP IT no:           4

     3.9    -24.1770      0.3286   T* =  7657.9   TB = 10114.8

        XS        VS          LOG RH       TE          TR         W

        0.98    11935.73      -12.96     9230.76    10256.40    0.676
        0.94    12436.89      -13.03     8983.81     9982.01    0.637
        0.90    12981.97      -13.04     8736.86     9707.62    0.597
        0.86    13577.02      -13.05     8498.69     9442.99    0.544
        0.82    14229.25      -13.06     8261.59     9179.54    0.478
        0.78    14947.30      -13.11     8026.36     8918.18    0.399
        0.74    15741.68      -13.39     7784.45     8649.39    0.322
        0.70    16625.22      -13.77     7539.23     8376.92    0.261
        0.66    17613.85      -14.04     7244.23     8049.14    0.225
        0.62    18727.49      -14.31     6874.55     7638.38    0.204
        0.59    19991.46      -14.59     6464.10     7182.34    0.190
        0.55    21438.39      -14.96     6040.79     6711.99    0.181
        0.51    23111.11      -15.43     5661.57     6290.63    0.173
        0.47    25066.95      -15.95     5368.39     5964.87    0.162
        0.43    27384.44      -16.52     5150.10     5722.34    0.146
        0.39    30174.08      -17.14     4991.08     5545.65    0.127
        0.35    33596.55      -17.82     4864.83     5405.36    0.107
        0.31    37894.74      -18.59     4748.36     5275.96    0.087
        0.27    43454.04      -19.46     4627.70     5141.89    0.069
        0.23    50924.92      -20.47     4507.04     5007.82    0.051

         En consv. check   0.698D-14


      NPK        ABS      ESC      event      no event            out of rg

     90000     57098     32902     20194     12708         0         0


                         No. pkts   =   90000
                         Esc to inf =   32902
                         No line ev =       0
  PW(2)=    31077.679887951148       RQ(JS,5)=    31077.679887951148     
  TB=   10114.808098917876       CLP=  3.38177505305859951E-005  CL=  3.21774342101934427E-005

     JP       LP       KP        KJ         L        NUJ        BT        NPK

  2.04957  0.72768  0.68586  0.269E+00   1.18595  0.837E+15   0.0398   1 1.417E+05
  1.75376  0.72454  0.59412  0.252E+00   1.17004  0.826E+15   0.0415   2 1.339E+05
  1.50141  0.71900  0.51094  0.240E+00   1.15381  0.812E+15   0.0433   3 1.260E+05
  1.23251  0.72429  0.42215  0.220E+00   1.13406  0.791E+15   0.0453   4 1.150E+05
  0.96562  0.73994  0.33694  0.207E+00   1.11239  0.775E+15   0.0475   5 1.012E+05
  0.71459  0.76557  0.25326  0.186E+00   1.08791  0.755E+15   0.0499   6 8.456E+04
  0.49550  0.79844  0.18416  0.166E+00   1.06492  0.728E+15   0.0525   7 6.844E+04
  0.36172  0.81479  0.14227  0.147E+00   1.04947  0.699E+15   0.0555   8 5.871E+04
  0.27244  0.82214  0.11474  0.131E+00   1.03836  0.677E+15   0.0588   9 5.282E+04
  0.20574  0.82626  0.09205  0.111E+00   1.02813  0.654E+15   0.0625  10 4.727E+04
  0.15005  0.83202  0.07367  0.801E-01   1.01899  0.611E+15   0.0667  11 4.244E+04
  0.10638  0.83784  0.05872  0.508E-01   1.01101  0.561E+15   0.0715  12 3.800E+04
  0.08099  0.83366  0.04830  0.345E-01   1.00610  0.540E+15   0.0771  13 3.555E+04
  0.05973  0.83000  0.04014  0.203E-01   1.00310  0.499E+15   0.0836  14 3.411E+04
  0.04537  0.82040  0.03333  0.107E-01   1.00141  0.475E+15   0.0913  15 3.343E+04
  0.03464  0.80631  0.02727  0.385E-02   1.00044  0.457E+15   0.1006  16 3.303E+04
  0.02643  0.78682  0.02186  0.397E-02   1.00012  0.448E+15   0.1121  17 3.294E+04
  0.01961  0.76232  0.01693  0.107E-02   1.00003  0.437E+15   0.1264  18 3.291E+04
  0.01403  0.73060  0.01254  0.885E-03   1.00001  0.426E+15   0.1449  19 3.291E+04
  0.00949  0.68883  0.00872  0.550E-03   1.00000  0.412E+15   0.1699  20 3.290E+04
                                         1.05098

     Scale:  L = 42.433     L+ = 42.895

               TB1 =  9989.9          Log EP0 = 37.940296
  TEMP IT no:           5

     3.4    -24.1770      0.3453   T* =  7657.9   TB =  9989.9

        XS        VS          LOG RH       TE          TR         W

        0.98    11935.73      -12.96     9397.27    10441.41    0.595
        0.94    12436.89      -13.03     9206.56    10229.51    0.552
        0.90    12981.97      -13.04     9015.85    10017.61    0.509
        0.86    13577.02      -13.05     8802.19     9780.22    0.460
        0.82    14229.25      -13.06     8587.07     9541.19    0.398
        0.78    14947.30      -13.11     8351.51     9279.46    0.330
        0.74    15741.68      -13.39     8075.16     8972.40    0.269
        0.70    16625.22      -13.77     7788.30     8653.66    0.225
        0.66    17613.85      -14.04     7508.73     8343.03    0.195
        0.62    18727.49      -14.31     7179.69     7977.43    0.174
        0.59    19991.46      -14.59     6745.13     7494.59    0.163
        0.55    21438.39      -14.96     6300.75     7000.84    0.156
        0.51    23111.11      -15.43     5928.28     6586.98    0.147
        0.47    25066.95      -15.95     5588.39     6209.32    0.140
        0.43    27384.44      -16.52     5310.81     5900.90    0.129
        0.39    30174.08      -17.14     5125.75     5695.28    0.114
        0.35    33596.55      -17.82     4992.69     5547.43    0.096
        0.31    37894.74      -18.59     4871.87     5413.19    0.079
        0.27    43454.04      -19.46     4743.27     5270.30    0.063
        0.23    50924.92      -20.47     4614.66     5127.40    0.047

         En consv. check  -0.323D-15


      NPK        ABS      ESC      event      no event            out of rg

     90000     56087     33913     20382     13531         0         0


                         No. pkts   =   90000
                         Esc to inf =   33913
                         No line ev =       0
  PW(2)=    32092.880846649241       RQ(JS,5)=    32092.880846649241     
  TB=   9989.8581456954689       CLP=  3.21774342101934901E-005  CL=  3.11595585568756489E-005

     JP       LP       KP        KJ         L        NUJ        BT        NPK

  2.03909  0.72606  0.66393  0.276E+00   1.17893  0.838E+15   0.0398   1 1.418E+05
  1.70657  0.73038  0.57936  0.277E+00   1.16425  0.834E+15   0.0415   2 1.350E+05
  1.46274  0.72454  0.50042  0.263E+00   1.14885  0.821E+15   0.0433   3 1.277E+05
  1.19618  0.73069  0.41707  0.252E+00   1.13035  0.809E+15   0.0453   4 1.169E+05
  0.94007  0.74494  0.33022  0.229E+00   1.10832  0.785E+15   0.0475   5 1.024E+05
  0.69756  0.76924  0.24783  0.212E+00   1.08426  0.768E+15   0.0499   6 8.552E+04
  0.48504  0.80082  0.18065  0.196E+00   1.06198  0.744E+15   0.0525   7 6.930E+04
  0.34671  0.82019  0.13848  0.167E+00   1.04645  0.714E+15   0.0555   8 5.896E+04
  0.26156  0.82701  0.11123  0.145E+00   1.03557  0.683E+15   0.0588   9 5.260E+04
  0.20096  0.82877  0.09050  0.124E+00   1.02659  0.652E+15   0.0625  10 4.769E+04
  0.14459  0.83599  0.07286  0.937E-01   1.01808  0.617E+15   0.0667  11 4.293E+04
  0.10593  0.83813  0.05888  0.618E-01   1.01101  0.576E+15   0.0715  12 3.918E+04
  0.07776  0.83746  0.04842  0.416E-01   1.00618  0.536E+15   0.0771  13 3.664E+04
  0.05919  0.83074  0.04039  0.274E-01   1.00341  0.509E+15   0.0836  14 3.532E+04
  0.04592  0.81921  0.03340  0.150E-01   1.00144  0.488E+15   0.0913  15 3.447E+04
  0.03474  0.80595  0.02736  0.784E-02   1.00057  0.468E+15   0.1006  16 3.412E+04
  0.02640  0.78683  0.02190  0.397E-02   1.00017  0.455E+15   0.1121  17 3.397E+04
  0.01959  0.76232  0.01696  0.151E-02   1.00005  0.444E+15   0.1264  18 3.393E+04
  0.01402  0.73063  0.01255  0.770E-03   1.00000  0.433E+15   0.1449  19 3.391E+04
  0.00948  0.68884  0.00873  0.533E-03   1.00000  0.419E+15   0.1699  20 3.391E+04
                                         1.03267

     Scale:  L = 42.433     L+ = 42.881

               TB1 =  9909.9          Log EP0 = 37.926336
  TEMP IT no:           6

     2.0    -24.1770      0.3566   T* =  7657.9   TB =  9909.9

        XS        VS          LOG RH       TE          TR         W

        0.98    11935.73      -12.96     9467.54    10519.49    0.568
        0.94    12436.89      -13.03     9325.50    10361.67    0.514
        0.90    12981.97      -13.04     9183.46    10203.85    0.460
        0.86    13577.02      -13.05     8999.81     9999.79    0.409
        0.82    14229.25      -13.06     8782.63     9758.48    0.354
        0.78    14947.30      -13.11     8549.35     9499.28    0.294
        0.74    15741.68      -13.39     8282.79     9203.10    0.237
        0.70    16625.22      -13.77     7971.06     8856.73    0.198
        0.66    17613.85      -14.04     7637.67     8486.30    0.175
        0.62    18727.49      -14.31     7281.89     8090.99    0.159
        0.59    19991.46      -14.59     6880.19     7644.65    0.147
        0.55    21438.39      -14.96     6443.23     7159.14    0.139
        0.51    23111.11      -15.43     6035.74     6706.38    0.134
        0.47    25066.95      -15.95     5709.19     6343.54    0.127
        0.43    27384.44      -16.52     5452.69     6058.55    0.117
        0.39    30174.08      -17.14     5248.39     5831.55    0.104
        0.35    33596.55      -17.82     5094.23     5660.25    0.089
        0.31    37894.74      -18.59     4965.11     5516.79    0.073
        0.27    43454.04      -19.46     4832.81     5369.79    0.058
        0.23    50924.92      -20.47     4700.50     5222.78    0.043

         En consv. check  -0.103D-13


      NPK        ABS      ESC      event      no event            out of rg

     90000     55456     34544     20505     14039         0         0


                         No. pkts   =   90000
                         Esc to inf =   34544
                         No line ev =       0
  PW(2)=    32682.556367570120       RQ(JS,5)=    32682.556367570120     
  TB=   9909.9004702151433       CLP=  3.11595585568757234E-005  CL=  3.05973617471449940E-005

     JP       LP       KP        KJ         L        NUJ        BT        NPK

  1.98969  0.73351  0.65839  0.282E+00   1.17728  0.837E+15   0.0398   1 1.432E+05
  1.71834  0.72762  0.57404  0.280E+00   1.16269  0.835E+15   0.0415   2 1.360E+05
  1.41688  0.73407  0.48887  0.271E+00   1.14614  0.824E+15   0.0433   3 1.267E+05
  1.19990  0.72992  0.40942  0.267E+00   1.12862  0.820E+15   0.0453   4 1.168E+05
  0.92705  0.74894  0.32942  0.253E+00   1.10845  0.804E+15   0.0475   5 1.038E+05
  0.69590  0.77018  0.24740  0.233E+00   1.08453  0.785E+15   0.0499   6 8.704E+04
  0.48825  0.80001  0.18042  0.204E+00   1.06229  0.755E+15   0.0525   7 7.056E+04
  0.34892  0.81958  0.13898  0.186E+00   1.04705  0.728E+15   0.0555   8 6.030E+04
  0.25872  0.82890  0.11132  0.154E+00   1.03600  0.694E+15   0.0588   9 5.360E+04
  0.20072  0.82919  0.09117  0.138E+00   1.02730  0.671E+15   0.0625  10 4.902E+04
  0.14765  0.83375  0.07399  0.107E+00   1.01911  0.632E+15   0.0667  11 4.462E+04
  0.10642  0.83764  0.05938  0.756E-01   1.01148  0.585E+15   0.0715  12 4.024E+04
  0.08000  0.83468  0.04858  0.534E-01   1.00627  0.554E+15   0.0771  13 3.745E+04
  0.05907  0.83082  0.04045  0.318E-01   1.00340  0.514E+15   0.0836  14 3.600E+04
  0.04524  0.82045  0.03347  0.157E-01   1.00148  0.489E+15   0.0913  15 3.513E+04
  0.03478  0.80574  0.02737  0.100E-01   1.00050  0.474E+15   0.1006  16 3.474E+04
  0.02633  0.78701  0.02191  0.364E-02   1.00014  0.459E+15   0.1121  17 3.458E+04
  0.01958  0.76232  0.01697  0.235E-02   1.00004  0.448E+15   0.1264  18 3.456E+04
  0.01401  0.73062  0.01255  0.130E-02   1.00001  0.437E+15   0.1449  19 3.455E+04
  0.00948  0.68885  0.00873  0.767E-03   1.00000  0.423E+15   0.1699  20 3.454E+04
                                         1.01837

     Scale:  L = 42.433     L+ = 42.873

               TB1 =  9864.9          Log EP0 = 37.918429
  TEMP IT no:           7

     1.5    -24.1770      0.3631   T* =  7657.9   TB =  9864.9

        XS        VS          LOG RH       TE          TR         W

        0.98    11935.73      -12.96     9469.67    10521.85    0.561
        0.94    12436.89      -13.03     9368.48    10409.42    0.500
        0.90    12981.97      -13.04     9267.30    10297.00    0.438
        0.86    13577.02      -13.05     9143.52    10159.46    0.381
        0.82    14229.25      -13.06     8969.65     9966.28    0.324
        0.78    14947.30      -13.11     8731.31     9701.45    0.268
        0.74    15741.68      -13.39     8441.17     9379.08    0.220
        0.70    16625.22      -13.77     8116.76     9018.62    0.184
        0.66    17613.85      -14.04     7784.23     8649.15    0.162
        0.62    18727.49      -14.31     7442.44     8269.38    0.146
        0.59    19991.46      -14.59     7032.52     7813.91    0.136
        0.55    21438.39      -14.96     6583.05     7314.50    0.130
        0.51    23111.11      -15.43     6169.89     6855.44    0.125
        0.47    25066.95      -15.95     5802.63     6447.36    0.119
        0.43    27384.44      -16.52     5516.87     6129.86    0.111
        0.39    30174.08      -17.14     5315.75     5906.39    0.098
        0.35    33596.55      -17.82     5157.81     5730.90    0.084
        0.31    37894.74      -18.59     5024.78     5583.09    0.069
        0.27    43454.04      -19.46     4892.37     5435.97    0.055
        0.23    50924.92      -20.47     4759.96     5288.85    0.041

         En consv. check  -0.115D-13


      NPK        ABS      ESC      event      no event            out of rg

     90000     54965     35035     20631     14404         0         0


                         No. pkts   =   90000
                         Esc to inf =   35035
                         No line ev =       0
  PW(2)=    33178.940714652541       RQ(JS,5)=    33178.940714652541     
  TB=   9864.8949277018255       CLP=  3.05973617471450075E-005  CL=  3.01395999528815073E-005

     JP       LP       KP        KJ         L        NUJ        BT        NPK

  1.92184  0.74208  0.63808  0.285E+00   1.17123  0.834E+15   0.0398   1 1.410E+05
  1.65055  0.73797  0.55741  0.287E+00   1.15721  0.839E+15   0.0415   2 1.343E+05
  1.37788  0.74033  0.47816  0.273E+00   1.14179  0.822E+15   0.0433   3 1.259E+05
  1.16320  0.73709  0.39981  0.263E+00   1.12448  0.814E+15   0.0453   4 1.159E+05
  0.93664  0.74466  0.32234  0.260E+00   1.10484  0.807E+15   0.0475   5 1.036E+05
  0.67641  0.77526  0.24087  0.242E+00   1.08113  0.789E+15   0.0499   6 8.596E+04
  0.47571  0.80382  0.17720  0.226E+00   1.06011  0.765E+15   0.0525   7 7.032E+04
  0.33772  0.82395  0.13628  0.192E+00   1.04520  0.732E+15   0.0555   8 5.989E+04
  0.25643  0.82960  0.11030  0.163E+00   1.03493  0.700E+15   0.0588   9 5.390E+04
  0.19439  0.83290  0.08989  0.141E+00   1.02613  0.672E+15   0.0625  10 4.904E+04
  0.14581  0.83500  0.07347  0.116E+00   1.01852  0.638E+15   0.0667  11 4.487E+04
  0.10764  0.83635  0.05963  0.847E-01   1.01160  0.598E+15   0.0715  12 4.099E+04
  0.07886  0.83591  0.04887  0.593E-01   1.00648  0.556E+15   0.0771  13 3.821E+04
  0.05942  0.83014  0.04055  0.385E-01   1.00340  0.522E+15   0.0836  14 3.658E+04
  0.04504  0.82076  0.03346  0.169E-01   1.00137  0.493E+15   0.0913  15 3.557E+04
  0.03455  0.80628  0.02738  0.791E-02   1.00047  0.475E+15   0.1006  16 3.520E+04
  0.02632  0.78698  0.02192  0.301E-02   1.00013  0.463E+15   0.1121  17 3.508E+04
  0.01956  0.76238  0.01698  0.123E-02   1.00004  0.452E+15   0.1264  18 3.505E+04
  0.01400  0.73063  0.01256  0.882E-03   1.00001  0.441E+15   0.1449  19 3.504E+04
  0.00948  0.68884  0.00873  0.552E-03   1.00000  0.427E+15   0.1699  20 3.504E+04
                                         1.01519

     Scale:  L = 42.433     L+ = 42.866

               TB1 =  9827.8          Log EP0 = 37.911882
  TEMP IT no:           8

     0.9    -24.1770      0.3687   T* =  7657.9   TB =  9827.8

        XS        VS          LOG RH       TE          TR         W

        0.98    11935.73      -12.96     9492.56    10547.28    0.535
        0.94    12436.89      -13.03     9387.28    10430.31    0.478
        0.90    12981.97      -13.04     9282.00    10313.33    0.422
        0.86    13577.02      -13.05     9163.83    10182.03    0.370
        0.82    14229.25      -13.06     9031.91    10035.46    0.312
        0.78    14947.30      -13.11     8830.00     9811.12    0.253
        0.74    15741.68      -13.39     8549.51     9499.46    0.204
        0.70    16625.22      -13.77     8212.24     9124.71    0.172
        0.66    17613.85      -14.04     7865.11     8739.02    0.152
        0.62    18727.49      -14.31     7519.31     8354.79    0.137
        0.59    19991.46      -14.59     7130.02     7922.25    0.127
        0.55    21438.39      -14.96     6691.55     7435.05    0.122
        0.51    23111.11      -15.43     6257.53     6952.81    0.117
        0.47    25066.95      -15.95     5875.89     6528.77    0.113
        0.43    27384.44      -16.52     5571.33     6190.37    0.106
        0.39    30174.08      -17.14     5356.00     5951.11    0.095
        0.35    33596.55      -17.82     5204.14     5782.38    0.081
        0.31    37894.74      -18.59     5073.84     5637.60    0.067
        0.27    43454.04      -19.46     4941.61     5490.68    0.053
        0.23    50924.92      -20.47     4809.39     5343.76    0.039

         En consv. check  -0.489D-14


      NPK        ABS      ESC      event      no event            out of rg

     90000     54832     35168     20491     14677         0         0


                         No. pkts   =   90000
                         Esc to inf =   35168
                         No line ev =       0
  PW(2)=    33352.755375617780       RQ(JS,5)=    33352.857192415126     
  TB=   9827.7893569653133       CLP=  3.01395999528815818E-005  CL=  2.99824388126907757E-005

     JP       LP       KP        KJ         L        NUJ        BT        NPK

  1.92081  0.74044  0.63560  0.288E+00   1.16900  0.834E+15   0.0398   1 1.413E+05
  1.63345  0.73942  0.55267  0.284E+00   1.15456  0.832E+15   0.0415   2 1.339E+05
  1.38862  0.73633  0.47815  0.282E+00   1.14007  0.832E+15   0.0433   3 1.267E+05
  1.15131  0.73831  0.39768  0.269E+00   1.12228  0.816E+15   0.0453   4 1.159E+05
  0.92379  0.74672  0.32084  0.273E+00   1.10287  0.816E+15   0.0475   5 1.035E+05
  0.66100  0.77891  0.23954  0.250E+00   1.07933  0.791E+15   0.0499   6 8.577E+04
  0.46623  0.80623  0.17426  0.236E+00   1.05780  0.765E+15   0.0525   7 6.934E+04
  0.33150  0.82566  0.13465  0.198E+00   1.04339  0.732E+15   0.0555   8 5.943E+04
  0.25030  0.83196  0.10880  0.173E+00   1.03322  0.704E+15   0.0588   9 5.330E+04
  0.18680  0.83704  0.08886  0.145E+00   1.02476  0.669E+15   0.0625  10 4.845E+04
  0.14120  0.83809  0.07229  0.119E+00   1.01710  0.633E+15   0.0667  11 4.415E+04
  0.10413  0.83946  0.05902  0.873E-01   1.01075  0.595E+15   0.0715  12 4.057E+04
  0.07704  0.83797  0.04861  0.554E-01   1.00606  0.551E+15   0.0771  13 3.797E+04
  0.05939  0.83010  0.04045  0.354E-01   1.00316  0.524E+15   0.0836  14 3.658E+04
  0.04564  0.81945  0.03355  0.199E-01   1.00144  0.501E+15   0.0913  15 3.580E+04
  0.03446  0.80644  0.02741  0.717E-02   1.00044  0.476E+15   0.1006  16 3.532E+04
  0.02627  0.78707  0.02195  0.380E-02   1.00017  0.464E+15   0.1121  17 3.522E+04
  0.01954  0.76240  0.01699  0.181E-02   1.00004  0.453E+15   0.1264  18 3.518E+04
  0.01400  0.73064  0.01257  0.127E-02   1.00001  0.442E+15   0.1449  19 3.517E+04
  0.00947  0.68886  0.00874  0.874E-03   1.00000  0.428E+15   0.1699  20 3.517E+04
                                         1.00524

     Scale:  L = 42.433     L+ = 42.864

               TB1 =  9815.0          Log EP0 = 37.909613
  TEMP IT no:           9

     0.4    -24.1770      0.3706   T* =  7657.9   TB =  9815.0

        XS        VS          LOG RH       TE          TR         W

        0.98    11935.73      -12.96     9451.12    10501.24    0.540
        0.94    12436.89      -13.03     9384.59    10427.32    0.478
        0.90    12981.97      -13.04     9318.07    10353.41    0.415
        0.86    13577.02      -13.05     9220.26    10244.73    0.359
        0.82    14229.25      -13.06     9094.58    10105.09    0.299
        0.78    14947.30      -13.11     8880.64     9867.38    0.242
        0.74    15741.68      -13.39     8579.69     9532.99    0.197
        0.70    16625.22      -13.77     8246.27     9162.53    0.165
        0.66    17613.85      -14.04     7899.70     8777.44    0.145
        0.62    18727.49      -14.31     7529.32     8365.91    0.132
        0.59    19991.46      -14.59     7126.82     7918.69    0.123
        0.55    21438.39      -14.96     6691.32     7434.80    0.118
        0.51    23111.11      -15.43     6263.64     6959.60    0.115
        0.47    25066.95      -15.95     5912.12     6569.02    0.110
        0.43    27384.44      -16.52     5625.65     6250.73    0.103
        0.39    30174.08      -17.14     5390.96     5989.95    0.093
        0.35    33596.55      -17.82     5226.38     5807.09    0.080
        0.31    37894.74      -18.59     5098.36     5664.84    0.065
        0.27    43454.04      -19.46     4965.19     5516.87    0.052
        0.23    50924.92      -20.47     4832.01     5368.91    0.039

         En consv. check   0.455D-14


      NPK        ABS      ESC      event      no event            out of rg

     90000     54529     35471     20643     14828         0         0


                         No. pkts   =   90000
                         Esc to inf =   35471
                         No line ev =       0
  PW(2)=    33631.236874041992       RQ(JS,5)=    33631.236874041992     
  TB=   9814.9548707982012       CLP=  2.99824662711129661E-005  CL=  2.97342617443797378E-005

     JP       LP       KP        KJ         L        NUJ        BT        NPK

  1.89342  0.74460  0.63138  0.286E+00   1.16793  0.830E+15   0.0398   1 1.412E+05
  1.61852  0.74202  0.54872  0.284E+00   1.15362  0.830E+15   0.0415   2 1.337E+05
  1.36599  0.74119  0.47121  0.279E+00   1.13863  0.828E+15   0.0433   3 1.260E+05
  1.14352  0.74041  0.39485  0.281E+00   1.12179  0.828E+15   0.0453   4 1.159E+05
  0.89994  0.75381  0.31604  0.266E+00   1.10193  0.807E+15   0.0475   5 1.026E+05
  0.66544  0.77783  0.23948  0.258E+00   1.07968  0.797E+15   0.0499   6 8.651E+04
  0.46213  0.80818  0.17321  0.228E+00   1.05779  0.761E+15   0.0525   7 6.958E+04
  0.33782  0.82324  0.13472  0.196E+00   1.04383  0.730E+15   0.0555   8 6.002E+04
  0.25259  0.83109  0.10991  0.176E+00   1.03416  0.708E+15   0.0588   9 5.422E+04
  0.19184  0.83413  0.08912  0.148E+00   1.02524  0.674E+15   0.0625  10 4.905E+04
  0.14348  0.83655  0.07272  0.123E+00   1.01766  0.642E+15   0.0667  11 4.482E+04
  0.10602  0.83776  0.05931  0.910E-01   1.01113  0.598E+15   0.0715  12 4.122E+04
  0.07897  0.83570  0.04883  0.624E-01   1.00636  0.561E+15   0.0771  13 3.863E+04
  0.05927  0.83030  0.04045  0.377E-01   1.00316  0.523E+15   0.0836  14 3.692E+04
  0.04531  0.82015  0.03347  0.184E-01   1.00131  0.496E+15   0.0913  15 3.602E+04
  0.03465  0.80595  0.02741  0.109E-01   1.00048  0.479E+15   0.1006  16 3.568E+04
  0.02633  0.78686  0.02194  0.557E-02   1.00015  0.466E+15   0.1121  17 3.553E+04
  0.01955  0.76239  0.01699  0.160E-02   1.00005  0.454E+15   0.1264  18 3.548E+04
  0.01400  0.73065  0.01257  0.846E-03   1.00001  0.442E+15   0.1449  19 3.548E+04
  0.00947  0.68886  0.00874  0.595E-03   1.00000  0.428E+15   0.1699  20 3.547E+04
                                         1.00835

     Scale:  L = 42.433     L+ = 42.860

               TB1 =  9794.6          Log EP0 = 37.906002
  TEMP IT no:          30

     0.3    -24.1770      0.3737   T* =  7657.9   TB =  9794.6

        XS        VS          LOG RH       TE          TR         W

        0.98    11935.73      -12.96     9390.99    10434.43    0.545
        0.94    12436.89      -13.03     9359.56    10399.51    0.477
        0.90    12981.97      -13.04     9328.13    10364.59    0.409
        0.86    13577.02      -13.05     9254.33    10282.59    0.349
        0.82    14229.25      -13.06     9110.49    10122.77    0.293
        0.78    14947.30      -13.11     8894.79     9883.10    0.239
        0.74    15741.68      -13.39     8587.25     9541.39    0.196
        0.70    16625.22      -13.77     8253.32     9170.36    0.166
        0.66    17613.85      -14.04     7933.41     8814.90    0.145
        0.62    18727.49      -14.31     7580.68     8422.98    0.131
        0.59    19991.46      -14.59     7180.08     7977.87    0.122
        0.55    21438.39      -14.96     6742.39     7491.55    0.117
        0.51    23111.11      -15.43     6310.19     7011.32    0.113
        0.47    25066.95      -15.95     5926.80     6585.34    0.109
        0.43    27384.44      -16.52     5623.65     6248.50    0.103
        0.39    30174.08      -17.14     5407.83     6008.70    0.092
        0.35    33596.55      -17.82     5247.28     5830.31    0.079
        0.31    37894.74      -18.59     5110.39     5678.21    0.065
        0.27    43454.04      -19.46     4974.65     5527.39    0.052
        0.23    50924.92      -20.47     4838.91     5376.56    0.038

         En consv. check   0.119D-13


      NPK        ABS      ESC      event      no event            out of rg

     90000     54586     35414     20544     14870         0         0


                         No. pkts   =   90000
                         Esc to inf =   35414
                         No line ev =       0
  PW(2)=    33586.506077189617       RQ(JS,5)=    33586.506077189617     
  TB=   9794.5786653842479       CLP=  2.97342617443798225E-005  CL=  2.97738620891904339E-005

     JP       LP       KP        KJ         L        NUJ        BT        NPK

  1.86938  0.74771  0.62333  0.287E+00   1.16572  0.831E+15   0.0398   1 1.393E+05
  1.60645  0.74352  0.54593  0.281E+00   1.15233  0.827E+15   0.0415   2 1.331E+05
  1.36756  0.74003  0.47116  0.279E+00   1.13779  0.828E+15   0.0433   3 1.256E+05
  1.13853  0.74076  0.39713  0.283E+00   1.12148  0.828E+15   0.0453   4 1.166E+05
  0.90723  0.75078  0.31904  0.271E+00   1.10178  0.812E+15   0.0475   5 1.035E+05
  0.65382  0.78066  0.23488  0.247E+00   1.07722  0.784E+15   0.0499   6 8.469E+04
  0.45197  0.81125  0.17080  0.220E+00   1.05609  0.754E+15   0.0525   7 6.836E+04
  0.32536  0.82816  0.13271  0.200E+00   1.04227  0.732E+15   0.0555   8 5.902E+04
  0.24778  0.83316  0.10787  0.176E+00   1.03259  0.703E+15   0.0588   9 5.321E+04
  0.18799  0.83621  0.08853  0.149E+00   1.02447  0.669E+15   0.0625  10 4.856E+04
  0.14203  0.83733  0.07287  0.119E+00   1.01743  0.635E+15   0.0667  11 4.477E+04
  0.10430  0.83914  0.05902  0.935E-01   1.01059  0.597E+15   0.0715  12 4.083E+04
  0.07719  0.83766  0.04859  0.571E-01   1.00589  0.551E+15   0.0771  13 3.825E+04
  0.05855  0.83129  0.04044  0.358E-01   1.00305  0.520E+15   0.0836  14 3.680E+04
  0.04487  0.82095  0.03348  0.186E-01   1.00127  0.494E+15   0.0913  15 3.593E+04
  0.03451  0.80627  0.02743  0.935E-02   1.00045  0.478E+15   0.1006  16 3.558E+04
  0.02625  0.78713  0.02194  0.398E-02   1.00010  0.465E+15   0.1121  17 3.545E+04
  0.01953  0.76243  0.01699  0.188E-02   1.00005  0.454E+15   0.1264  18 3.542E+04
  0.01399  0.73066  0.01257  0.117E-02   1.00002  0.443E+15   0.1449  19 3.542E+04
  0.00947  0.68886  0.00874  0.805E-03   1.00000  0.429E+15   0.1699  20 3.541E+04
                                         0.99867

     Scale:  L = 42.433     L+ = 42.861

               TB1 =  9797.8          Log EP0 = 37.906580

         En consv. check  -0.390D-14


      NPK        ABS      ESC      event      no event            out of rg

     90000     54711     35289     20458     14831         0         0


                         No. pkts   =   90000
                         Esc to inf =   35289
                         No line ev =       0
  PW(2)=    33469.896021485067       RQ(JS,5)=    33470.108737785034     
  TB=   9797.8381639178406       CLP=  2.97738620891907320E-005  CL=  2.98774051746978992E-005

     JP       LP       KP        KJ         L        NUJ        BT        NPK

  1.92393  0.73964  0.63160  0.287E+00   1.16805  0.828E+15   0.0398   1 1.410E+05
  1.62846  0.74015  0.55092  0.286E+00   1.15403  0.831E+15   0.0415   2 1.340E+05
  1.39030  0.73575  0.47616  0.282E+00   1.13942  0.829E+15   0.0433   3 1.268E+05
  1.14956  0.73847  0.39988  0.277E+00   1.12255  0.820E+15   0.0453   4 1.172E+05
  0.92095  0.74723  0.31949  0.275E+00   1.10220  0.817E+15   0.0475   5 1.034E+05
  0.66735  0.77644  0.23856  0.250E+00   1.07860  0.789E+15   0.0499   6 8.580E+04
  0.46229  0.80733  0.17368  0.229E+00   1.05717  0.764E+15   0.0525   7 6.941E+04
  0.33137  0.82536  0.13329  0.201E+00   1.04242  0.734E+15   0.0555   8 5.905E+04
  0.24687  0.83352  0.10819  0.178E+00   1.03263  0.707E+15   0.0588   9 5.315E+04
  0.18551  0.83767  0.08843  0.151E+00   1.02429  0.670E+15   0.0625  10 4.834E+04
  0.13973  0.83907  0.07249  0.122E+00   1.01709  0.639E+15   0.0667  11 4.437E+04
  0.10360  0.83983  0.05904  0.871E-01   1.01063  0.595E+15   0.0715  12 4.065E+04
  0.07748  0.83730  0.04881  0.614E-01   1.00614  0.556E+15   0.0771  13 3.824E+04
  0.05889  0.83075  0.04046  0.329E-01   1.00307  0.520E+15   0.0836  14 3.668E+04
  0.04499  0.82067  0.03357  0.206E-01   1.00140  0.497E+15   0.0913  15 3.590E+04
  0.03453  0.80619  0.02745  0.104E-01   1.00047  0.478E+15   0.1006  16 3.547E+04
  0.02626  0.78706  0.02195  0.435E-02   1.00010  0.465E+15   0.1121  17 3.533E+04
  0.01953  0.76243  0.01700  0.192E-02   1.00004  0.454E+15   0.1264  18 3.530E+04
  0.01399  0.73065  0.01257  0.124E-02   1.00001  0.443E+15   0.1449  19 3.529E+04
  0.00947  0.68886  0.00874  0.858E-03   1.00000  0.429E+15   0.1699  20 3.529E+04
                                         0.99653

     Scale:  L = 42.433     L+ = 42.862

               TB1 =  9806.4          Log EP0 = 37.908091

         En consv. check  -0.150D-13


      NPK        ABS      ESC      event      no event            out of rg

     90000     54675     35325     20603     14722         0         0


                         No. pkts   =   90000
                         Esc to inf =   35325
                         No line ev =       0
  PW(2)=    33505.107249999179       RQ(JS,5)=    33505.107249999179     
  TB=   9806.3610224667209       CLP=  2.98775950590970005E-005  CL=  2.98461960601551124E-005

     JP       LP       KP        KJ         L        NUJ        BT        NPK

  1.92154  0.73984  0.63125  0.287E+00   1.16780  0.830E+15   0.0398   1 1.411E+05
  1.62406  0.74081  0.54877  0.286E+00   1.15346  0.834E+15   0.0415   2 1.336E+05
  1.37576  0.73873  0.47291  0.283E+00   1.13861  0.830E+15   0.0433   3 1.259E+05
  1.13528  0.74203  0.39571  0.276E+00   1.12162  0.825E+15   0.0453   4 1.161E+05
  0.91916  0.74792  0.31991  0.278E+00   1.10251  0.817E+15   0.0475   5 1.038E+05
  0.66544  0.77722  0.23900  0.247E+00   1.07891  0.789E+15   0.0499   6 8.598E+04
  0.46357  0.80696  0.17429  0.227E+00   1.05753  0.766E+15   0.0525   7 6.972E+04
  0.32526  0.82823  0.13326  0.198E+00   1.04255  0.731E+15   0.0555   8 5.903E+04
  0.24605  0.83409  0.10811  0.174E+00   1.03273  0.702E+15   0.0588   9 5.316E+04
  0.18794  0.83624  0.08901  0.151E+00   1.02479  0.673E+15   0.0625  10 4.868E+04
  0.14199  0.83740  0.07248  0.125E+00   1.01717  0.641E+15   0.0667  11 4.440E+04
  0.10511  0.83842  0.05922  0.939E-01   1.01083  0.600E+15   0.0715  12 4.083E+04
  0.07797  0.83677  0.04889  0.637E-01   1.00630  0.558E+15   0.0771  13 3.832E+04
  0.05823  0.83179  0.04043  0.336E-01   1.00306  0.518E+15   0.0836  14 3.663E+04
  0.04489  0.82092  0.03351  0.204E-01   1.00134  0.496E+15   0.0913  15 3.588E+04
  0.03446  0.80641  0.02743  0.867E-02   1.00046  0.477E+15   0.1006  16 3.548E+04
  0.02627  0.78704  0.02196  0.575E-02   1.00016  0.466E+15   0.1121  17 3.538E+04
  0.01955  0.76235  0.01700  0.314E-02   1.00008  0.456E+15   0.1264  18 3.534E+04
  0.01400  0.73060  0.01257  0.205E-02   1.00002  0.444E+15   0.1449  19 3.533E+04
  0.00947  0.68886  0.00874  0.120E-02   1.00000  0.429E+15   0.1699  20 3.532E+04
                                         1.00105

     Scale:  L = 42.433     L+ = 42.862

               TB1 =  9803.8          Log EP0 = 37.907634

         En consv. check   0.906D-14


      NPK        ABS      ESC      event      no event            out of rg

     90000     54825     35175     20417     14758         0         0


                         No. pkts   =   90000
                         Esc to inf =   35175
                         No line ev =       0
  PW(2)=    33371.345632121105       RQ(JS,5)=    33371.345632121105     
  TB=   9803.7835782388611       CLP=  2.98461960601554885E-005  CL=  2.99658278998933876E-005

     JP       LP       KP        KJ         L        NUJ        BT        NPK

  1.91841  0.74054  0.63484  0.289E+00   1.16858  0.833E+15   0.0398   1 1.413E+05
  1.62726  0.74032  0.55411  0.287E+00   1.15458  0.829E+15   0.0415   2 1.343E+05
  1.38045  0.73781  0.47647  0.282E+00   1.13946  0.827E+15   0.0433   3 1.264E+05
  1.14712  0.73910  0.39881  0.277E+00   1.12232  0.823E+15   0.0453   4 1.163E+05
  0.91656  0.74848  0.31973  0.270E+00   1.10229  0.815E+15   0.0475   5 1.032E+05
  0.66546  0.77709  0.23841  0.253E+00   1.07859  0.790E+15   0.0499   6 8.528E+04
  0.46193  0.80747  0.17189  0.225E+00   1.05649  0.764E+15   0.0525   7 6.862E+04
  0.32841  0.82671  0.13309  0.199E+00   1.04235  0.732E+15   0.0555   8 5.882E+04
  0.25045  0.83164  0.10830  0.177E+00   1.03270  0.709E+15   0.0588   9 5.310E+04
  0.19025  0.83459  0.08878  0.153E+00   1.02447  0.676E+15   0.0625  10 4.847E+04
  0.14032  0.83854  0.07230  0.122E+00   1.01687  0.636E+15   0.0667  11 4.414E+04
  0.10411  0.83930  0.05872  0.846E-01   1.01028  0.590E+15   0.0715  12 4.029E+04
  0.07673  0.83824  0.04837  0.549E-01   1.00565  0.549E+15   0.0771  13 3.778E+04
  0.05879  0.83095  0.04043  0.360E-01   1.00307  0.520E+15   0.0836  14 3.652E+04
  0.04506  0.82057  0.03353  0.184E-01   1.00135  0.495E+15   0.0913  15 3.574E+04
  0.03448  0.80634  0.02742  0.853E-02   1.00044  0.477E+15   0.1006  16 3.534E+04
  0.02628  0.78702  0.02195  0.439E-02   1.00013  0.465E+15   0.1121  17 3.522E+04
  0.01953  0.76242  0.01699  0.186E-02   1.00003  0.454E+15   0.1264  18 3.518E+04
  0.01399  0.73066  0.01257  0.109E-02   1.00001  0.443E+15   0.1449  19 3.518E+04
  0.00947  0.68886  0.00874  0.769E-03   1.00000  0.428E+15   0.1699  20 3.518E+04
                                         0.99601

     Scale:  L = 42.433     L+ = 42.864

               TB1 =  9813.6          Log EP0 = 37.909371
     POWER:   0.3337E+05    INPUT FLUX:   0.6009E-10    INT. FLUX:  0.5338E-10

UNREDD. MAGS: U=    14.373 B=    14.160 V=    13.990 R=    13.709
UNREDD. COL.: U-B =  0.214 B-V =  0.170 V-R =  0.281

REDD. MAGS:   U=    16.210 B=    15.703 V=    15.175 R=    14.688
REDD. COL.:   U-B =  0.508 B-V =  0.528 V-R =  0.487

ABS. MAG:     U =  -17.067 B =  -17.280 V =  -17.450
MBol =  14.065  Bol. Corr. =   0.075  (MBol)o= -17.375
