
     NP4 =     9     ITT =  4     JS = 20      KB = 501 XE1= 0.210

     Day = 10.40     Log Taug = -3.700

     CHL(eV) = 25.0     NC =  5

     WVM1 = 0.2500    WVM2 = 1.2000       KG =  1500

                  LOG R/RS     LOG L/LS         VEL LB          TB

                   4.334       9.050           16700.0       10000.0


                     1.0000



       RADIUS    VELOCITY  DENSITY    MASS    TOT. MASS   NEWMASS NEWTOT. MASS Kin. En.
   1  0.53D+14    193.09  0.19D-12  0.582D-04  0.582D-04  0.152D-02  0.152D-02  0.284D+12
   2  0.46D+15   1699.64  0.12D-12  0.204D-01  0.205D-01  0.508D-01  0.523D-01  0.734D+15
   3  0.76D+15   2779.51  0.82D-13  0.566D-01  0.770D-01  0.808D-01  0.133D+00  0.385D+16
   4  0.10D+16   3736.92  0.58D-13  0.754D-01  0.152D+00  0.907D-01  0.224D+00  0.102D+17
   5  0.12D+16   4553.08  0.43D-13  0.773D-01  0.230D+00  0.910D-01  0.315D+00  0.196D+17
   6  0.15D+16   5334.55  0.32D-13  0.790D-01  0.309D+00  0.943D-01  0.409D+00  0.330D+17
   7  0.17D+16   6153.91  0.24D-13  0.826D-01  0.391D+00  0.986D-01  0.508D+00  0.517D+17
   8  0.19D+16   7036.23  0.17D-13  0.841D-01  0.475D+00  0.115D+00  0.623D+00  0.802D+17
   9  0.22D+16   8256.81  0.11D-13  0.102D+00  0.577D+00  0.105D+00  0.728D+00  0.116D+18
  10  0.25D+16   9216.44  0.86D-14  0.808D-01  0.658D+00  0.891D-01  0.817D+00  0.154D+18
  11  0.28D+16  10159.20  0.72D-14  0.812D-01  0.739D+00  0.101D+00  0.918D+00  0.206D+18
  12  0.31D+16  11337.24  0.49D-14  0.853D-01  0.825D+00  0.882D-01  0.101D+01  0.263D+18
  13  0.34D+16  12358.60  0.33D-14  0.613D-01  0.886D+00  0.721D-01  0.108D+01  0.318D+18
  14  0.37D+16  13539.64  0.32D-14  0.820D-01  0.968D+00  0.716D-01  0.115D+01  0.383D+18
  15  0.39D+16  14262.30  0.31D-14  0.552D-01  0.102D+01  0.653D-01  0.122D+01  0.450D+18
  16  0.41D+16  15158.44  0.27D-14  0.662D-01  0.109D+01  0.985D-01  0.131D+01  0.563D+18
  17  0.46D+16  16746.85  0.54D-15  0.277D-01  0.112D+01  0.555D-01  0.137D+01  0.641D+18
  18  0.57D+16  20745.14  0.64D-16  0.116D-01  0.113D+01  0.989D-02  0.138D+01  0.662D+18
  19  0.61D+16  22490.48  0.20D-16  0.205D-02  0.113D+01  0.109D-02  0.138D+01  0.665D+18
 /, Kin. En. =    51.121343040386641     

      XS      VS        LOG RH      TE       TR       W    SH M    TOTM

      0.98  17036.47    -13.90   6472.74   7191.93  0.401  0.012  0.012
      0.94  17751.79    -14.08   6472.74   7191.93  0.330  0.009  0.021
      0.90  18529.82    -14.26   6472.74   7191.93  0.283  0.007  0.028
      0.86  19379.17    -14.45   6472.74   7191.93  0.246  0.005  0.033
      0.82  20310.12    -14.65   6472.74   7191.93  0.215  0.004  0.037
      0.78  21335.04    -14.92   6472.74   7191.93  0.189  0.003  0.040
      0.74  22468.89    -15.25   6472.74   7191.93  0.165  0.002  0.041
      0.70  23730.02    -15.60   6472.74   7191.93  0.145  0.001  0.042
      0.66  25141.14    -15.97   6472.74   7191.93  0.126  0.000  0.043
      0.62  26730.69    -16.36   6472.74   7191.93  0.110  0.000  0.043
      0.59  28534.81    -16.78   6472.74   7191.93  0.095  0.000  0.043
      0.55  30600.09    -17.22   6472.74   7191.93  0.081  0.000  0.043
      0.51  32987.65    -17.70   6472.74   7191.93  0.069  0.000  0.043
      0.47  35779.33    -18.22   6472.74   7191.93  0.058  0.000  0.043
      0.43  39087.19    -18.79   6472.74   7191.93  0.048  0.000  0.043
      0.39  43068.99    -19.41   6472.74   7191.93  0.039  0.000  0.043
      0.35  47954.06    -20.09   6472.74   7191.93  0.031  0.000  0.043
      0.31  54089.07    -20.86   6472.74   7191.93  0.024  0.000  0.043
      0.27  62024.14    -21.73   6472.74   7191.93  0.018  0.000  0.043
      0.23  72687.70    -22.74   6472.74   7191.93  0.013  0.000  0.043

        XS        VS          LOG RH       TE          TR         W

        0.98    17036.47      -13.90     6472.74     7191.93    0.401
        0.94    17751.79      -14.08     6472.74     7191.93    0.330
        0.90    18529.82      -14.26     6472.74     7191.93    0.283
        0.86    19379.17      -14.45     6472.74     7191.93    0.246
        0.82    20310.12      -14.65     6472.74     7191.93    0.215
        0.78    21335.04      -14.92     6472.74     7191.93    0.189
        0.74    22468.89      -15.25     6472.74     7191.93    0.165
        0.70    23730.02      -15.60     6472.74     7191.93    0.145
        0.66    25141.14      -15.97     6472.74     7191.93    0.126
        0.62    26730.69      -16.36     6472.74     7191.93    0.110
        0.59    28534.81      -16.78     6472.74     7191.93    0.095
        0.55    30600.09      -17.22     6472.74     7191.93    0.081
        0.51    32987.65      -17.70     6472.74     7191.93    0.069
        0.47    35779.33      -18.22     6472.74     7191.93    0.058
        0.43    39087.19      -18.79     6472.74     7191.93    0.048
        0.39    43068.99      -19.41     6472.74     7191.93    0.039
        0.35    47954.06      -20.09     6472.74     7191.93    0.031
        0.31    54089.07      -20.86     6472.74     7191.93    0.024
        0.27    62024.14      -21.73     6472.74     7191.93    0.018
        0.23    72687.70      -22.74     6472.74     7191.93    0.013

     No. of ions =  30            Total No. Included = 47820


         En consv. check   0.558D-14


      NPK        ABS      ESC      event      no event            out of rg

     90000     40963     49037     15988     33049         0         0


                         No. pkts   =   90000
                         Esc to inf =   49037
                         No line ev =       0
  PW(2)=    48383.949677719909       RQ(JS,5)=    48383.949677719909     
  TB=   10000.000000000000       CLP=  4.15312826823046943E-005  CL=  2.06680109139681335E-005

     JP       LP       KP        KJ         L        NUJ        BT        NPK

  0.93129  0.75509  0.30632  0.144E+00   1.05712  0.726E+15   0.0568   1 1.026E+05
  0.64912  0.79325  0.23014  0.114E+00   1.03861  0.681E+15   0.0592   2 8.340E+04
  0.47668  0.81451  0.18568  0.102E+00   1.02706  0.651E+15   0.0618   3 7.251E+04
  0.36088  0.82721  0.15365  0.953E-01   1.01831  0.630E+15   0.0646   4 6.464E+04
  0.27789  0.83517  0.12816  0.745E-01   1.01101  0.596E+15   0.0677   5 5.824E+04
  0.21472  0.84076  0.11001  0.574E-01   1.00606  0.565E+15   0.0712   6 5.388E+04
  0.16980  0.84244  0.09675  0.408E-01   1.00306  0.533E+15   0.0749   7 5.135E+04
  0.13876  0.83974  0.08635  0.255E-01   1.00143  0.511E+15   0.0792   8 5.009E+04
  0.11555  0.83411  0.07723  0.151E-01   1.00056  0.495E+15   0.0839   9 4.941E+04
  0.09695  0.82628  0.06884  0.748E-02   1.00018  0.484E+15   0.0892  10 4.914E+04
  0.08162  0.81627  0.06088  0.541E-02   1.00010  0.478E+15   0.0952  11 4.910E+04
  0.06820  0.80460  0.05312  0.281E-02   1.00002  0.471E+15   0.1021  12 4.904E+04
  0.05657  0.79075  0.04569  0.251E-02   1.00001  0.466E+15   0.1100  13 4.904E+04
  0.04628  0.77462  0.03863  0.199E-02   1.00000  0.460E+15   0.1193  14 4.904E+04
  0.03726  0.75557  0.03201  0.190E-02   1.00000  0.453E+15   0.1304  15 4.904E+04
  0.02937  0.73283  0.02588  0.167E-02   1.00000  0.446E+15   0.1437  16 4.904E+04
  0.02254  0.70533  0.02031  0.144E-02   1.00000  0.437E+15   0.1600  17 4.904E+04
  0.01670  0.67148  0.01535  0.122E-02   1.00000  0.426E+15   0.1804  18 4.904E+04
  0.01179  0.62888  0.01103  0.972E-03   1.00000  0.411E+15   0.2069  19 4.904E+04
  0.00777  0.57378  0.00738  0.796E-03   1.00000  0.393E+15   0.2425  20 4.904E+04
                                         2.00945

     Scale:  L = 42.633     L+ = 42.902

               TB1 =  8399.1          Log EP0 = 37.948044
  TEMP IT no:           1

    12.1    -24.1770      0.5376   T* =  7191.9   TB =  8399.1

        XS        VS          LOG RH       TE          TR         W

        0.98    17036.47      -13.90     7593.11     8436.79    0.465
        0.94    17751.79      -14.08     7344.25     8160.28    0.400
        0.90    18529.82      -14.26     7095.40     7883.78    0.336
        0.86    19379.17      -14.45     6886.18     7651.31    0.285
        0.82    20310.12      -14.65     6648.38     7387.09    0.251
        0.78    21335.04      -14.92     6396.45     7107.17    0.227
        0.74    22468.89      -15.25     6168.03     6853.36    0.208
        0.70    23730.02      -15.60     5987.34     6652.60    0.191
        0.66    25141.14      -15.97     5858.03     6508.92    0.173
        0.62    26730.69      -16.36     5769.56     6410.63    0.154
        0.59    28534.81      -16.78     5710.29     6344.76    0.135
        0.55    30600.09      -17.22     5662.44     6291.60    0.117
        0.51    32987.65      -17.70     5617.42     6241.58    0.100
        0.47    35779.33      -18.22     5570.61     6189.57    0.085
        0.43    39087.19      -18.79     5517.81     6130.90    0.071
        0.39    43068.99      -19.41     5457.01     6063.34    0.058
        0.35    47954.06      -20.09     5384.30     5982.56    0.047
        0.31    54089.07      -20.86     5294.48     5882.76    0.037
        0.27    62024.14      -21.73     5179.39     5754.87    0.029
        0.23    72687.70      -22.74     5064.29     5626.99    0.020

         En consv. check  -0.103D-13


      NPK        ABS      ESC      event      no event            out of rg

     90000     24670     65330     12689     52641         0         0


                         No. pkts   =   90000
                         Esc to inf =   65330
                         No line ev =       0
  PW(2)=    64538.701917038925       RQ(JS,5)=    64538.701917038925     
  TB=   8399.0629151333487       CLP=  2.06680109139680488E-005  CL=  1.54945787612128757E-005

     JP       LP       KP        KJ         L        NUJ        BT        NPK

  0.71038  0.80737  0.24377  0.311E+00   1.04242  0.726E+15   0.0568   1 1.097E+05
  0.56364  0.81748  0.21167  0.289E+00   1.03508  0.707E+15   0.0592   2 1.017E+05
  0.45843  0.82196  0.18335  0.270E+00   1.02829  0.693E+15   0.0618   3 9.451E+04
  0.36433  0.82800  0.15778  0.237E+00   1.02177  0.663E+15   0.0646   4 8.759E+04
  0.29307  0.83088  0.13665  0.205E+00   1.01624  0.638E+15   0.0677   5 8.202E+04
  0.23212  0.83409  0.11704  0.171E+00   1.01075  0.605E+15   0.0712   6 7.615E+04
  0.18108  0.83732  0.10108  0.126E+00   1.00642  0.565E+15   0.0749   7 7.148E+04
  0.14655  0.83546  0.08905  0.955E-01   1.00385  0.539E+15   0.0792   8 6.890E+04
  0.12047  0.83081  0.07865  0.716E-01   1.00208  0.519E+15   0.0839   9 6.714E+04
  0.09931  0.82439  0.06952  0.514E-01   1.00107  0.499E+15   0.0892  10 6.624E+04
  0.08268  0.81525  0.06108  0.406E-01   1.00048  0.487E+15   0.0952  11 6.572E+04
  0.06877  0.80393  0.05317  0.319E-01   1.00020  0.478E+15   0.1021  12 6.549E+04
  0.05671  0.79057  0.04568  0.250E-01   1.00006  0.469E+15   0.1100  13 6.536E+04
  0.04639  0.77443  0.03861  0.222E-01   1.00002  0.463E+15   0.1193  14 6.535E+04
  0.03729  0.75550  0.03199  0.184E-01   1.00001  0.456E+15   0.1304  15 6.534E+04
  0.02939  0.73280  0.02588  0.158E-01   1.00000  0.448E+15   0.1437  16 6.533E+04
  0.02255  0.70532  0.02031  0.124E-01   1.00000  0.438E+15   0.1600  17 6.533E+04
  0.01670  0.67147  0.01535  0.671E-02   1.00000  0.427E+15   0.1804  18 6.533E+04
  0.01179  0.62887  0.01102  0.383E-02   1.00000  0.413E+15   0.2069  19 6.533E+04
  0.00777  0.57377  0.00738  0.171E-02   1.00000  0.394E+15   0.2425  20 6.533E+04
                                         1.33389

     Scale:  L = 42.633     L+ = 42.777

               TB1 =  7815.4          Log EP0 = 37.822925
  TEMP IT no:           2

     4.6    -24.1770      0.7171   T* =  7191.9   TB =  7815.4

        XS        VS          LOG RH       TE          TR         W

        0.98    17036.47      -13.90     8019.11     8910.12    0.297
        0.94    17751.79      -14.08     7793.72     8659.69    0.271
        0.90    18529.82      -14.26     7568.32     8409.25    0.245
        0.86    19379.17      -14.45     7302.77     8114.19    0.226
        0.82    20310.12      -14.65     7009.78     7788.65    0.213
        0.78    21335.04      -14.92     6680.79     7423.10    0.204
        0.74    22468.89      -15.25     6341.09     7045.65    0.199
        0.70    23730.02      -15.60     6065.56     6739.51    0.191
        0.66    25141.14      -15.97     5855.45     6506.05    0.180
        0.62    26730.69      -16.36     5686.89     6318.77    0.168
        0.59    28534.81      -16.78     5563.89     6182.10    0.152
        0.55    30600.09      -17.22     5471.56     6079.51    0.135
        0.51    32987.65      -17.70     5392.85     5992.06    0.118
        0.47    35779.33      -18.22     5322.00     5913.34    0.102
        0.43    39087.19      -18.79     5248.38     5831.54    0.086
        0.39    43068.99      -19.41     5165.52     5739.47    0.073
        0.35    47954.06      -20.09     5068.81     5632.01    0.060
        0.31    54089.07      -20.86     4950.10     5500.12    0.049
        0.27    62024.14      -21.73     4801.28     5334.75    0.039
        0.23    72687.70      -22.74     4652.45     5169.39    0.029

         En consv. check   0.354D-14


      NPK        ABS      ESC      event      no event            out of rg

     90000     19550     70450     11387     59063         0         0


                         No. pkts   =   90000
                         Esc to inf =   70450
                         No line ev =       0
  PW(2)=    69689.588319418239       RQ(JS,5)=    69689.588319418239     
  TB=   7815.3981434431262       CLP=  1.54945787612128757E-005  CL=  1.43493457791220872E-005

     JP       LP       KP        KJ         L        NUJ        BT        NPK

  0.63022  0.82387  0.21734  0.322E+00   1.03370  0.688E+15   0.0568   1 1.062E+05
  0.50179  0.83231  0.19344  0.315E+00   1.02850  0.682E+15   0.0592   2 1.004E+05
  0.41776  0.83325  0.17221  0.304E+00   1.02381  0.672E+15   0.0618   3 9.555E+04
  0.33994  0.83587  0.15172  0.286E+00   1.01905  0.652E+15   0.0646   4 9.037E+04
  0.27691  0.83709  0.13316  0.252E+00   1.01459  0.626E+15   0.0677   5 8.561E+04
  0.22277  0.83840  0.11649  0.213E+00   1.01047  0.596E+15   0.0712   6 8.108E+04
  0.18256  0.83655  0.10205  0.174E+00   1.00699  0.569E+15   0.0749   7 7.735E+04
  0.14722  0.83507  0.08986  0.139E+00   1.00441  0.542E+15   0.0792   8 7.466E+04
  0.12084  0.83054  0.07925  0.106E+00   1.00255  0.517E+15   0.0839   9 7.275E+04
  0.10020  0.82357  0.06988  0.843E-01   1.00138  0.500E+15   0.0892  10 7.162E+04
  0.08289  0.81498  0.06128  0.654E-01   1.00066  0.484E+15   0.0952  11 7.100E+04
  0.06872  0.80394  0.05328  0.534E-01   1.00029  0.473E+15   0.1021  12 7.067E+04
  0.05683  0.79031  0.04575  0.482E-01   1.00013  0.466E+15   0.1100  13 7.054E+04
  0.04636  0.77443  0.03866  0.419E-01   1.00005  0.458E+15   0.1193  14 7.048E+04
  0.03728  0.75547  0.03202  0.376E-01   1.00003  0.451E+15   0.1304  15 7.046E+04
  0.02938  0.73278  0.02589  0.339E-01   1.00001  0.443E+15   0.1437  16 7.045E+04
  0.02254  0.70531  0.02032  0.293E-01   1.00000  0.433E+15   0.1600  17 7.045E+04
  0.01670  0.67147  0.01535  0.219E-01   1.00000  0.422E+15   0.1804  18 7.045E+04
  0.01179  0.62887  0.01103  0.157E-01   1.00000  0.408E+15   0.2069  19 7.045E+04
  0.00777  0.57377  0.00738  0.602E-02   1.00000  0.389E+15   0.2425  20 7.045E+04
                                         1.07981

     Scale:  L = 42.633     L+ = 42.744

               TB1 =  7666.8          Log EP0 = 37.789577
  TEMP IT no:           3

     1.5    -24.1770      0.7743   T* =  7191.9   TB =  7666.8

        XS        VS          LOG RH       TE          TR         W

        0.98    17036.47      -13.90     7870.33     8744.81    0.282
        0.94    17751.79      -14.08     7710.19     8566.88    0.253
        0.90    18529.82      -14.26     7550.06     8388.96    0.225
        0.86    19379.17      -14.45     7323.88     8137.64    0.208
        0.82    20310.12      -14.65     7035.10     7816.78    0.198
        0.78    21335.04      -14.92     6714.54     7460.60    0.194
        0.74    22468.89      -15.25     6396.70     7107.45    0.191
        0.70    23730.02      -15.60     6103.82     6782.02    0.187
        0.66    25141.14      -15.97     5853.86     6504.29    0.181
        0.62    26730.69      -16.36     5655.25     6283.61    0.172
        0.59    28534.81      -16.78     5498.86     6109.85    0.160
        0.55    30600.09      -17.22     5381.28     5979.20    0.144
        0.51    32987.65      -17.70     5292.02     5880.02    0.127
        0.47    35779.33      -18.22     5210.31     5789.23    0.111
        0.43    39087.19      -18.79     5127.55     5697.28    0.095
        0.39    43068.99      -19.41     5038.32     5598.14    0.080
        0.35    47954.06      -20.09     4933.96     5482.18    0.067
        0.31    54089.07      -20.86     4806.50     5340.55    0.055
        0.27    62024.14      -21.73     4648.64     5165.16    0.044
        0.23    72687.70      -22.74     4490.79     4989.77    0.034

         En consv. check  -0.123D-13


      NPK        ABS      ESC      event      no event            out of rg

     90000     19624     70376     11196     59180         0         0


                         No. pkts   =   90000
                         Esc to inf =   70376
                         No line ev =       0
  PW(2)=    69641.800730100964       RQ(JS,5)=    69641.800730100964     
  TB=   7666.8009704919032       CLP=  1.43493457791220652E-005  CL=  1.43591921736132611E-005

     JP       LP       KP        KJ         L        NUJ        BT        NPK

  0.63274  0.82235  0.21798  0.322E+00   1.03291  0.678E+15   0.0568   1 1.062E+05
  0.49471  0.83334  0.19078  0.310E+00   1.02691  0.663E+15   0.0592   2 9.877E+04
  0.40408  0.83670  0.16909  0.297E+00   1.02215  0.653E+15   0.0618   3 9.348E+04
  0.33218  0.83802  0.14977  0.278E+00   1.01782  0.638E+15   0.0646   4 8.894E+04
  0.27079  0.83912  0.13172  0.245E+00   1.01359  0.612E+15   0.0677   5 8.432E+04
  0.21904  0.83983  0.11552  0.209E+00   1.00972  0.583E+15   0.0712   6 8.008E+04
  0.17862  0.83850  0.10187  0.177E+00   1.00670  0.557E+15   0.0749   7 7.687E+04
  0.14594  0.83574  0.08975  0.137E+00   1.00419  0.530E+15   0.0792   8 7.426E+04
  0.12005  0.83101  0.07941  0.108E+00   1.00255  0.509E+15   0.0839   9 7.266E+04
  0.09950  0.82409  0.07001  0.845E-01   1.00140  0.491E+15   0.0892  10 7.156E+04
  0.08280  0.81498  0.06136  0.678E-01   1.00066  0.477E+15   0.0952  11 7.090E+04
  0.06872  0.80386  0.05336  0.571E-01   1.00032  0.466E+15   0.1021  12 7.060E+04
  0.05666  0.79052  0.04580  0.479E-01   1.00013  0.457E+15   0.1100  13 7.045E+04
  0.04630  0.77451  0.03869  0.428E-01   1.00007  0.451E+15   0.1193  14 7.040E+04
  0.03726  0.75548  0.03204  0.386E-01   1.00002  0.444E+15   0.1304  15 7.039E+04
  0.02937  0.73278  0.02591  0.345E-01   1.00001  0.436E+15   0.1437  16 7.038E+04
  0.02253  0.70531  0.02033  0.311E-01   1.00000  0.427E+15   0.1600  17 7.038E+04
  0.01669  0.67147  0.01536  0.249E-01   1.00000  0.415E+15   0.1804  18 7.038E+04
  0.01178  0.62887  0.01103  0.173E-01   1.00000  0.401E+15   0.2069  19 7.038E+04
  0.00777  0.57377  0.00738  0.879E-02   1.00000  0.383E+15   0.2425  20 7.038E+04
                                         0.99931

     Scale:  L = 42.633     L+ = 42.744

               TB1 =  7668.1          Log EP0 = 37.789875
  TEMP IT no:           4

     1.7    -24.1770      0.7738   T* =  7191.9   TB =  7668.1

        XS        VS          LOG RH       TE          TR         W

        0.98    17036.47      -13.90     7705.20     8561.34    0.305
        0.94    17751.79      -14.08     7553.10     8392.33    0.271
        0.90    18529.82      -14.26     7401.00     8223.33    0.238
        0.86    19379.17      -14.45     7203.28     8003.64    0.217
        0.82    20310.12      -14.65     6929.03     7698.93    0.206
        0.78    21335.04      -14.92     6618.20     7353.55    0.201
        0.74    22468.89      -15.25     6312.12     7013.47    0.198
        0.70    23730.02      -15.60     6027.15     6696.83    0.195
        0.66    25141.14      -15.97     5780.60     6422.89    0.189
        0.62    26730.69      -16.36     5580.60     6200.67    0.181
        0.59    28534.81      -16.78     5422.68     6025.20    0.168
        0.55    30600.09      -17.22     5299.71     5888.57    0.153
        0.51    32987.65      -17.70     5201.61     5779.57    0.136
        0.47    35779.33      -18.22     5117.73     5686.36    0.119
        0.43    39087.19      -18.79     5035.88     5595.42    0.102
        0.39    43068.99      -19.41     4945.66     5495.18    0.086
        0.35    47954.06      -20.09     4840.17     5377.96    0.072
        0.31    54089.07      -20.86     4711.95     5235.50    0.059
        0.27    62024.14      -21.73     4553.42     5059.36    0.048
        0.23    72687.70      -22.74     4394.90     4883.22    0.037

         En consv. check  -0.882D-14


      NPK        ABS      ESC      event      no event            out of rg

     90000     20470     69530     11552     57978         0         0


                         No. pkts   =   90000
                         Esc to inf =   69530
                         No line ev =       0
  PW(2)=    68798.541151905141       RQ(JS,5)=    68798.541151905141     
  TB=   7668.1158549903048       CLP=  1.43591921736132154E-005  CL=  1.45351919278641339E-005

     JP       LP       KP        KJ         L        NUJ        BT        NPK

  0.63721  0.82145  0.22078  0.323E+00   1.03374  0.676E+15   0.0568   1 1.063E+05
  0.50551  0.83057  0.19261  0.302E+00   1.02751  0.660E+15   0.0592   2 9.852E+04
  0.40363  0.83688  0.16949  0.282E+00   1.02232  0.643E+15   0.0618   3 9.263E+04
  0.33328  0.83764  0.15003  0.267E+00   1.01792  0.628E+15   0.0646   4 8.820E+04
  0.27146  0.83884  0.13159  0.235E+00   1.01352  0.604E+15   0.0677   5 8.332E+04
  0.21811  0.84024  0.11547  0.200E+00   1.00968  0.576E+15   0.0712   6 7.910E+04
  0.17857  0.83852  0.10163  0.168E+00   1.00656  0.551E+15   0.0749   7 7.582E+04
  0.14593  0.83575  0.08989  0.129E+00   1.00429  0.526E+15   0.0792   8 7.349E+04
  0.12056  0.83064  0.07953  0.103E+00   1.00266  0.506E+15   0.0839   9 7.191E+04
  0.09968  0.82394  0.07010  0.772E-01   1.00149  0.487E+15   0.0892  10 7.080E+04
  0.08289  0.81489  0.06142  0.618E-01   1.00073  0.473E+15   0.0952  11 7.013E+04
  0.06867  0.80393  0.05337  0.501E-01   1.00033  0.461E+15   0.1021  12 6.977E+04
  0.05667  0.79052  0.04581  0.421E-01   1.00015  0.453E+15   0.1100  13 6.963E+04
  0.04633  0.77444  0.03869  0.371E-01   1.00007  0.446E+15   0.1193  14 6.957E+04
  0.03727  0.75546  0.03204  0.328E-01   1.00003  0.439E+15   0.1304  15 6.955E+04
  0.02937  0.73278  0.02591  0.294E-01   1.00001  0.431E+15   0.1437  16 6.953E+04
  0.02253  0.70532  0.02033  0.260E-01   1.00000  0.422E+15   0.1600  17 6.953E+04
  0.01669  0.67147  0.01536  0.212E-01   1.00000  0.411E+15   0.1804  18 6.953E+04
  0.01178  0.62887  0.01103  0.151E-01   1.00000  0.398E+15   0.2069  19 6.953E+04
  0.00777  0.57377  0.00738  0.764E-02   1.00000  0.379E+15   0.2425  20 6.953E+04
                                         0.98789

     Scale:  L = 42.633     L+ = 42.749

               TB1 =  7691.5          Log EP0 = 37.795166
  TEMP IT no:           5

     1.2    -24.1770      0.7644   T* =  7191.9   TB =  7691.5

        XS        VS          LOG RH       TE          TR         W

        0.98    17036.47      -13.90     7647.98     8497.75    0.320
        0.94    17751.79      -14.08     7471.31     8301.46    0.287
        0.90    18529.82      -14.26     7294.65     8105.16    0.253
        0.86    19379.17      -14.45     7093.31     7881.46    0.231
        0.82    20310.12      -14.65     6833.53     7592.81    0.218
        0.78    21335.04      -14.92     6535.99     7262.21    0.211
        0.74    22468.89      -15.25     6242.60     6936.22    0.207
        0.70    23730.02      -15.60     5970.48     6633.87    0.203
        0.66    25141.14      -15.97     5730.25     6366.94    0.197
        0.62    26730.69      -16.36     5528.65     6142.95    0.188
        0.59    28534.81      -16.78     5367.15     5963.50    0.176
        0.55    30600.09      -17.22     5239.51     5821.68    0.160
        0.51    32987.65      -17.70     5139.65     5710.72    0.143
        0.47    35779.33      -18.22     5057.15     5619.06    0.125
        0.43    39087.19      -18.79     4975.38     5528.20    0.107
        0.39    43068.99      -19.41     4884.60     5427.33    0.091
        0.35    47954.06      -20.09     4779.10     5310.11    0.076
        0.31    54089.07      -20.86     4651.56     5168.40    0.063
        0.27    62024.14      -21.73     4494.02     4993.36    0.051
        0.23    72687.70      -22.74     4336.49     4818.33    0.039

         En consv. check  -0.732D-14


      NPK        ABS      ESC      event      no event            out of rg

     90000     21148     68852     11845     57007         0         0


                         No. pkts   =   90000
                         Esc to inf =   68852
                         No line ev =       0
  PW(2)=    68091.709245459890       RQ(JS,5)=    68091.709245459890     
  TB=   7691.5055292877496       CLP=  1.45351919278640797E-005  CL=  1.46860757510897166E-005

     JP       LP       KP        KJ         L        NUJ        BT        NPK

  0.65109  0.81888  0.22508  0.320E+00   1.03547  0.675E+15   0.0568   1 1.071E+05
  0.51897  0.82747  0.19672  0.309E+00   1.02912  0.666E+15   0.0592   2 9.970E+04
  0.41550  0.83361  0.17205  0.285E+00   1.02344  0.647E+15   0.0618   3 9.334E+04
  0.33820  0.83617  0.15105  0.259E+00   1.01851  0.626E+15   0.0646   4 8.801E+04
  0.27491  0.83760  0.13202  0.231E+00   1.01384  0.602E+15   0.0677   5 8.295E+04
  0.22031  0.83934  0.11520  0.194E+00   1.00968  0.572E+15   0.0712   6 7.834E+04
  0.17728  0.83932  0.10119  0.155E+00   1.00643  0.544E+15   0.0749   7 7.481E+04
  0.14522  0.83632  0.08946  0.120E+00   1.00414  0.519E+15   0.0792   8 7.248E+04
  0.12008  0.83113  0.07919  0.937E-01   1.00252  0.500E+15   0.0839   9 7.098E+04
  0.10016  0.82362  0.06993  0.743E-01   1.00145  0.486E+15   0.0892  10 7.005E+04
  0.08306  0.81481  0.06134  0.587E-01   1.00074  0.472E+15   0.0952  11 6.944E+04
  0.06889  0.80372  0.05330  0.470E-01   1.00032  0.461E+15   0.1021  12 6.909E+04
  0.05682  0.79034  0.04575  0.405E-01   1.00013  0.453E+15   0.1100  13 6.894E+04
  0.04636  0.77443  0.03866  0.344E-01   1.00005  0.445E+15   0.1193  14 6.889E+04
  0.03728  0.75548  0.03202  0.302E-01   1.00002  0.438E+15   0.1304  15 6.886E+04
  0.02939  0.73275  0.02589  0.271E-01   1.00000  0.430E+15   0.1437  16 6.885E+04
  0.02254  0.70531  0.02032  0.236E-01   1.00000  0.421E+15   0.1600  17 6.885E+04
  0.01670  0.67147  0.01535  0.189E-01   1.00000  0.410E+15   0.1804  18 6.885E+04
  0.01179  0.62887  0.01103  0.131E-01   1.00000  0.396E+15   0.2069  19 6.885E+04
  0.00777  0.57377  0.00738  0.673E-02   1.00000  0.378E+15   0.2425  20 6.885E+04
                                         0.98973

     Scale:  L = 42.633     L+ = 42.754

               TB1 =  7711.4          Log EP0 = 37.799651
  TEMP IT no:           6

     0.6    -24.1770      0.7566   T* =  7191.9   TB =  7711.4

        XS        VS          LOG RH       TE          TR         W

        0.98    17036.47      -13.90     7667.02     8518.92    0.326
        0.94    17751.79      -14.08     7477.68     8308.54    0.293
        0.90    18529.82      -14.26     7288.34     8098.16    0.260
        0.86    19379.17      -14.45     7058.70     7843.00    0.240
        0.82    20310.12      -14.65     6786.57     7540.63    0.227
        0.78    21335.04      -14.92     6476.77     7196.41    0.221
        0.74    22468.89      -15.25     6171.56     6857.28    0.216
        0.70    23730.02      -15.60     5901.22     6556.91    0.211
        0.66    25141.14      -15.97     5676.96     6307.74    0.204
        0.62    26730.69      -16.36     5495.62     6106.24    0.193
        0.59    28534.81      -16.78     5342.18     5935.75    0.179
        0.55    30600.09      -17.22     5215.31     5794.79    0.164
        0.51    32987.65      -17.70     5115.18     5683.54    0.146
        0.47    35779.33      -18.22     5029.35     5588.16    0.127
        0.43    39087.19      -18.79     4946.03     5495.59    0.110
        0.39    43068.99      -19.41     4856.28     5395.86    0.093
        0.35    47954.06      -20.09     4751.31     5279.23    0.078
        0.31    54089.07      -20.86     4623.92     5137.69    0.064
        0.27    62024.14      -21.73     4466.94     4963.27    0.052
        0.23    72687.70      -22.74     4309.96     4788.85    0.040

         En consv. check   0.885D-14


      NPK        ABS      ESC      event      no event            out of rg

     90000     21285     68715     11954     56761         0         0


                         No. pkts   =   90000
                         Esc to inf =   68715
                         No line ev =       0
  PW(2)=    67941.169810098872       RQ(JS,5)=    67941.169810098872     
  TB=   7711.3888809155187       CLP=  1.46860757510897132E-005  CL=  1.47186161615274183E-005

     JP       LP       KP        KJ         L        NUJ        BT        NPK

  0.67027  0.81497  0.22606  0.328E+00   1.03633  0.682E+15   0.0568   1 1.078E+05
  0.53175  0.82463  0.19828  0.310E+00   1.03011  0.671E+15   0.0592   2 1.005E+05
  0.42933  0.82990  0.17410  0.290E+00   1.02456  0.651E+15   0.0618   3 9.439E+04
  0.34301  0.83491  0.15232  0.264E+00   1.01936  0.630E+15   0.0646   4 8.860E+04
  0.28045  0.83572  0.13319  0.235E+00   1.01464  0.607E+15   0.0677   5 8.362E+04
  0.22289  0.83838  0.11613  0.193E+00   1.01035  0.574E+15   0.0712   6 7.890E+04
  0.17910  0.83851  0.10161  0.154E+00   1.00684  0.545E+15   0.0749   7 7.515E+04
  0.14771  0.83485  0.08961  0.125E+00   1.00434  0.524E+15   0.0792   8 7.264E+04
  0.12064  0.83079  0.07921  0.877E-01   1.00262  0.499E+15   0.0839   9 7.095E+04
  0.09990  0.82392  0.06979  0.692E-01   1.00139  0.483E+15   0.0892  10 6.982E+04
  0.08301  0.81494  0.06122  0.533E-01   1.00068  0.470E+15   0.0952  11 6.921E+04
  0.06889  0.80379  0.05323  0.436E-01   1.00031  0.459E+15   0.1021  12 6.893E+04
  0.05678  0.79047  0.04571  0.371E-01   1.00013  0.451E+15   0.1100  13 6.879E+04
  0.04640  0.77443  0.03863  0.332E-01   1.00007  0.444E+15   0.1193  14 6.875E+04
  0.03733  0.75539  0.03201  0.299E-01   1.00004  0.438E+15   0.1304  15 6.874E+04
  0.02940  0.73277  0.02588  0.261E-01   1.00002  0.429E+15   0.1437  16 6.872E+04
  0.02255  0.70530  0.02031  0.230E-01   1.00000  0.420E+15   0.1600  17 6.872E+04
  0.01670  0.67146  0.01535  0.176E-01   1.00000  0.409E+15   0.1804  18 6.872E+04
  0.01179  0.62887  0.01102  0.124E-01   1.00000  0.396E+15   0.2069  19 6.872E+04
  0.00777  0.57377  0.00738  0.589E-02   1.00000  0.377E+15   0.2425  20 6.872E+04
                                         0.99779

     Scale:  L = 42.633     L+ = 42.755

               TB1 =  7715.7          Log EP0 = 37.800612
  TEMP IT no:           7

     0.3    -24.1770      0.7549   T* =  7191.9   TB =  7715.7

        XS        VS          LOG RH       TE          TR         W

        0.98    17036.47      -13.90     7725.03     8583.36    0.326
        0.94    17751.79      -14.08     7523.04     8358.93    0.294
        0.90    18529.82      -14.26     7321.05     8134.50    0.262
        0.86    19379.17      -14.45     7083.37     7870.42    0.241
        0.82    20310.12      -14.65     6803.00     7558.89    0.229
        0.78    21335.04      -14.92     6479.90     7199.89    0.223
        0.74    22468.89      -15.25     6169.77     6855.30    0.219
        0.70    23730.02      -15.60     5899.07     6554.52    0.214
        0.66    25141.14      -15.97     5661.09     6290.10    0.207
        0.62    26730.69      -16.36     5468.27     6075.86    0.197
        0.59    28534.81      -16.78     5315.48     5906.09    0.183
        0.55    30600.09      -17.22     5192.22     5769.13    0.167
        0.51    32987.65      -17.70     5095.85     5662.06    0.148
        0.47    35779.33      -18.22     5014.20     5571.34    0.129
        0.43    39087.19      -18.79     4932.66     5480.73    0.111
        0.39    43068.99      -19.41     4841.52     5379.47    0.094
        0.35    47954.06      -20.09     4736.03     5262.26    0.079
        0.31    54089.07      -20.86     4609.09     5121.21    0.065
        0.27    62024.14      -21.73     4452.32     4947.02    0.053
        0.23    72687.70      -22.74     4295.55     4772.84    0.040

         En consv. check  -0.647D-15


      NPK        ABS      ESC      event      no event            out of rg

     90000     20849     69151     11963     57188         0         0


                         No. pkts   =   90000
                         Esc to inf =   69151
                         No line ev =       0
  PW(2)=    68364.947943069667       RQ(JS,5)=    68364.947943069667     
  TB=   7715.6569293286484       CLP=  1.47186161615274047E-005  CL=  1.46273789432669724E-005

     JP       LP       KP        KJ         L        NUJ        BT        NPK

  0.65267  0.81917  0.22405  0.327E+00   1.03589  0.678E+15   0.0568   1 1.073E+05
  0.52624  0.82620  0.19766  0.319E+00   1.03004  0.673E+15   0.0592   2 1.007E+05
  0.42194  0.83227  0.17433  0.297E+00   1.02476  0.656E+15   0.0618   3 9.496E+04
  0.34718  0.83357  0.15292  0.271E+00   1.01968  0.635E+15   0.0646   4 8.948E+04
  0.28259  0.83494  0.13363  0.250E+00   1.01490  0.615E+15   0.0677   5 8.450E+04
  0.22645  0.83676  0.11644  0.201E+00   1.01052  0.581E+15   0.0712   6 7.974E+04
  0.17958  0.83827  0.10148  0.156E+00   1.00678  0.549E+15   0.0749   7 7.558E+04
  0.14626  0.83580  0.08946  0.123E+00   1.00428  0.524E+15   0.0792   8 7.294E+04
  0.12080  0.83070  0.07919  0.930E-01   1.00264  0.502E+15   0.0839   9 7.140E+04
  0.10026  0.82364  0.06983  0.698E-01   1.00147  0.485E+15   0.0892  10 7.035E+04
  0.08339  0.81454  0.06126  0.569E-01   1.00075  0.474E+15   0.0952  11 6.973E+04
  0.06901  0.80363  0.05325  0.470E-01   1.00034  0.463E+15   0.1021  12 6.940E+04
  0.05685  0.79036  0.04570  0.393E-01   1.00011  0.454E+15   0.1100  13 6.923E+04
  0.04638  0.77446  0.03862  0.338E-01   1.00005  0.446E+15   0.1193  14 6.917E+04
  0.03732  0.75541  0.03200  0.300E-01   1.00003  0.439E+15   0.1304  15 6.916E+04
  0.02940  0.73277  0.02588  0.263E-01   1.00001  0.431E+15   0.1437  16 6.915E+04
  0.02255  0.70530  0.02031  0.233E-01   1.00000  0.422E+15   0.1600  17 6.915E+04
  0.01670  0.67146  0.01535  0.181E-01   1.00000  0.411E+15   0.1804  18 6.915E+04
  0.01179  0.62886  0.01102  0.130E-01   1.00000  0.397E+15   0.2069  19 6.915E+04
  0.00777  0.57377  0.00738  0.629E-02   1.00000  0.379E+15   0.2425  20 6.915E+04
                                         1.00624

     Scale:  L = 42.633     L+ = 42.752

               TB1 =  7703.7          Log EP0 = 37.797911
  TEMP IT no:           8

     0.4    -24.1770      0.7596   T* =  7191.9   TB =  7703.7

        XS        VS          LOG RH       TE          TR         W

        0.98    17036.47      -13.90     7729.45     8588.28    0.318
        0.94    17751.79      -14.08     7545.75     8384.17    0.286
        0.90    18529.82      -14.26     7362.05     8180.05    0.255
        0.86    19379.17      -14.45     7133.48     7926.08    0.235
        0.82    20310.12      -14.65     6862.61     7625.13    0.223
        0.78    21335.04      -14.92     6532.20     7258.00    0.218
        0.74    22468.89      -15.25     6198.00     6886.67    0.216
        0.70    23730.02      -15.60     5913.10     6570.11    0.211
        0.66    25141.14      -15.97     5674.86     6305.40    0.205
        0.62    26730.69      -16.36     5484.14     6093.49    0.195
        0.59    28534.81      -16.78     5336.22     5929.13    0.181
        0.55    30600.09      -17.22     5213.84     5793.16    0.164
        0.51    32987.65      -17.70     5111.29     5679.21    0.146
        0.47    35779.33      -18.22     5024.82     5583.14    0.128
        0.43    39087.19      -18.79     4942.51     5491.68    0.110
        0.39    43068.99      -19.41     4852.13     5391.26    0.093
        0.35    47954.06      -20.09     4746.72     5274.13    0.078
        0.31    54089.07      -20.86     4619.50     5132.78    0.064
        0.27    62024.14      -21.73     4462.33     4958.14    0.052
        0.23    72687.70      -22.74     4305.16     4783.51    0.040

         En consv. check  -0.965D-15


      NPK        ABS      ESC      event      no event            out of rg

     90000     20714     69286     11641     57645         0         0


                         No. pkts   =   90000
                         Esc to inf =   69286
                         No line ev =       0
  PW(2)=    68523.932035200312       RQ(JS,5)=    68523.932035200312     
  TB=   7703.6721513612765       CLP=  1.46273789432669402E-005  CL=  1.45934415947746013E-005

     JP       LP       KP        KJ         L        NUJ        BT        NPK

  0.64923  0.81941  0.22258  0.328E+00   1.03497  0.684E+15   0.0568   1 1.068E+05
  0.50761  0.83070  0.19495  0.302E+00   1.02884  0.661E+15   0.0592   2 9.946E+04
  0.41356  0.83445  0.17112  0.287E+00   1.02341  0.650E+15   0.0618   3 9.336E+04
  0.33761  0.83665  0.15067  0.262E+00   1.01865  0.627E+15   0.0646   4 8.837E+04
  0.28024  0.83575  0.13224  0.234E+00   1.01420  0.607E+15   0.0677   5 8.371E+04
  0.22333  0.83817  0.11620  0.206E+00   1.01037  0.582E+15   0.0712   6 7.956E+04
  0.18043  0.83777  0.10194  0.162E+00   1.00699  0.552E+15   0.0749   7 7.597E+04
  0.14640  0.83566  0.08965  0.123E+00   1.00436  0.522E+15   0.0792   8 7.319E+04
  0.12144  0.83016  0.07931  0.985E-01   1.00267  0.505E+15   0.0839   9 7.164E+04
  0.09985  0.82395  0.06981  0.714E-01   1.00139  0.484E+15   0.0892  10 7.040E+04
  0.08288  0.81505  0.06129  0.561E-01   1.00074  0.471E+15   0.0952  11 6.984E+04
  0.06895  0.80367  0.05331  0.478E-01   1.00038  0.463E+15   0.1021  12 6.957E+04
  0.05677  0.79045  0.04574  0.390E-01   1.00014  0.453E+15   0.1100  13 6.937E+04
  0.04639  0.77440  0.03864  0.347E-01   1.00006  0.447E+15   0.1193  14 6.931E+04
  0.03730  0.75545  0.03202  0.308E-01   1.00004  0.439E+15   0.1304  15 6.930E+04
  0.02940  0.73273  0.02589  0.274E-01   1.00001  0.431E+15   0.1437  16 6.930E+04
  0.02255  0.70530  0.02032  0.240E-01   1.00000  0.422E+15   0.1600  17 6.929E+04
  0.01670  0.67146  0.01535  0.191E-01   1.00000  0.411E+15   0.1804  18 6.929E+04
  0.01179  0.62887  0.01103  0.135E-01   1.00000  0.397E+15   0.2069  19 6.929E+04
  0.00777  0.57377  0.00738  0.652E-02   1.00000  0.379E+15   0.2425  20 6.929E+04
                                         1.00233

     Scale:  L = 42.633     L+ = 42.751

               TB1 =  7699.2          Log EP0 = 37.796903
  TEMP IT no:           9

     0.2    -24.1770      0.7614   T* =  7191.9   TB =  7699.2

        XS        VS          LOG RH       TE          TR         W

        0.98    17036.47      -13.90     7695.45     8550.50    0.316
        0.94    17751.79      -14.08     7503.08     8336.76    0.285
        0.90    18529.82      -14.26     7310.72     8123.02    0.255
        0.86    19379.17      -14.45     7090.90     7878.78    0.236
        0.82    20310.12      -14.65     6834.66     7594.07    0.224
        0.78    21335.04      -14.92     6541.98     7268.87    0.215
        0.74    22468.89      -15.25     6219.58     6910.65    0.212
        0.70    23730.02      -15.60     5922.78     6580.87    0.210
        0.66    25141.14      -15.97     5682.50     6313.89    0.204
        0.62    26730.69      -16.36     5482.44     6091.60    0.195
        0.59    28534.81      -16.78     5327.22     5919.14    0.181
        0.55    30600.09      -17.22     5212.77     5791.96    0.164
        0.51    32987.65      -17.70     5115.48     5683.86    0.146
        0.47    35779.33      -18.22     5029.46     5588.28    0.127
        0.43    39087.19      -18.79     4946.56     5496.17    0.110
        0.39    43068.99      -19.41     4855.81     5395.34    0.093
        0.35    47954.06      -20.09     4750.15     5277.94    0.078
        0.31    54089.07      -20.86     4622.33     5135.92    0.064
        0.27    62024.14      -21.73     4465.03     4961.14    0.052
        0.23    72687.70      -22.74     4307.73     4786.37    0.040

         En consv. check  -0.113D-13


      NPK        ABS      ESC      event      no event            out of rg

     90000     21134     68866     11607     57259         0         0


                         No. pkts   =   90000
                         Esc to inf =   68866
                         No line ev =       0
  PW(2)=    68115.081028884990       RQ(JS,5)=    68115.081028884990     
  TB=   7699.1998876902780       CLP=  1.45934415947745962E-005  CL=  1.46810366352781467E-005

     JP       LP       KP        KJ         L        NUJ        BT        NPK

  0.64473  0.82032  0.22319  0.321E+00   1.03496  0.675E+15   0.0568   1 1.063E+05
  0.51484  0.82858  0.19700  0.312E+00   1.02920  0.667E+15   0.0592   2 9.982E+04
  0.41522  0.83373  0.17268  0.288E+00   1.02367  0.648E+15   0.0618   3 9.349E+04
  0.34068  0.83534  0.15083  0.264E+00   1.01847  0.629E+15   0.0646   4 8.781E+04
  0.27491  0.83766  0.13233  0.232E+00   1.01403  0.604E+15   0.0677   5 8.311E+04
  0.22043  0.83934  0.11560  0.192E+00   1.00992  0.575E+15   0.0712   6 7.855E+04
  0.17959  0.83810  0.10168  0.161E+00   1.00673  0.549E+15   0.0749   7 7.521E+04
  0.14625  0.83567  0.08964  0.123E+00   1.00425  0.521E+15   0.0792   8 7.265E+04
  0.12135  0.83015  0.07932  0.951E-01   1.00260  0.501E+15   0.0839   9 7.109E+04
  0.09985  0.82389  0.06989  0.710E-01   1.00140  0.483E+15   0.0892  10 6.995E+04
  0.08321  0.81461  0.06139  0.565E-01   1.00078  0.472E+15   0.0952  11 6.947E+04
  0.06866  0.80401  0.05330  0.434E-01   1.00031  0.459E+15   0.1021  12 6.905E+04
  0.05678  0.79039  0.04579  0.378E-01   1.00018  0.452E+15   0.1100  13 6.897E+04
  0.04636  0.77444  0.03867  0.327E-01   1.00008  0.444E+15   0.1193  14 6.890E+04
  0.03733  0.75533  0.03203  0.303E-01   1.00003  0.438E+15   0.1304  15 6.889E+04
  0.02938  0.73275  0.02590  0.254E-01   1.00001  0.430E+15   0.1437  16 6.887E+04
  0.02254  0.70530  0.02032  0.224E-01   1.00000  0.420E+15   0.1600  17 6.887E+04
  0.01670  0.67146  0.01535  0.174E-01   1.00000  0.409E+15   0.1804  18 6.887E+04
  0.01179  0.62887  0.01103  0.122E-01   1.00000  0.396E+15   0.2069  19 6.887E+04
  0.00777  0.57377  0.00738  0.617E-02   1.00000  0.377E+15   0.2425  20 6.887E+04
                                         0.99403

     Scale:  L = 42.633     L+ = 42.754

               TB1 =  7710.7          Log EP0 = 37.799502
  TEMP IT no:          30

     0.3    -24.1770      0.7568   T* =  7191.9   TB =  7710.7

        XS        VS          LOG RH       TE          TR         W

        0.98    17036.47      -13.90     7678.26     8531.40    0.320
        0.94    17751.79      -14.08     7490.92     8323.25    0.289
        0.90    18529.82      -14.26     7303.59     8115.10    0.258
        0.86    19379.17      -14.45     7075.93     7862.15    0.238
        0.82    20310.12      -14.65     6806.25     7562.50    0.225
        0.78    21335.04      -14.92     6502.05     7224.50    0.218
        0.74    22468.89      -15.25     6193.55     6881.72    0.215
        0.70    23730.02      -15.60     5907.05     6563.39    0.212
        0.66    25141.14      -15.97     5665.77     6295.30    0.207
        0.62    26730.69      -16.36     5474.22     6082.47    0.196
        0.59    28534.81      -16.78     5320.83     5912.04    0.182
        0.55    30600.09      -17.22     5196.07     5773.42    0.166
        0.51    32987.65      -17.70     5098.19     5664.65    0.148
        0.47    35779.33      -18.22     5017.56     5575.06    0.129
        0.43    39087.19      -18.79     4936.85     5485.38    0.110
        0.39    43068.99      -19.41     4844.23     5382.47    0.094
        0.35    47954.06      -20.09     4736.64     5262.94    0.079
        0.31    54089.07      -20.86     4609.36     5121.52    0.065
        0.27    62024.14      -21.73     4452.51     4947.24    0.052
        0.23    72687.70      -22.74     4295.67     4772.96    0.040

         En consv. check   0.651D-14


      NPK        ABS      ESC      event      no event            out of rg

     90000     21051     68949     11909     57040         0         0


                         No. pkts   =   90000
                         Esc to inf =   68949
                         No line ev =       0
  PW(2)=    68165.745969264040       RQ(JS,5)=    68165.745969264040     
  TB=   7710.7273089738055       CLP=  1.46810366352781128E-005  CL=  1.46701247933368226E-005

     JP       LP       KP        KJ         L        NUJ        BT        NPK

  0.65217  0.81912  0.22370  0.327E+00   1.03564  0.680E+15   0.0568   1 1.068E+05
  0.51810  0.82821  0.19665  0.309E+00   1.02961  0.667E+15   0.0592   2 9.991E+04
  0.42938  0.82986  0.17317  0.286E+00   1.02425  0.655E+15   0.0618   3 9.404E+04
  0.34151  0.83543  0.15193  0.263E+00   1.01923  0.628E+15   0.0646   4 8.865E+04
  0.27979  0.83602  0.13251  0.236E+00   1.01441  0.606E+15   0.0677   5 8.342E+04
  0.22184  0.83893  0.11576  0.193E+00   1.01024  0.576E+15   0.0712   6 7.897E+04
  0.18093  0.83758  0.10193  0.161E+00   1.00708  0.550E+15   0.0749   7 7.568E+04
  0.14706  0.83531  0.08969  0.123E+00   1.00445  0.524E+15   0.0792   8 7.299E+04
  0.12105  0.83051  0.07924  0.958E-01   1.00268  0.504E+15   0.0839   9 7.124E+04
  0.10019  0.82368  0.06991  0.727E-01   1.00152  0.485E+15   0.0892  10 7.021E+04
  0.08299  0.81496  0.06123  0.558E-01   1.00070  0.471E+15   0.0952  11 6.947E+04
  0.06889  0.80380  0.05326  0.461E-01   1.00034  0.460E+15   0.1021  12 6.920E+04
  0.05686  0.79034  0.04574  0.390E-01   1.00017  0.452E+15   0.1100  13 6.906E+04
  0.04640  0.77442  0.03864  0.334E-01   1.00007  0.445E+15   0.1193  14 6.899E+04
  0.03731  0.75545  0.03201  0.295E-01   1.00005  0.438E+15   0.1304  15 6.897E+04
  0.02939  0.73278  0.02588  0.258E-01   1.00001  0.430E+15   0.1437  16 6.895E+04
  0.02255  0.70529  0.02031  0.231E-01   1.00000  0.421E+15   0.1600  17 6.895E+04
  0.01670  0.67146  0.01535  0.180E-01   1.00000  0.410E+15   0.1804  18 6.895E+04
  0.01179  0.62886  0.01102  0.122E-01   1.00000  0.396E+15   0.2069  19 6.895E+04
  0.00777  0.57377  0.00738  0.605E-02   1.00000  0.378E+15   0.2425  20 6.895E+04
                                         1.00074

     Scale:  L = 42.633     L+ = 42.753

               TB1 =  7709.3          Log EP0 = 37.799179

         En consv. check  -0.153D-13


      NPK        ABS      ESC      event      no event            out of rg

     90000     21249     68751     11806     56945         0         0


                         No. pkts   =   90000
                         Esc to inf =   68751
                         No line ev =       0
  PW(2)=    67988.251585459991       RQ(JS,5)=    67988.251585459991     
  TB=   7709.2941387358378       CLP=  1.46701247933367481E-005  CL=  1.47084235390730443E-005

     JP       LP       KP        KJ         L        NUJ        BT        NPK

  0.66719  0.81552  0.22609  0.320E+00   1.03615  0.678E+15   0.0568   1 1.076E+05
  0.52812  0.82543  0.19829  0.313E+00   1.02994  0.670E+15   0.0592   2 1.005E+05
  0.41900  0.83292  0.17316  0.289E+00   1.02415  0.649E+15   0.0618   3 9.377E+04
  0.34400  0.83447  0.15199  0.264E+00   1.01916  0.631E+15   0.0646   4 8.849E+04
  0.27841  0.83648  0.13288  0.235E+00   1.01445  0.609E+15   0.0677   5 8.350E+04
  0.22292  0.83833  0.11555  0.191E+00   1.01004  0.574E+15   0.0712   6 7.859E+04
  0.17904  0.83854  0.10127  0.155E+00   1.00665  0.546E+15   0.0749   7 7.498E+04
  0.14637  0.83573  0.08938  0.123E+00   1.00422  0.523E+15   0.0792   8 7.248E+04
  0.12094  0.83061  0.07919  0.940E-01   1.00265  0.502E+15   0.0839   9 7.099E+04
  0.10055  0.82337  0.06991  0.732E-01   1.00155  0.487E+15   0.0892  10 6.999E+04
  0.08315  0.81480  0.06134  0.567E-01   1.00085  0.472E+15   0.0952  11 6.941E+04
  0.06890  0.80380  0.05326  0.458E-01   1.00036  0.461E+15   0.1021  12 6.899E+04
  0.05695  0.79019  0.04573  0.401E-01   1.00016  0.454E+15   0.1100  13 6.886E+04
  0.04654  0.77410  0.03864  0.366E-01   1.00008  0.447E+15   0.1193  14 6.881E+04
  0.03731  0.75546  0.03200  0.294E-01   1.00003  0.438E+15   0.1304  15 6.876E+04
  0.02940  0.73277  0.02588  0.257E-01   1.00001  0.430E+15   0.1437  16 6.875E+04
  0.02255  0.70530  0.02031  0.227E-01   1.00000  0.421E+15   0.1600  17 6.875E+04
  0.01670  0.67146  0.01535  0.179E-01   1.00000  0.410E+15   0.1804  18 6.875E+04
  0.01179  0.62886  0.01102  0.125E-01   1.00000  0.396E+15   0.2069  19 6.875E+04
  0.00777  0.57377  0.00738  0.605E-02   1.00000  0.378E+15   0.2425  20 6.875E+04
                                         0.99740

     Scale:  L = 42.633     L+ = 42.755

               TB1 =  7714.3          Log EP0 = 37.800311

         En consv. check   0.202D-14


      NPK        ABS      ESC      event      no event            out of rg

     90000     21425     68575     11823     56752         0         0


                         No. pkts   =   90000
                         Esc to inf =   68575
                         No line ev =       0
  PW(2)=    67812.755775012251       RQ(JS,5)=    67812.755775012251     
  TB=   7714.3208117214072       CLP=  1.47084235390729190E-005  CL=  1.47464881580359182E-005

     JP       LP       KP        KJ         L        NUJ        BT        NPK

  0.66526  0.81586  0.22622  0.328E+00   1.03607  0.683E+15   0.0568   1 1.074E+05
  0.51485  0.82891  0.19707  0.302E+00   1.02956  0.662E+15   0.0592   2 9.951E+04
  0.41833  0.83309  0.17324  0.291E+00   1.02415  0.650E+15   0.0618   3 9.346E+04
  0.34421  0.83440  0.15187  0.267E+00   1.01912  0.633E+15   0.0646   4 8.805E+04
  0.27923  0.83615  0.13287  0.237E+00   1.01446  0.607E+15   0.0677   5 8.311E+04
  0.22404  0.83779  0.11570  0.197E+00   1.01009  0.577E+15   0.0712   6 7.847E+04
  0.17942  0.83831  0.10130  0.155E+00   1.00664  0.547E+15   0.0749   7 7.475E+04
  0.14613  0.83586  0.08947  0.118E+00   1.00426  0.522E+15   0.0792   8 7.231E+04
  0.12075  0.83073  0.07916  0.883E-01   1.00261  0.501E+15   0.0839   9 7.072E+04
  0.10018  0.82370  0.06983  0.693E-01   1.00146  0.485E+15   0.0892  10 6.972E+04
  0.08324  0.81470  0.06127  0.559E-01   1.00075  0.472E+15   0.0952  11 6.914E+04
  0.06892  0.80376  0.05325  0.437E-01   1.00034  0.460E+15   0.1021  12 6.880E+04
  0.05693  0.79022  0.04574  0.377E-01   1.00018  0.453E+15   0.1100  13 6.870E+04
  0.04645  0.77429  0.03864  0.319E-01   1.00007  0.445E+15   0.1193  14 6.862E+04
  0.03730  0.75546  0.03200  0.275E-01   1.00002  0.438E+15   0.1304  15 6.858E+04
  0.02939  0.73277  0.02588  0.237E-01   1.00001  0.430E+15   0.1437  16 6.858E+04
  0.02255  0.70530  0.02031  0.212E-01   1.00000  0.421E+15   0.1600  17 6.858E+04
  0.01670  0.67146  0.01535  0.166E-01   1.00000  0.410E+15   0.1804  18 6.858E+04
  0.01179  0.62886  0.01103  0.120E-01   1.00000  0.396E+15   0.2069  19 6.858E+04
  0.00777  0.57377  0.00738  0.534E-02   1.00000  0.378E+15   0.2425  20 6.858E+04
                                         0.99742

     Scale:  L = 42.633     L+ = 42.756

               TB1 =  7719.3          Log EP0 = 37.801434

         En consv. check  -0.753D-15


      NPK        ABS      ESC      event      no event            out of rg

     90000     21362     68638     11757     56881         0         0


                         No. pkts   =   90000
                         Esc to inf =   68638
                         No line ev =       0
  PW(2)=    67877.943439198687       RQ(JS,5)=    67877.943439198687     
  TB=   7719.3070384326747       CLP=  1.47464881580358725E-005  CL=  1.47323261332415698E-005

     JP       LP       KP        KJ         L        NUJ        BT        NPK

  0.65117  0.81908  0.22488  0.317E+00   1.03565  0.675E+15   0.0568   1 1.067E+05
  0.52223  0.82685  0.19748  0.311E+00   1.02957  0.669E+15   0.0592   2 9.981E+04
  0.41674  0.83347  0.17306  0.284E+00   1.02399  0.647E+15   0.0618   3 9.333E+04
  0.34494  0.83402  0.15211  0.269E+00   1.01907  0.634E+15   0.0646   4 8.841E+04
  0.28003  0.83570  0.13290  0.237E+00   1.01434  0.609E+15   0.0677   5 8.331E+04
  0.22055  0.83933  0.11539  0.192E+00   1.00986  0.574E+15   0.0712   6 7.823E+04
  0.17835  0.83883  0.10115  0.152E+00   1.00650  0.544E+15   0.0749   7 7.468E+04
  0.14675  0.83541  0.08959  0.125E+00   1.00428  0.523E+15   0.0792   8 7.247E+04
  0.12045  0.83088  0.07930  0.906E-01   1.00264  0.500E+15   0.0839   9 7.092E+04
  0.10000  0.82379  0.06993  0.706E-01   1.00147  0.484E+15   0.0892  10 6.985E+04
  0.08303  0.81485  0.06135  0.552E-01   1.00077  0.471E+15   0.0952  11 6.926E+04
  0.06885  0.80379  0.05329  0.444E-01   1.00033  0.460E+15   0.1021  12 6.887E+04
  0.05676  0.79045  0.04575  0.368E-01   1.00014  0.451E+15   0.1100  13 6.872E+04
  0.04640  0.77437  0.03865  0.331E-01   1.00007  0.445E+15   0.1193  14 6.867E+04
  0.03728  0.75549  0.03202  0.280E-01   1.00003  0.437E+15   0.1304  15 6.865E+04
  0.02939  0.73277  0.02589  0.251E-01   1.00001  0.430E+15   0.1437  16 6.864E+04
  0.02254  0.70531  0.02032  0.220E-01   1.00000  0.421E+15   0.1600  17 6.864E+04
  0.01670  0.67146  0.01535  0.173E-01   1.00000  0.410E+15   0.1804  18 6.864E+04
  0.01179  0.62887  0.01103  0.126E-01   1.00000  0.396E+15   0.2069  19 6.864E+04
  0.00777  0.57377  0.00738  0.604E-02   1.00000  0.378E+15   0.2425  20 6.864E+04
                                         1.00096

     Scale:  L = 42.633     L+ = 42.755

               TB1 =  7717.5          Log EP0 = 37.801016
     POWER:   0.6788E+05    INPUT FLUX:   0.9524E-10    INT. FLUX:  0.8260E-10

UNREDD. MAGS: U=    13.971 B=    13.806 V=    13.445 R=    13.275
UNREDD. COL.: U-B =  0.165 B-V =  0.361 V-R =  0.170

REDD. MAGS:   U=    15.818 B=    15.337 V=    14.633 R=    14.252
REDD. COL.:   U-B =  0.481 B-V =  0.703 V-R =  0.382

ABS. MAG:     U =  -17.469 B =  -17.634 V =  -17.995
MBol =  13.565  Bol. Corr. =   0.120  (MBol)o= -17.875
