
     NP4 =     9     ITT =  4     JS = 20      KB = 501 XE1= 0.150

     Day = 19.60     Log Taug = -3.700

     CHL(eV) = 25.0     NC =  5

     WVM1 = 0.2500    WVM2 = 1.2000       KG =  1500

                  LOG R/RS     LOG L/LS         VEL LB          TB

                   4.303       9.480            8250.0       13000.0


                     1.0000



       RADIUS    VELOCITY  DENSITY    MASS    TOT. MASS   NEWMASS NEWTOT. MASS Kin. En.
   1  0.53D+14    193.09  0.19D-12  0.582D-04  0.582D-04  0.152D-02  0.152D-02  0.284D+12
   2  0.46D+15   1699.64  0.12D-12  0.204D-01  0.205D-01  0.508D-01  0.523D-01  0.734D+15
   3  0.76D+15   2779.51  0.82D-13  0.566D-01  0.770D-01  0.808D-01  0.133D+00  0.385D+16
   4  0.10D+16   3736.92  0.58D-13  0.754D-01  0.152D+00  0.907D-01  0.224D+00  0.102D+17
   5  0.12D+16   4553.08  0.43D-13  0.773D-01  0.230D+00  0.910D-01  0.315D+00  0.196D+17
   6  0.15D+16   5334.55  0.32D-13  0.790D-01  0.309D+00  0.943D-01  0.409D+00  0.330D+17
   7  0.17D+16   6153.91  0.24D-13  0.826D-01  0.391D+00  0.986D-01  0.508D+00  0.517D+17
   8  0.19D+16   7036.23  0.17D-13  0.841D-01  0.475D+00  0.115D+00  0.623D+00  0.802D+17
   9  0.22D+16   8256.81  0.11D-13  0.102D+00  0.577D+00  0.105D+00  0.728D+00  0.116D+18
  10  0.25D+16   9216.44  0.86D-14  0.808D-01  0.658D+00  0.891D-01  0.817D+00  0.154D+18
  11  0.28D+16  10159.20  0.72D-14  0.812D-01  0.739D+00  0.101D+00  0.918D+00  0.206D+18
  12  0.31D+16  11337.24  0.49D-14  0.853D-01  0.825D+00  0.882D-01  0.101D+01  0.263D+18
  13  0.34D+16  12358.60  0.33D-14  0.613D-01  0.886D+00  0.721D-01  0.108D+01  0.318D+18
  14  0.37D+16  13539.64  0.32D-14  0.820D-01  0.968D+00  0.716D-01  0.115D+01  0.383D+18
  15  0.39D+16  14262.30  0.31D-14  0.552D-01  0.102D+01  0.653D-01  0.122D+01  0.450D+18
  16  0.41D+16  15158.44  0.27D-14  0.662D-01  0.109D+01  0.985D-01  0.131D+01  0.563D+18
  17  0.46D+16  16746.85  0.54D-15  0.277D-01  0.112D+01  0.555D-01  0.137D+01  0.641D+18
  18  0.57D+16  20745.14  0.64D-16  0.116D-01  0.113D+01  0.989D-02  0.138D+01  0.662D+18
  19  0.61D+16  22490.48  0.20D-16  0.205D-02  0.113D+01  0.109D-02  0.138D+01  0.665D+18
 /, Kin. En. =    51.121343040386641     

      XS      VS        LOG RH      TE       TR       W    SH M    TOTM

      0.98   8429.12    -13.35   8592.27   9546.97  0.397  0.035  0.035
      0.94   8811.75    -13.40   8592.27   9546.97  0.324  0.038  0.074
      0.89   9230.77    -13.45   8592.27   9546.97  0.276  0.041  0.115
      0.85   9691.63    -13.49   8592.27   9546.97  0.238  0.046  0.160
      0.81  10200.93    -13.53   8592.27   9546.97  0.206  0.051  0.211
      0.77  10766.72    -13.61   8592.27   9546.97  0.179  0.052  0.263
      0.72  11398.96    -13.70   8592.27   9546.97  0.155  0.053  0.317
      0.68  12110.09    -13.82   8592.27   9546.97  0.134  0.052  0.369
      0.64  12915.85    -13.86   8592.27   9546.97  0.115  0.061  0.429
      0.60  13836.48    -13.88   8592.27   9546.97  0.099  0.077  0.506
      0.55  14898.42    -13.94   8592.27   9546.97  0.084  0.091  0.597
      0.51  16136.92    -14.39   8592.27   9546.97  0.070  0.044  0.641
      0.47  17600.00    -14.86   8592.27   9546.97  0.058  0.021  0.661
      0.43  19354.84    -15.27   8592.27   9546.97  0.048  0.012  0.673
      0.38  21498.37    -15.80   8592.27   9546.97  0.038  0.005  0.679
      0.34  24175.82    -16.55   8592.27   9546.97  0.030  0.002  0.680
      0.30  27615.06    -17.40   8592.27   9546.97  0.023  0.000  0.681
      0.26  32195.12    -18.37   8592.27   9546.97  0.017  0.000  0.681
      0.21  38596.49    -19.53   8592.27   9546.97  0.012  0.000  0.681
      0.17  48175.18    -20.95   8592.27   9546.97  0.007  0.000  0.681

        XS        VS          LOG RH       TE          TR         W

        0.98     8429.12      -13.35     8592.27     9546.97    0.397
        0.94     8811.75      -13.40     8592.27     9546.97    0.324
        0.89     9230.77      -13.45     8592.27     9546.97    0.276
        0.85     9691.63      -13.49     8592.27     9546.97    0.238
        0.81    10200.93      -13.53     8592.27     9546.97    0.206
        0.77    10766.72      -13.61     8592.27     9546.97    0.179
        0.72    11398.96      -13.70     8592.27     9546.97    0.155
        0.68    12110.09      -13.82     8592.27     9546.97    0.134
        0.64    12915.85      -13.86     8592.27     9546.97    0.115
        0.60    13836.48      -13.88     8592.27     9546.97    0.099
        0.55    14898.42      -13.94     8592.27     9546.97    0.084
        0.51    16136.92      -14.39     8592.27     9546.97    0.070
        0.47    17600.00      -14.86     8592.27     9546.97    0.058
        0.43    19354.84      -15.27     8592.27     9546.97    0.048
        0.38    21498.37      -15.80     8592.27     9546.97    0.038
        0.34    24175.82      -16.55     8592.27     9546.97    0.030
        0.30    27615.06      -17.40     8592.27     9546.97    0.023
        0.26    32195.12      -18.37     8592.27     9546.97    0.017
        0.21    38596.49      -19.53     8592.27     9546.97    0.012
        0.17    48175.18      -20.95     8592.27     9546.97    0.007

     No. of ions =  30            Total No. Included = 53118


         En consv. check   0.674D-14


      NPK        ABS      ESC      event      no event            out of rg

     90000     61281     28719     19254      9465         0         0


                         No. pkts   =   90000
                         Esc to inf =   28719
                         No line ev =       0
  PW(2)=    27116.364777932686       RQ(JS,5)=    27116.364777932686     
  TB=   13000.000000000000       CLP=  3.82005110102461286E-005  CL=  3.68780995605207587E-005

     JP       LP       KP        KJ         L        NUJ        BT        NPK

  2.23361  0.80592  0.73302  0.149E+00   1.15668  0.934E+15   0.0281   1 1.308E+05
  1.70924  0.82802  0.57003  0.115E+00   1.13641  0.878E+15   0.0294   2 1.117E+05
  1.37364  0.83517  0.47191  0.105E+00   1.12265  0.853E+15   0.0308   3 1.015E+05
  1.13038  0.83500  0.39269  0.101E+00   1.10999  0.841E+15   0.0323   4 9.376E+04
  0.91757  0.83561  0.32412  0.989E-01   1.09750  0.830E+15   0.0340   5 8.592E+04
  0.72349  0.83946  0.26324  0.968E-01   1.08476  0.817E+15   0.0359   6 7.785E+04
  0.57595  0.83921  0.21315  0.908E-01   1.07265  0.802E+15   0.0380   7 7.069E+04
  0.45434  0.83816  0.17494  0.874E-01   1.06208  0.793E+15   0.0404   8 6.541E+04
  0.35603  0.83556  0.14052  0.841E-01   1.05073  0.782E+15   0.0431   9 5.988E+04
  0.26401  0.83831  0.10819  0.826E-01   1.03779  0.766E+15   0.0462  10 5.278E+04
  0.17581  0.85137  0.07719  0.751E-01   1.02253  0.732E+15   0.0497  11 4.318E+04
  0.10352  0.87150  0.05356  0.518E-01   1.00926  0.651E+15   0.0538  12 3.406E+04
  0.07011  0.87398  0.04205  0.302E-01   1.00377  0.595E+15   0.0587  13 3.067E+04
  0.05036  0.86909  0.03440  0.180E-01   1.00152  0.558E+15   0.0646  14 2.943E+04
  0.03724  0.85881  0.02796  0.889E-02   1.00048  0.528E+15   0.0717  15 2.888E+04
  0.02761  0.84360  0.02224  0.779E-02   1.00015  0.518E+15   0.0806  16 2.877E+04
  0.01998  0.82342  0.01702  0.449E-02   1.00005  0.507E+15   0.0921  17 2.873E+04
  0.01389  0.79627  0.01235  0.326E-02   1.00002  0.497E+15   0.1074  18 2.873E+04
  0.00904  0.75883  0.00832  0.231E-02   1.00000  0.482E+15   0.1287  19 2.872E+04
  0.00531  0.70432  0.00502  0.158E-02   1.00000  0.463E+15   0.1607  20 2.872E+04
                                         1.03586

     Scale:  L = 43.063     L+ = 43.584

               TB1 = 12886.0          Log EP0 = 38.629513
  TEMP IT no:           1

    12.6    -24.1770      0.3013   T* =  9547.0   TB = 12886.0

        XS        VS          LOG RH       TE          TR         W

        0.98     8429.12      -13.35     9795.24    10883.60    1.266
        0.94     8811.75      -13.40     9564.32    10627.03    1.132
        0.89     9230.77      -13.45     9333.40    10370.45    0.998
        0.85     9691.63      -13.49     9216.15    10240.17    0.857
        0.81    10200.93      -13.53     9122.57    10136.19    0.723
        0.77    10766.72      -13.61     9019.19    10021.32    0.603
        0.72    11398.96      -13.70     8915.76     9906.40    0.500
        0.68    12110.09      -13.82     8829.32     9810.35    0.411
        0.64    12915.85      -13.86     8738.62     9709.58    0.332
        0.60    13836.48      -13.88     8587.80     9542.00    0.262
        0.55    14898.42      -13.94     8261.08     9178.97    0.203
        0.51    16136.92      -14.39     7762.62     8625.14    0.163
        0.47    17600.00      -14.86     7308.81     8120.90    0.137
        0.43    19354.84      -15.27     6992.72     7769.69    0.117
        0.38    21498.37      -15.80     6783.01     7536.68    0.097
        0.34    24175.82      -16.55     6664.10     7404.56    0.077
        0.30    27615.06      -17.40     6579.18     7310.20    0.059
        0.26    32195.12      -18.37     6487.85     7208.72    0.043
        0.21    38596.49      -19.53     6374.12     7082.36    0.030
        0.17    48175.18      -20.95     6260.40     6955.99    0.017

         En consv. check   0.120D-13


      NPK        ABS      ESC      event      no event            out of rg

     90000     53345     36655     23208     13447         0         0


                         No. pkts   =   90000
                         Esc to inf =   36655
                         No line ev =       0
  PW(2)=    34277.294833849730       RQ(JS,5)=    34277.294833849730     
  TB=   12886.001936868181       CLP=  3.68780995605209281E-005  CL=  2.91738308068720088E-005

     JP       LP       KP        KJ         L        NUJ        BT        NPK

  1.76700  0.87381  0.58885  0.222E+00   1.15290  0.101E+16   0.0281   1 1.332E+05
  1.44793  0.87803  0.49751  0.192E+00   1.14169  0.980E+15   0.0294   2 1.231E+05
  1.21080  0.87655  0.42296  0.167E+00   1.13142  0.950E+15   0.0308   3 1.150E+05
  1.00270  0.87523  0.35873  0.154E+00   1.12144  0.927E+15   0.0323   4 1.078E+05
  0.84985  0.86799  0.30945  0.142E+00   1.11281  0.912E+15   0.0340   5 1.031E+05
  0.70450  0.86276  0.26262  0.135E+00   1.10335  0.902E+15   0.0359   6 9.782E+04
  0.59270  0.85287  0.22335  0.131E+00   1.09421  0.892E+15   0.0380   7 9.368E+04
  0.49619  0.84143  0.19153  0.128E+00   1.08578  0.895E+15   0.0404   8 9.087E+04
  0.41739  0.82621  0.16200  0.120E+00   1.07646  0.884E+15   0.0431   9 8.781E+04
  0.33022  0.81848  0.13092  0.114E+00   1.06422  0.872E+15   0.0462  10 8.166E+04
  0.23625  0.82393  0.09523  0.967E-01   1.04601  0.837E+15   0.0497  11 6.902E+04
  0.14895  0.84263  0.06649  0.709E-01   1.02849  0.783E+15   0.0538  12 5.574E+04
  0.09524  0.85282  0.04825  0.482E-01   1.01611  0.724E+15   0.0587  13 4.697E+04
  0.06348  0.85393  0.03656  0.311E-01   1.00805  0.672E+15   0.0646  14 4.186E+04
  0.04204  0.85161  0.02815  0.176E-01   1.00299  0.616E+15   0.0717  15 3.849E+04
  0.02883  0.84171  0.02189  0.640E-02   1.00067  0.569E+15   0.0806  16 3.702E+04
  0.02040  0.82284  0.01676  0.396E-02   1.00012  0.548E+15   0.0921  17 3.670E+04
  0.01407  0.79603  0.01221  0.274E-02   1.00003  0.535E+15   0.1074  18 3.666E+04
  0.00912  0.75872  0.00826  0.203E-02   1.00000  0.520E+15   0.1287  19 3.666E+04
  0.00534  0.70426  0.00500  0.138E-02   1.00000  0.500E+15   0.1607  20 3.666E+04
                                         1.26408

     Scale:  L = 43.063     L+ = 43.482

               TB1 = 12152.7          Log EP0 = 38.527738
  TEMP IT no:           2

     7.8    -24.1770      0.3809   T* =  9547.0   TB = 12152.7

        XS        VS          LOG RH       TE          TR         W

        0.98     8429.12      -13.35    10900.24    12111.38    0.673
        0.94     8811.75      -13.40    10609.63    11788.48    0.627
        0.89     9230.77      -13.45    10319.03    11465.59    0.582
        0.85     9691.63      -13.49    10098.61    11220.68    0.530
        0.81    10200.93      -13.53     9942.09    11046.77    0.473
        0.77    10766.72      -13.61     9822.54    10913.93    0.416
        0.72    11398.96      -13.70     9740.16    10822.40    0.361
        0.68    12110.09      -13.82     9683.48    10759.42    0.310
        0.64    12915.85      -13.86     9590.41    10656.01    0.266
        0.60    13836.48      -13.88     9396.15    10440.17    0.227
        0.55    14898.42      -13.94     9029.09    10032.33    0.190
        0.51    16136.92      -14.39     8498.26     9442.51    0.158
        0.47    17600.00      -14.86     7928.04     8808.93    0.134
        0.43    19354.84      -15.27     7399.46     8221.62    0.116
        0.38    21498.37      -15.80     6920.37     7689.30    0.102
        0.34    24175.82      -16.55     6544.18     7271.31    0.087
        0.30    27615.06      -17.40     6314.56     7016.18    0.071
        0.26    32195.12      -18.37     6163.70     6848.56    0.054
        0.21    38596.49      -19.53     6005.92     6673.24    0.039
        0.17    48175.18      -20.95     5848.14     6497.93    0.023

         En consv. check   0.558D-14


      NPK        ABS      ESC      event      no event            out of rg

     90000     49934     40066     22142     17924         0         0


                         No. pkts   =   90000
                         Esc to inf =   40066
                         No line ev =       0
  PW(2)=    37912.983993745191       RQ(JS,5)=    37912.983993745191     
  TB=   12152.746089218281       CLP=  2.91738308068720969E-005  CL=  2.63761881724999034E-005

     JP       LP       KP        KJ         L        NUJ        BT        NPK

  1.57682  0.87323  0.53280  0.274E+00   1.12337  0.102E+16   0.0281   1 1.326E+05
  1.27013  0.87992  0.44673  0.255E+00   1.11288  0.992E+15   0.0294   2 1.216E+05
  1.05301  0.87998  0.37608  0.230E+00   1.10325  0.963E+15   0.0308   3 1.124E+05
  0.87962  0.87737  0.31992  0.212E+00   1.09463  0.938E+15   0.0323   4 1.055E+05
  0.72069  0.87626  0.26861  0.207E+00   1.08565  0.928E+15   0.0340   5 9.820E+04
  0.58891  0.87392  0.22372  0.192E+00   1.07665  0.909E+15   0.0359   6 9.132E+04
  0.47466  0.87180  0.18772  0.189E+00   1.06848  0.901E+15   0.0380   7 8.572E+04
  0.39443  0.86361  0.15832  0.181E+00   1.06093  0.889E+15   0.0404   8 8.153E+04
  0.32535  0.85434  0.13234  0.179E+00   1.05314  0.889E+15   0.0431   9 7.745E+04
  0.25248  0.85086  0.10743  0.160E+00   1.04402  0.864E+15   0.0462  10 7.202E+04
  0.18453  0.85224  0.08140  0.141E+00   1.03183  0.834E+15   0.0497  11 6.308E+04
  0.11990  0.86364  0.05983  0.107E+00   1.02010  0.780E+15   0.0538  12 5.330E+04
  0.08426  0.86310  0.04685  0.835E-01   1.01317  0.740E+15   0.0587  13 4.853E+04
  0.06005  0.85811  0.03680  0.651E-01   1.00773  0.701E+15   0.0646  14 4.499E+04
  0.04180  0.85153  0.02878  0.337E-01   1.00369  0.648E+15   0.0717  15 4.238E+04
  0.02894  0.84090  0.02229  0.139E-01   1.00124  0.601E+15   0.0806  16 4.078E+04
  0.02035  0.82254  0.01691  0.676E-02   1.00027  0.576E+15   0.0921  17 4.020E+04
  0.01401  0.79597  0.01228  0.436E-02   1.00006  0.559E+15   0.1074  18 4.009E+04
  0.00908  0.75875  0.00829  0.349E-02   1.00000  0.543E+15   0.1287  19 4.007E+04
  0.00533  0.70427  0.00501  0.268E-02   1.00000  0.521E+15   0.1607  20 4.007E+04
                                         1.10607

     Scale:  L = 43.063     L+ = 43.438

               TB1 = 11850.3          Log EP0 = 38.483957
  TEMP IT no:           3

     2.9    -24.1770      0.4213   T* =  9547.0   TB = 11850.3

        XS        VS          LOG RH       TE          TR         W

        0.98     8429.12      -13.35    11296.41    12551.57    0.516
        0.94     8811.75      -13.40    11001.44    12223.82    0.477
        0.89     9230.77      -13.45    10706.47    11896.08    0.439
        0.85     9691.63      -13.49    10463.89    11626.54    0.399
        0.81    10200.93      -13.53    10289.17    11432.41    0.352
        0.77    10766.72      -13.61    10144.47    11271.63    0.304
        0.72    11398.96      -13.70    10027.77    11141.97    0.260
        0.68    12110.09      -13.82     9941.47    11046.08    0.221
        0.64    12915.85      -13.86     9833.48    10926.09    0.188
        0.60    13836.48      -13.88     9612.36    10680.40    0.160
        0.55    14898.42      -13.94     9229.09    10254.54    0.136
        0.51    16136.92      -14.39     8727.17     9696.86    0.116
        0.47    17600.00      -14.86     8220.90     9134.34    0.102
        0.43    19354.84      -15.27     7726.52     8585.02    0.092
        0.38    21498.37      -15.80     7209.64     8010.71    0.085
        0.34    24175.82      -16.55     6760.58     7511.75    0.076
        0.30    27615.06      -17.40     6459.62     7177.36    0.064
        0.26    32195.12      -18.37     6259.22     6954.69    0.050
        0.21    38596.49      -19.53     6072.59     6747.33    0.037
        0.17    48175.18      -20.95     5885.96     6539.96    0.023

         En consv. check  -0.338D-14


      NPK        ABS      ESC      event      no event            out of rg

     90000     49842     40158     21784     18374         0         0


                         No. pkts   =   90000
                         Esc to inf =   40158
                         No line ev =       0
  PW(2)=    38064.562414661712       RQ(JS,5)=    38064.562414661712     
  TB=   11850.292422333578       CLP=  2.63761881724999509E-005  CL=  2.62711544955215325E-005

     JP       LP       KP        KJ         L        NUJ        BT        NPK

  1.59530  0.86971  0.53858  0.297E+00   1.12270  0.102E+16   0.0281   1 1.348E+05
  1.31570  0.87230  0.45784  0.284E+00   1.11286  0.100E+16   0.0294   2 1.252E+05
  1.08726  0.87294  0.38781  0.262E+00   1.10329  0.971E+15   0.0308   3 1.164E+05
  0.88975  0.87363  0.32512  0.244E+00   1.09362  0.952E+15   0.0323   4 1.076E+05
  0.73309  0.87163  0.27417  0.235E+00   1.08475  0.942E+15   0.0340   5 1.008E+05
  0.59054  0.87136  0.22754  0.218E+00   1.07541  0.919E+15   0.0359   6 9.290E+04
  0.48601  0.86628  0.19031  0.215E+00   1.06698  0.911E+15   0.0380   7 8.720E+04
  0.38888  0.86325  0.15842  0.207E+00   1.05866  0.898E+15   0.0404   8 8.188E+04
  0.31928  0.85454  0.13288  0.200E+00   1.05101  0.890E+15   0.0431   9 7.799E+04
  0.25030  0.84964  0.10696  0.187E+00   1.04140  0.869E+15   0.0462  10 7.193E+04
  0.18097  0.85237  0.08036  0.158E+00   1.02896  0.828E+15   0.0497  11 6.230E+04
  0.11625  0.86475  0.05850  0.116E+00   1.01709  0.771E+15   0.0538  12 5.208E+04
  0.08033  0.86579  0.04554  0.930E-01   1.01024  0.723E+15   0.0587  13 4.697E+04
  0.05647  0.86218  0.03620  0.613E-01   1.00585  0.675E+15   0.0646  14 4.392E+04
  0.03991  0.85456  0.02862  0.344E-01   1.00273  0.629E+15   0.0717  15 4.183E+04
  0.02842  0.84193  0.02230  0.142E-01   1.00088  0.592E+15   0.0806  16 4.062E+04
  0.02020  0.82286  0.01698  0.736E-02   1.00025  0.570E+15   0.0921  17 4.026E+04
  0.01396  0.79604  0.01232  0.496E-02   1.00006  0.555E+15   0.1074  18 4.018E+04
  0.00906  0.75878  0.00831  0.414E-02   1.00000  0.539E+15   0.1287  19 4.016E+04
  0.00532  0.70429  0.00502  0.346E-02   1.00000  0.517E+15   0.1607  20 4.016E+04
                                         1.00400

     Scale:  L = 43.063     L+ = 43.436

               TB1 = 11838.5          Log EP0 = 38.482224
  TEMP IT no:           4

     1.0    -24.1770      0.4229   T* =  9547.0   TB = 11838.5

        XS        VS          LOG RH       TE          TR         W

        0.98     8429.12      -13.35    11469.63    12744.04    0.499
        0.94     8811.75      -13.40    11188.07    12431.19    0.459
        0.89     9230.77      -13.45    10906.50    12118.33    0.419
        0.85     9691.63      -13.49    10675.31    11861.45    0.376
        0.81    10200.93      -13.53    10495.03    11661.14    0.329
        0.77    10766.72      -13.61    10324.06    11471.18    0.286
        0.72    11398.96      -13.70    10186.00    11317.77    0.246
        0.68    12110.09      -13.82    10073.25    11192.50    0.209
        0.64    12915.85      -13.86     9936.72    11040.80    0.178
        0.60    13836.48      -13.88     9688.83    10765.37    0.153
        0.55    14898.42      -13.94     9261.66    10290.73    0.131
        0.51    16136.92      -14.39     8719.21     9688.01    0.113
        0.47    17600.00      -14.86     8173.49     9081.65    0.099
        0.43    19354.84      -15.27     7647.04     8496.71    0.091
        0.38    21498.37      -15.80     7147.48     7941.65    0.084
        0.34    24175.82      -16.55     6738.87     7487.63    0.076
        0.30    27615.06      -17.40     6456.49     7173.88    0.064
        0.26    32195.12      -18.37     6255.35     6950.39    0.050
        0.21    38596.49      -19.53     6062.46     6736.07    0.037
        0.17    48175.18      -20.95     5869.57     6521.75    0.024

         En consv. check   0.389D-14


      NPK        ABS      ESC      event      no event            out of rg

     90000     50326     39674     20989     18685         0         0


                         No. pkts   =   90000
                         Esc to inf =   39674
                         No line ev =       0
  PW(2)=    37596.940533739711       RQ(JS,5)=    37596.940533739711     
  TB=   11838.477383034269       CLP=  2.62711544955215698E-005  CL=  2.65979089203440420E-005

     JP       LP       KP        KJ         L        NUJ        BT        NPK

  1.61061  0.86890  0.54579  0.303E+00   1.12453  0.103E+16   0.0281   1 1.349E+05
  1.34182  0.86965  0.46373  0.294E+00   1.11450  0.101E+16   0.0294   2 1.254E+05
  1.10567  0.87086  0.39397  0.278E+00   1.10501  0.993E+15   0.0308   3 1.169E+05
  0.89622  0.87315  0.33004  0.258E+00   1.09518  0.968E+15   0.0323   4 1.079E+05
  0.73996  0.87078  0.27589  0.241E+00   1.08570  0.947E+15   0.0340   5 1.001E+05
  0.60104  0.86927  0.23100  0.235E+00   1.07674  0.937E+15   0.0359   6 9.360E+04
  0.49020  0.86540  0.19234  0.221E+00   1.06791  0.917E+15   0.0380   7 8.746E+04
  0.39267  0.86217  0.15934  0.212E+00   1.05921  0.904E+15   0.0404   8 8.159E+04
  0.31638  0.85603  0.13219  0.196E+00   1.05098  0.880E+15   0.0431   9 7.673E+04
  0.25066  0.84978  0.10733  0.186E+00   1.04192  0.867E+15   0.0462  10 7.137E+04
  0.17925  0.85388  0.08019  0.154E+00   1.02925  0.825E+15   0.0497  11 6.119E+04
  0.11907  0.86275  0.05926  0.128E+00   1.01804  0.780E+15   0.0538  12 5.225E+04
  0.08140  0.86487  0.04598  0.893E-01   1.01095  0.724E+15   0.0587  13 4.684E+04
  0.05768  0.86054  0.03655  0.616E-01   1.00644  0.679E+15   0.0646  14 4.386E+04
  0.04059  0.85327  0.02873  0.358E-01   1.00298  0.633E+15   0.0717  15 4.154E+04
  0.02855  0.84156  0.02233  0.184E-01   1.00094  0.592E+15   0.0806  16 4.020E+04
  0.02023  0.82271  0.01698  0.868E-02   1.00024  0.568E+15   0.0921  17 3.978E+04
  0.01395  0.79608  0.01232  0.504E-02   1.00005  0.551E+15   0.1074  18 3.969E+04
  0.00906  0.75877  0.00831  0.436E-02   1.00000  0.536E+15   0.1287  19 3.967E+04
  0.00532  0.70429  0.00502  0.368E-02   1.00000  0.514E+15   0.1607  20 3.967E+04
                                         0.98772

     Scale:  L = 43.063     L+ = 43.442

               TB1 = 11875.1          Log EP0 = 38.487592
  TEMP IT no:           5

     0.7    -24.1770      0.4177   T* =  9547.0   TB = 11875.1

        XS        VS          LOG RH       TE          TR         W

        0.98     8429.12      -13.35    11587.54    12875.05    0.487
        0.94     8811.75      -13.40    11345.90    12606.56    0.442
        0.89     9230.77      -13.45    11104.27    12338.07    0.396
        0.85     9691.63      -13.49    10852.58    12058.42    0.355
        0.81    10200.93      -13.53    10644.30    11827.00    0.314
        0.77    10766.72      -13.61    10473.76    11637.51    0.274
        0.72    11398.96      -13.70    10305.60    11450.67    0.237
        0.68    12110.09      -13.82    10128.28    11253.65    0.205
        0.64    12915.85      -13.86     9935.79    11039.77    0.177
        0.60    13836.48      -13.88     9676.34    10751.49    0.153
        0.55    14898.42      -13.94     9272.69    10302.99    0.131
        0.51    16136.92      -14.39     8748.55     9720.61    0.113
        0.47    17600.00      -14.86     8188.93     9098.81    0.100
        0.43    19354.84      -15.27     7651.91     8502.12    0.092
        0.38    21498.37      -15.80     7154.45     7949.39    0.085
        0.34    24175.82      -16.55     6733.91     7482.12    0.076
        0.30    27615.06      -17.40     6437.77     7153.07    0.065
        0.26    32195.12      -18.37     6228.96     6921.06    0.051
        0.21    38596.49      -19.53     6033.96     6704.40    0.037
        0.17    48175.18      -20.95     5838.97     6487.74    0.024

         En consv. check   0.121D-13


      NPK        ABS      ESC      event      no event            out of rg

     90000     50352     39648     21044     18604         0         0


                         No. pkts   =   90000
                         Esc to inf =   39648
                         No line ev =       0
  PW(2)=    37554.122005100871       RQ(JS,5)=    37554.122005100871     
  TB=   11875.117973038097       CLP=  2.65979089203441267E-005  CL=  2.66282353735809026E-005

     JP       LP       KP        KJ         L        NUJ        BT        NPK

  1.62625  0.86756  0.54939  0.298E+00   1.12545  0.103E+16   0.0281   1 1.354E+05
  1.36774  0.86666  0.46637  0.288E+00   1.11534  0.102E+16   0.0294   2 1.258E+05
  1.11914  0.86917  0.39663  0.281E+00   1.10580  0.100E+16   0.0308   3 1.178E+05
  0.92042  0.86907  0.33184  0.258E+00   1.09573  0.972E+15   0.0323   4 1.088E+05
  0.74653  0.86958  0.27707  0.247E+00   1.08610  0.959E+15   0.0340   5 1.007E+05
  0.60178  0.86930  0.22919  0.236E+00   1.07651  0.940E+15   0.0359   6 9.292E+04
  0.49303  0.86480  0.19175  0.220E+00   1.06797  0.920E+15   0.0380   7 8.706E+04
  0.39812  0.86047  0.15989  0.207E+00   1.05960  0.905E+15   0.0404   8 8.179E+04
  0.32269  0.85347  0.13399  0.201E+00   1.05185  0.891E+15   0.0431   9 7.779E+04
  0.25209  0.84902  0.10746  0.184E+00   1.04197  0.868E+15   0.0462  10 7.139E+04
  0.18146  0.85238  0.08042  0.157E+00   1.02933  0.832E+15   0.0497  11 6.147E+04
  0.11853  0.86312  0.05893  0.126E+00   1.01769  0.778E+15   0.0538  12 5.184E+04
  0.08060  0.86568  0.04587  0.897E-01   1.01079  0.722E+15   0.0587  13 4.675E+04
  0.05699  0.86154  0.03644  0.611E-01   1.00630  0.675E+15   0.0646  14 4.368E+04
  0.04024  0.85400  0.02867  0.369E-01   1.00290  0.632E+15   0.0717  15 4.142E+04
  0.02850  0.84172  0.02233  0.177E-01   1.00096  0.592E+15   0.0806  16 4.019E+04
  0.02015  0.82307  0.01697  0.660E-02   1.00021  0.566E+15   0.0921  17 3.971E+04
  0.01396  0.79605  0.01231  0.544E-02   1.00006  0.553E+15   0.1074  18 3.967E+04
  0.00907  0.75876  0.00830  0.447E-02   1.00000  0.537E+15   0.1287  19 3.965E+04
  0.00532  0.70429  0.00502  0.375E-02   1.00000  0.516E+15   0.1607  20 3.965E+04
                                         0.99886

     Scale:  L = 43.063     L+ = 43.442

               TB1 = 11878.5          Log EP0 = 38.488087
  TEMP IT no:           6

     0.4    -24.1770      0.4173   T* =  9547.0   TB = 11878.5

        XS        VS          LOG RH       TE          TR         W

        0.98     8429.12      -13.35    11673.09    12970.10    0.480
        0.94     8811.75      -13.40    11447.29    12719.21    0.433
        0.89     9230.77      -13.45    11221.49    12468.33    0.386
        0.85     9691.63      -13.49    10963.06    12181.17    0.347
        0.81    10200.93      -13.53    10749.11    11943.45    0.306
        0.77    10766.72      -13.61    10554.77    11727.52    0.267
        0.72    11398.96      -13.70    10359.14    11510.15    0.234
        0.68    12110.09      -13.82    10181.63    11312.93    0.203
        0.64    12915.85      -13.86     9990.38    11100.42    0.176
        0.60    13836.48      -13.88     9715.22    10794.69    0.152
        0.55    14898.42      -13.94     9300.80    10334.23    0.130
        0.51    16136.92      -14.39     8756.99     9729.99    0.112
        0.47    17600.00      -14.86     8174.29     9082.54    0.100
        0.43    19354.84      -15.27     7632.25     8480.28    0.092
        0.38    21498.37      -15.80     7142.83     7936.48    0.085
        0.34    24175.82      -16.55     6726.46     7473.84    0.076
        0.30    27615.06      -17.40     6430.05     7144.50    0.065
        0.26    32195.12      -18.37     6228.86     6920.96    0.051
        0.21    38596.49      -19.53     6037.33     6708.15    0.037
        0.17    48175.18      -20.95     5845.81     6495.34    0.024

         En consv. check  -0.716D-14


      NPK        ABS      ESC      event      no event            out of rg

     90000     50426     39574     20740     18834         0         0


                         No. pkts   =   90000
                         Esc to inf =   39574
                         No line ev =       0
  PW(2)=    37493.127044805413       RQ(JS,5)=    37493.127044805413     
  TB=   11878.501475225037       CLP=  2.66282353735809940E-005  CL=  2.66715549973991218E-005

     JP       LP       KP        KJ         L        NUJ        BT        NPK

  1.64772  0.86476  0.55464  0.311E+00   1.12578  0.104E+16   0.0281   1 1.369E+05
  1.35134  0.86847  0.47028  0.298E+00   1.11548  0.103E+16   0.0294   2 1.268E+05
  1.11731  0.86905  0.39851  0.285E+00   1.10569  0.101E+16   0.0308   3 1.179E+05
  0.93635  0.86582  0.33412  0.276E+00   1.09573  0.994E+15   0.0323   4 1.093E+05
  0.75215  0.86796  0.27973  0.258E+00   1.08620  0.968E+15   0.0340   5 1.014E+05
  0.61092  0.86651  0.23191  0.242E+00   1.07662  0.950E+15   0.0359   6 9.384E+04
  0.49063  0.86493  0.19202  0.229E+00   1.06747  0.929E+15   0.0380   7 8.695E+04
  0.39658  0.86049  0.15979  0.214E+00   1.05905  0.908E+15   0.0404   8 8.181E+04
  0.32686  0.85118  0.13361  0.208E+00   1.05115  0.899E+15   0.0431   9 7.767E+04
  0.24768  0.85085  0.10678  0.185E+00   1.04116  0.868E+15   0.0462  10 7.082E+04
  0.17875  0.85376  0.08041  0.160E+00   1.02894  0.834E+15   0.0497  11 6.132E+04
  0.11585  0.86507  0.05854  0.124E+00   1.01711  0.774E+15   0.0538  12 5.124E+04
  0.07920  0.86706  0.04572  0.856E-01   1.01051  0.717E+15   0.0587  13 4.633E+04
  0.05692  0.86159  0.03636  0.593E-01   1.00613  0.673E+15   0.0646  14 4.340E+04
  0.04030  0.85384  0.02863  0.368E-01   1.00277  0.630E+15   0.0717  15 4.129E+04
  0.02845  0.84182  0.02231  0.183E-01   1.00089  0.591E+15   0.0806  16 4.007E+04
  0.02033  0.82232  0.01698  0.105E-01   1.00021  0.571E+15   0.0921  17 3.967E+04
  0.01395  0.79611  0.01232  0.604E-02   1.00004  0.552E+15   0.1074  18 3.959E+04
  0.00906  0.75878  0.00831  0.507E-02   1.00000  0.536E+15   0.1287  19 3.957E+04
  0.00532  0.70429  0.00502  0.420E-02   1.00000  0.515E+15   0.1607  20 3.957E+04
                                         0.99838

     Scale:  L = 43.063     L+ = 43.443

               TB1 = 11883.3          Log EP0 = 38.488793
  TEMP IT no:           7

     0.5    -24.1770      0.4166   T* =  9547.0   TB = 11883.3

        XS        VS          LOG RH       TE          TR         W

        0.98     8429.12      -13.35    11739.45    13043.83    0.465
        0.94     8811.75      -13.40    11535.49    12817.21    0.419
        0.89     9230.77      -13.45    11331.53    12590.59    0.372
        0.85     9691.63      -13.49    11112.81    12347.57    0.332
        0.81    10200.93      -13.53    10878.83    12087.59    0.295
        0.77    10766.72      -13.61    10655.25    11839.17    0.259
        0.72    11398.96      -13.70    10439.86    11599.85    0.227
        0.68    12110.09      -13.82    10242.51    11380.57    0.198
        0.64    12915.85      -13.86    10039.38    11154.87    0.173
        0.60    13836.48      -13.88     9745.42    10828.25    0.149
        0.55    14898.42      -13.94     9310.35    10344.84    0.127
        0.51    16136.92      -14.39     8737.55     9708.38    0.111
        0.47    17600.00      -14.86     8137.86     9042.07    0.100
        0.43    19354.84      -15.27     7605.76     8450.84    0.093
        0.38    21498.37      -15.80     7126.31     7918.12    0.086
        0.34    24175.82      -16.55     6725.59     7472.88    0.077
        0.30    27615.06      -17.40     6441.59     7157.32    0.065
        0.26    32195.12      -18.37     6229.95     6922.17    0.051
        0.21    38596.49      -19.53     6030.47     6700.52    0.038
        0.17    48175.18      -20.95     5830.98     6478.86    0.024

         En consv. check   0.115D-13


      NPK        ABS      ESC      event      no event            out of rg

     90000     50724     39276     20629     18647         0         0


                         No. pkts   =   90000
                         Esc to inf =   39276
                         No line ev =       0
  PW(2)=    37184.457067249896       RQ(JS,5)=    37184.457067249896     
  TB=   11883.329607704865       CLP=  2.66715549973992505E-005  CL=  2.68929568661296145E-005

     JP       LP       KP        KJ         L        NUJ        BT        NPK

  1.66038  0.86468  0.55812  0.304E+00   1.12761  0.104E+16   0.0281   1 1.363E+05
  1.38941  0.86466  0.47886  0.304E+00   1.11792  0.103E+16   0.0294   2 1.280E+05
  1.14252  0.86629  0.40480  0.287E+00   1.10779  0.102E+16   0.0308   3 1.189E+05
  0.92899  0.86814  0.33865  0.274E+00   1.09756  0.990E+15   0.0323   4 1.100E+05
  0.75828  0.86762  0.28253  0.259E+00   1.08772  0.973E+15   0.0340   5 1.016E+05
  0.61494  0.86639  0.23297  0.242E+00   1.07775  0.952E+15   0.0359   6 9.340E+04
  0.48924  0.86614  0.19275  0.227E+00   1.06850  0.928E+15   0.0380   7 8.668E+04
  0.40194  0.85932  0.16110  0.216E+00   1.06020  0.911E+15   0.0404   8 8.192E+04
  0.32709  0.85169  0.13476  0.209E+00   1.05225  0.899E+15   0.0431   9 7.773E+04
  0.25810  0.84588  0.10841  0.196E+00   1.04244  0.878E+15   0.0462  10 7.176E+04
  0.18192  0.85198  0.08055  0.156E+00   1.02931  0.830E+15   0.0497  11 6.128E+04
  0.11652  0.86471  0.05894  0.123E+00   1.01764  0.773E+15   0.0538  12 5.134E+04
  0.08122  0.86496  0.04613  0.913E-01   1.01100  0.724E+15   0.0587  13 4.654E+04
  0.05740  0.86088  0.03647  0.671E-01   1.00626  0.679E+15   0.0646  14 4.331E+04
  0.04013  0.85415  0.02869  0.362E-01   1.00288  0.625E+15   0.0717  15 4.103E+04
  0.02844  0.84185  0.02230  0.157E-01   1.00083  0.586E+15   0.0806  16 3.973E+04
  0.02018  0.82296  0.01697  0.727E-02   1.00020  0.564E+15   0.0921  17 3.936E+04
  0.01395  0.79611  0.01232  0.505E-02   1.00006  0.549E+15   0.1074  18 3.930E+04
  0.00906  0.75877  0.00831  0.404E-02   1.00000  0.534E+15   0.1287  19 3.928E+04
  0.00532  0.70429  0.00502  0.347E-02   1.00000  0.512E+15   0.1607  20 3.928E+04
                                         0.99177

     Scale:  L = 43.063     L+ = 43.447

               TB1 = 11907.9          Log EP0 = 38.492384
  TEMP IT no:           8

     0.4    -24.1770      0.4132   T* =  9547.0   TB = 11907.9

        XS        VS          LOG RH       TE          TR         W

        0.98     8429.12      -13.35    11784.73    13094.14    0.470
        0.94     8811.75      -13.40    11592.44    12880.49    0.420
        0.89     9230.77      -13.45    11400.15    12666.83    0.369
        0.85     9691.63      -13.49    11161.60    12401.78    0.328
        0.81    10200.93      -13.53    10933.02    12147.80    0.290
        0.77    10766.72      -13.61    10704.23    11893.59    0.255
        0.72    11398.96      -13.70    10471.38    11634.87    0.225
        0.68    12110.09      -13.82    10270.11    11411.23    0.197
        0.64    12915.85      -13.86    10078.74    11198.59    0.172
        0.60    13836.48      -13.88     9784.71    10871.90    0.150
        0.55    14898.42      -13.94     9311.41    10346.02    0.130
        0.51    16136.92      -14.39     8732.16     9702.40    0.113
        0.47    17600.00      -14.86     8165.77     9073.08    0.101
        0.43    19354.84      -15.27     7625.13     8472.37    0.093
        0.38    21498.37      -15.80     7103.33     7892.59    0.087
        0.34    24175.82      -16.55     6681.69     7424.10    0.078
        0.30    27615.06      -17.40     6401.43     7112.70    0.066
        0.26    32195.12      -18.37     6201.60     6890.66    0.052
        0.21    38596.49      -19.53     6008.13     6675.70    0.038
        0.17    48175.18      -20.95     5814.66     6460.73    0.025

         En consv. check  -0.102D-13


      NPK        ABS      ESC      event      no event            out of rg

     90000     50708     39292     20659     18633         0         0


                         No. pkts   =   90000
                         Esc to inf =   39292
                         No line ev =       0
  PW(2)=    37193.687843408610       RQ(JS,5)=    37193.687843408610     
  TB=   11907.914233726908       CLP=  2.68929568661297433E-005  CL=  2.68862825383210267E-005

     JP       LP       KP        KJ         L        NUJ        BT        NPK

  1.64459  0.86621  0.55479  0.305E+00   1.12689  0.104E+16   0.0281   1 1.356E+05
  1.37509  0.86633  0.47501  0.300E+00   1.11716  0.103E+16   0.0294   2 1.271E+05
  1.12797  0.86835  0.40164  0.291E+00   1.10711  0.102E+16   0.0308   3 1.181E+05
  0.92477  0.86876  0.33678  0.276E+00   1.09709  0.999E+15   0.0323   4 1.092E+05
  0.75459  0.86828  0.28140  0.261E+00   1.08738  0.978E+15   0.0340   5 1.014E+05
  0.60922  0.86765  0.23245  0.241E+00   1.07748  0.951E+15   0.0359   6 9.338E+04
  0.49349  0.86477  0.19235  0.224E+00   1.06824  0.928E+15   0.0380   7 8.650E+04
  0.40067  0.85970  0.16106  0.219E+00   1.06013  0.913E+15   0.0404   8 8.167E+04
  0.32682  0.85175  0.13460  0.215E+00   1.05213  0.907E+15   0.0431   9 7.760E+04
  0.25195  0.84918  0.10794  0.191E+00   1.04231  0.877E+15   0.0462  10 7.113E+04
  0.18255  0.85170  0.08101  0.162E+00   1.02974  0.834E+15   0.0497  11 6.152E+04
  0.11798  0.86359  0.05913  0.126E+00   1.01788  0.781E+15   0.0538  12 5.163E+04
  0.08085  0.86544  0.04581  0.904E-01   1.01075  0.723E+15   0.0587  13 4.621E+04
  0.05762  0.86065  0.03651  0.621E-01   1.00641  0.680E+15   0.0646  14 4.339E+04
  0.04043  0.85359  0.02875  0.384E-01   1.00301  0.633E+15   0.0717  15 4.121E+04
  0.02851  0.84166  0.02235  0.169E-01   1.00100  0.590E+15   0.0806  16 3.987E+04
  0.02020  0.82287  0.01697  0.817E-02   1.00021  0.567E+15   0.0921  17 3.938E+04
  0.01395  0.79611  0.01231  0.468E-02   1.00004  0.551E+15   0.1074  18 3.930E+04
  0.00906  0.75877  0.00831  0.391E-02   1.00000  0.535E+15   0.1287  19 3.929E+04
  0.00532  0.70429  0.00502  0.316E-02   1.00000  0.514E+15   0.1607  20 3.929E+04
                                         1.00025

     Scale:  L = 43.063     L+ = 43.447

               TB1 = 11907.2          Log EP0 = 38.492276
  TEMP IT no:           9

     0.3    -24.1770      0.4133   T* =  9547.0   TB = 11907.2

        XS        VS          LOG RH       TE          TR         W

        0.98     8429.12      -13.35    11780.76    13089.73    0.465
        0.94     8811.75      -13.40    11617.29    12908.10    0.412
        0.89     9230.77      -13.45    11453.82    12726.47    0.359
        0.85     9691.63      -13.49    11233.80    12482.00    0.317
        0.81    10200.93      -13.53    10983.63    12204.04    0.283
        0.77    10766.72      -13.61    10722.89    11914.32    0.252
        0.72    11398.96      -13.70    10483.08    11647.86    0.224
        0.68    12110.09      -13.82    10305.49    11450.54    0.195
        0.64    12915.85      -13.86    10127.28    11252.53    0.168
        0.60    13836.48      -13.88     9816.18    10906.87    0.146
        0.55    14898.42      -13.94     9343.76    10381.96    0.128
        0.51    16136.92      -14.39     8770.59     9745.11    0.111
        0.47    17600.00      -14.86     8184.33     9093.70    0.100
        0.43    19354.84      -15.27     7643.97     8493.30    0.092
        0.38    21498.37      -15.80     7138.32     7931.47    0.086
        0.34    24175.82      -16.55     6707.74     7453.04    0.077
        0.30    27615.06      -17.40     6412.31     7124.79    0.066
        0.26    32195.12      -18.37     6208.39     6898.21    0.051
        0.21    38596.49      -19.53     6015.10     6683.44    0.038
        0.17    48175.18      -20.95     5821.80     6468.67    0.024

         En consv. check   0.609D-14


      NPK        ABS      ESC      event      no event            out of rg

     90000     50612     39388     20464     18924         0         0


                         No. pkts   =   90000
                         Esc to inf =   39388
                         No line ev =       0
  PW(2)=    37310.137056535023       RQ(JS,5)=    37310.137056535023     
  TB=   11907.175334678246       CLP=  2.68862825383211826E-005  CL=  2.68023673696166696E-005

     JP       LP       KP        KJ         L        NUJ        BT        NPK

  1.65200  0.86449  0.55532  0.315E+00   1.12609  0.105E+16   0.0281   1 1.363E+05
  1.36552  0.86677  0.47583  0.307E+00   1.11642  0.104E+16   0.0294   2 1.275E+05
  1.14881  0.86431  0.40385  0.289E+00   1.10662  0.102E+16   0.0308   3 1.188E+05
  0.93438  0.86621  0.33812  0.286E+00   1.09649  0.101E+16   0.0323   4 1.100E+05
  0.75504  0.86739  0.27993  0.262E+00   1.08627  0.977E+15   0.0340   5 1.009E+05
  0.60266  0.86861  0.23112  0.245E+00   1.07651  0.954E+15   0.0359   6 9.278E+04
  0.48733  0.86599  0.19183  0.233E+00   1.06753  0.937E+15   0.0380   7 8.649E+04
  0.40047  0.85921  0.15998  0.217E+00   1.05919  0.915E+15   0.0404   8 8.128E+04
  0.32780  0.85090  0.13292  0.202E+00   1.05097  0.892E+15   0.0431   9 7.659E+04
  0.24726  0.85123  0.10637  0.183E+00   1.04110  0.868E+15   0.0462  10 7.016E+04
  0.17677  0.85521  0.07987  0.161E+00   1.02877  0.830E+15   0.0497  11 6.066E+04
  0.11619  0.86492  0.05897  0.122E+00   1.01760  0.776E+15   0.0538  12 5.148E+04
  0.08201  0.86410  0.04607  0.969E-01   1.01092  0.739E+15   0.0587  13 4.656E+04
  0.05638  0.86232  0.03624  0.543E-01   1.00593  0.667E+15   0.0646  14 4.303E+04
  0.04041  0.85361  0.02879  0.375E-01   1.00307  0.633E+15   0.0717  15 4.133E+04
  0.02842  0.84190  0.02234  0.163E-01   1.00095  0.590E+15   0.0806  16 3.989E+04
  0.02018  0.82292  0.01699  0.705E-02   1.00025  0.567E+15   0.0921  17 3.948E+04
  0.01396  0.79604  0.01232  0.456E-02   1.00006  0.552E+15   0.1074  18 3.941E+04
  0.00906  0.75877  0.00831  0.380E-02   1.00000  0.536E+15   0.1287  19 3.939E+04
  0.00532  0.70429  0.00502  0.324E-02   1.00000  0.515E+15   0.1607  20 3.939E+04
                                         1.00313

     Scale:  L = 43.063     L+ = 43.445

               TB1 = 11897.9          Log EP0 = 38.490918
  TEMP IT no:          30

     0.3    -24.1770      0.4146   T* =  9547.0   TB = 11897.9

        XS        VS          LOG RH       TE          TR         W

        0.98     8429.12      -13.35    11856.06    13173.40    0.451
        0.94     8811.75      -13.40    11674.21    12971.35    0.404
        0.89     9230.77      -13.45    11492.36    12769.29    0.357
        0.85     9691.63      -13.49    11273.28    12525.87    0.316
        0.81    10200.93      -13.53    11012.01    12235.57    0.280
        0.77    10766.72      -13.61    10756.83    11952.03    0.247
        0.72    11398.96      -13.70    10533.80    11704.22    0.218
        0.68    12110.09      -13.82    10310.57    11456.19    0.194
        0.64    12915.85      -13.86    10064.23    11182.48    0.172
        0.60    13836.48      -13.88     9751.80    10835.34    0.148
        0.55    14898.42      -13.94     9309.82    10344.24    0.127
        0.51    16136.92      -14.39     8784.85     9760.95    0.109
        0.47    17600.00      -14.86     8222.33     9135.92    0.098
        0.43    19354.84      -15.27     7636.73     8485.26    0.092
        0.38    21498.37      -15.80     7126.66     7918.51    0.085
        0.34    24175.82      -16.55     6718.89     7465.43    0.077
        0.30    27615.06      -17.40     6420.41     7133.79    0.065
        0.26    32195.12      -18.37     6216.98     6907.75    0.051
        0.21    38596.49      -19.53     6023.73     6693.03    0.038
        0.17    48175.18      -20.95     5830.47     6478.30    0.024

         En consv. check   0.601D-14


      NPK        ABS      ESC      event      no event            out of rg

     90000     50857     39143     20449     18694         0         0


                         No. pkts   =   90000
                         Esc to inf =   39143
                         No line ev =       0
  PW(2)=    37063.917140892656       RQ(JS,5)=    37063.917140892656     
  TB=   11897.873525917914       CLP=  2.68023673696167509E-005  CL=  2.69804186157296108E-005

     JP       LP       KP        KJ         L        NUJ        BT        NPK

  1.67828  0.86256  0.56090  0.311E+00   1.12791  0.105E+16   0.0281   1 1.367E+05
  1.39768  0.86357  0.48074  0.307E+00   1.11819  0.104E+16   0.0294   2 1.281E+05
  1.15460  0.86440  0.40694  0.292E+00   1.10809  0.102E+16   0.0308   3 1.194E+05
  0.94087  0.86594  0.34218  0.281E+00   1.09810  0.100E+16   0.0323   4 1.106E+05
  0.77448  0.86406  0.28582  0.269E+00   1.08821  0.985E+15   0.0340   5 1.026E+05
  0.62516  0.86360  0.23683  0.251E+00   1.07839  0.963E+15   0.0359   6 9.458E+04
  0.50587  0.86090  0.19507  0.242E+00   1.06875  0.944E+15   0.0380   7 8.751E+04
  0.39797  0.86024  0.16201  0.218E+00   1.06006  0.916E+15   0.0404   8 8.191E+04
  0.33029  0.84989  0.13433  0.199E+00   1.05162  0.891E+15   0.0431   9 7.705E+04
  0.25335  0.84794  0.10750  0.188E+00   1.04157  0.875E+15   0.0462  10 7.061E+04
  0.17928  0.85340  0.07992  0.155E+00   1.02861  0.830E+15   0.0497  11 6.033E+04
  0.11524  0.86557  0.05846  0.116E+00   1.01705  0.768E+15   0.0538  12 5.061E+04
  0.07997  0.86626  0.04583  0.869E-01   1.01064  0.720E+15   0.0587  13 4.595E+04
  0.05695  0.86154  0.03649  0.590E-01   1.00632  0.676E+15   0.0646  14 4.313E+04
  0.04049  0.85346  0.02872  0.385E-01   1.00295  0.632E+15   0.0717  15 4.097E+04
  0.02869  0.84113  0.02236  0.190E-01   1.00099  0.597E+15   0.0806  16 3.972E+04
  0.02022  0.82276  0.01699  0.845E-02   1.00026  0.569E+15   0.0921  17 3.926E+04
  0.01395  0.79604  0.01232  0.567E-02   1.00004  0.554E+15   0.1074  18 3.916E+04
  0.00906  0.75875  0.00831  0.460E-02   1.00000  0.537E+15   0.1287  19 3.914E+04
  0.00532  0.70429  0.00502  0.393E-02   1.00000  0.516E+15   0.1607  20 3.914E+04
                                         0.99340

     Scale:  L = 43.063     L+ = 43.448

               TB1 = 11917.6          Log EP0 = 38.493794

         En consv. check  -0.113D-13


      NPK        ABS      ESC      event      no event            out of rg

     90000     51003     38997     20212     18785         0         0


                         No. pkts   =   90000
                         Esc to inf =   38997
                         No line ev =       0
  PW(2)=    36936.884925636579       RQ(JS,5)=    36936.884925636579     
  TB=   11917.584230633880       CLP=  2.69804186157298853E-005  CL=  2.70732088537854893E-005

     JP       LP       KP        KJ         L        NUJ        BT        NPK

  1.67506  0.86259  0.56415  0.307E+00   1.12794  0.105E+16   0.0281   1 1.370E+05
  1.40868  0.86165  0.48322  0.304E+00   1.11808  0.104E+16   0.0294   2 1.284E+05
  1.15744  0.86348  0.41087  0.296E+00   1.10821  0.102E+16   0.0308   3 1.199E+05
  0.95285  0.86323  0.34387  0.279E+00   1.09783  0.100E+16   0.0323   4 1.107E+05
  0.75786  0.86694  0.28344  0.263E+00   1.08714  0.978E+15   0.0340   5 1.013E+05
  0.60820  0.86724  0.23246  0.242E+00   1.07682  0.952E+15   0.0359   6 9.254E+04
  0.49563  0.86349  0.19387  0.234E+00   1.06802  0.938E+15   0.0380   7 8.657E+04
  0.39571  0.86073  0.16049  0.219E+00   1.05923  0.918E+15   0.0404   8 8.061E+04
  0.32509  0.85194  0.13416  0.203E+00   1.05139  0.894E+15   0.0431   9 7.655E+04
  0.25113  0.84909  0.10710  0.189E+00   1.04135  0.873E+15   0.0462  10 6.996E+04
  0.18057  0.85261  0.08030  0.167E+00   1.02891  0.835E+15   0.0497  11 6.043E+04
  0.11623  0.86477  0.05866  0.120E+00   1.01722  0.773E+15   0.0538  12 5.068E+04
  0.08038  0.86577  0.04597  0.849E-01   1.01074  0.718E+15   0.0587  13 4.600E+04
  0.05677  0.86173  0.03649  0.561E-01   1.00626  0.671E+15   0.0646  14 4.293E+04
  0.04042  0.85354  0.02872  0.363E-01   1.00290  0.631E+15   0.0717  15 4.081E+04
  0.02849  0.84167  0.02235  0.154E-01   1.00094  0.589E+15   0.0806  16 3.953E+04
  0.02018  0.82287  0.01699  0.665E-02   1.00021  0.565E+15   0.0921  17 3.909E+04
  0.01395  0.79608  0.01232  0.465E-02   1.00004  0.550E+15   0.1074  18 3.902E+04
  0.00906  0.75878  0.00831  0.379E-02   1.00000  0.535E+15   0.1287  19 3.900E+04
  0.00532  0.70429  0.00502  0.314E-02   1.00000  0.513E+15   0.1607  20 3.900E+04
                                         0.99657

     Scale:  L = 43.063     L+ = 43.450

               TB1 = 11927.8          Log EP0 = 38.495285

         En consv. check   0.372D-14


      NPK        ABS      ESC      event      no event            out of rg

     90000     50679     39321     20692     18629         0         0


                         No. pkts   =   90000
                         Esc to inf =   39321
                         No line ev =       0
  PW(2)=    37250.759889100664       RQ(JS,5)=    37250.759889100664     
  TB=   11927.817690727034       CLP=  2.70732088537860483E-005  CL=  2.68450899519124632E-005

     JP       LP       KP        KJ         L        NUJ        BT        NPK

  1.68126  0.86111  0.55933  0.309E+00   1.12662  0.105E+16   0.0281   1 1.370E+05
  1.37386  0.86565  0.47697  0.306E+00   1.11658  0.104E+16   0.0294   2 1.278E+05
  1.12044  0.86866  0.40330  0.294E+00   1.10652  0.103E+16   0.0308   3 1.184E+05
  0.92678  0.86759  0.33927  0.281E+00   1.09672  0.100E+16   0.0323   4 1.100E+05
  0.75847  0.86663  0.28194  0.261E+00   1.08664  0.979E+15   0.0340   5 1.017E+05
  0.61300  0.86590  0.23432  0.251E+00   1.07711  0.961E+15   0.0359   6 9.413E+04
  0.48939  0.86515  0.19278  0.229E+00   1.06756  0.938E+15   0.0380   7 8.672E+04
  0.40107  0.85874  0.16085  0.214E+00   1.05923  0.915E+15   0.0404   8 8.156E+04
  0.32201  0.85307  0.13298  0.199E+00   1.05072  0.896E+15   0.0431   9 7.657E+04
  0.25207  0.84836  0.10755  0.188E+00   1.04134  0.875E+15   0.0462  10 7.092E+04
  0.17745  0.85437  0.07983  0.156E+00   1.02834  0.829E+15   0.0497  11 6.052E+04
  0.11582  0.86488  0.05846  0.123E+00   1.01683  0.774E+15   0.0538  12 5.090E+04
  0.07989  0.86610  0.04541  0.846E-01   1.00994  0.714E+15   0.0587  13 4.578E+04
  0.05662  0.86185  0.03642  0.564E-01   1.00606  0.671E+15   0.0646  14 4.319E+04
  0.03949  0.85531  0.02857  0.274E-01   1.00257  0.617E+15   0.0717  15 4.079E+04
  0.02847  0.84175  0.02232  0.154E-01   1.00089  0.589E+15   0.0806  16 3.981E+04
  0.02019  0.82289  0.01698  0.598E-02   1.00020  0.564E+15   0.0921  17 3.940E+04
  0.01395  0.79611  0.01232  0.399E-02   1.00004  0.550E+15   0.1074  18 3.933E+04
  0.00906  0.75878  0.00831  0.331E-02   1.00000  0.534E+15   0.1287  19 3.932E+04
  0.00532  0.70429  0.00502  0.272E-02   1.00000  0.513E+15   0.1607  20 3.932E+04
                                         1.00850

     Scale:  L = 43.063     L+ = 43.446

               TB1 = 11902.6          Log EP0 = 38.491610

         En consv. check   0.116D-14


      NPK        ABS      ESC      event      no event            out of rg

     90000     50925     39075     20524     18551         0         0


                         No. pkts   =   90000
                         Esc to inf =   39075
                         No line ev =       0
  PW(2)=    36992.604662039950       RQ(JS,5)=    36992.604662039950     
  TB=   11902.611953663938       CLP=  2.68450899519127986E-005  CL=  2.70324301069330317E-005

     JP       LP       KP        KJ         L        NUJ        BT        NPK

  1.69023  0.86091  0.56377  0.312E+00   1.12800  0.105E+16   0.0281   1 1.372E+05
  1.36972  0.86701  0.47964  0.304E+00   1.11774  0.104E+16   0.0294   2 1.275E+05
  1.14916  0.86498  0.40694  0.295E+00   1.10783  0.102E+16   0.0308   3 1.189E+05
  0.94121  0.86566  0.34160  0.280E+00   1.09778  0.100E+16   0.0323   4 1.102E+05
  0.76362  0.86613  0.28233  0.259E+00   1.08730  0.972E+15   0.0340   5 1.011E+05
  0.61698  0.86552  0.23335  0.248E+00   1.07746  0.953E+15   0.0359   6 9.329E+04
  0.48256  0.86773  0.19177  0.228E+00   1.06786  0.929E+15   0.0380   7 8.574E+04
  0.39883  0.86013  0.16060  0.220E+00   1.05976  0.915E+15   0.0404   8 8.096E+04
  0.32131  0.85396  0.13341  0.206E+00   1.05151  0.899E+15   0.0431   9 7.628E+04
  0.25133  0.84941  0.10738  0.188E+00   1.04193  0.875E+15   0.0462  10 7.032E+04
  0.18197  0.85204  0.08115  0.168E+00   1.02979  0.843E+15   0.0497  11 6.125E+04
  0.11764  0.86382  0.05929  0.124E+00   1.01795  0.777E+15   0.0538  12 5.140E+04
  0.08071  0.86556  0.04610  0.940E-01   1.01102  0.728E+15   0.0587  13 4.627E+04
  0.05693  0.86159  0.03641  0.616E-01   1.00623  0.674E+15   0.0646  14 4.295E+04
  0.04025  0.85392  0.02874  0.357E-01   1.00299  0.627E+15   0.0717  15 4.091E+04
  0.02839  0.84195  0.02233  0.139E-01   1.00091  0.586E+15   0.0806  16 3.955E+04
  0.02029  0.82246  0.01699  0.125E-01   1.00024  0.570E+15   0.0921  17 3.918E+04
  0.01395  0.79607  0.01232  0.493E-02   1.00003  0.550E+15   0.1074  18 3.909E+04
  0.00906  0.75877  0.00831  0.423E-02   1.00000  0.534E+15   0.1287  19 3.908E+04
  0.00532  0.70429  0.00502  0.323E-02   1.00000  0.513E+15   0.1607  20 3.908E+04
                                         0.99307

     Scale:  L = 43.063     L+ = 43.449

               TB1 = 11923.3          Log EP0 = 38.494630
     POWER:   0.3699E+05    INPUT FLUX:   0.2563E-09    INT. FLUX:  0.2367E-09

UNREDD. MAGS: U=    12.194 B=    12.595 V=    12.528 R=    12.360
UNREDD. COL.: U-B = -0.402 B-V =  0.067 V-R =  0.168

REDD. MAGS:   U=    14.098 B=    14.143 V=    13.716 R=    13.344
REDD. COL.:   U-B = -0.045 B-V =  0.427 V-R =  0.372

ABS. MAG:     U =  -19.246 B =  -18.845 V =  -18.912
MBol =  12.490  Bol. Corr. =  -0.038  (MBol)o= -18.950
