3342.5135689057  6.289257E-15
3346.776917286  5.432215E-15
3351.04026566629  6.743865E-15
3355.30361404659  3.775305E-15
3359.56696242689  2.025517E-15
3363.83031080718  7.219387E-15
3368.09365918748  1.049615E-14
3372.35700756777  8.272806E-15
3376.62035594807  8.213300E-15
3380.88370432836  8.844042E-15
3385.14705270866  9.519294E-15
3389.41040108895  9.136303E-15
3393.67374946925  5.275284E-15
3397.93709784954  6.658706E-15
3402.20044622984  9.377282E-15
3406.46379461014  7.510805E-15
3410.72714299043  7.845129E-15
3414.99049137073  7.414201E-15
3419.25383975102  9.636460E-15
3423.51718813132  7.650210E-15
3427.78053651161  6.839373E-15
3432.04388489191  4.757546E-15
3436.30723327221  7.300563E-15
3440.5705816525  9.730978E-15
3444.8339300328  1.144656E-14
3449.09727841309  1.122233E-14
3453.36062679339  1.104136E-14
3457.62397517368  1.156009E-14
3461.88732355398  1.417446E-14
3466.15067193427  1.355210E-14
3470.41402031457  1.281515E-14
3474.67736869487  1.368144E-14
3478.94071707516  1.542843E-14
3483.20406545546  1.375543E-14
3487.46741383575  1.398803E-14
3491.73076221605  1.344136E-14
3495.99411059634  1.314936E-14
3500.25745897664  1.679606E-14
3504.52080735693  1.711107E-14
3508.78415573723  1.344194E-14
3513.04750411752  1.431370E-14
3517.31085249782  1.451904E-14
3521.57420087812  1.649962E-14
3525.83754925841  1.500066E-14
3530.10089763871  1.556369E-14
3534.364246019  1.743889E-14
3538.6275943993  1.662568E-14
3542.89094277959  1.593252E-14
3547.15429115989  1.679136E-14
3551.41763954018  1.593226E-14
3555.68098792048  1.631797E-14
3559.94433630077  1.578282E-14
3564.20768468107  1.567403E-14
3568.47103306137  1.574414E-14
3572.73438144166  1.600189E-14
3576.99772982196  1.703897E-14
3581.26107820225  1.659361E-14
3585.52442658255  1.676593E-14
3589.78777496284  1.578786E-14
3594.05112334314  1.578615E-14
3598.31447172343  1.535571E-14
3602.57782010373  1.530799E-14
3606.84116848403  1.603067E-14
3611.10451686432  1.566512E-14
3615.36786524462  1.501962E-14
3619.63121362491  1.321185E-14
3623.89456200521  1.224300E-14
3628.1579103855  1.265764E-14
3632.4212587658  1.152584E-14
3636.6846071461  1.144746E-14
3640.94795552639  1.123797E-14
3645.21130390669  1.032253E-14
3649.47465228698  1.015297E-14
3653.73800066728  9.499234E-15
3658.00134904757  8.581040E-15
3662.26469742787  8.439987E-15
3666.52804580816  8.226121E-15
3670.79139418846  6.620241E-15
3675.05474256875  6.903759E-15
3679.31809094905  6.949665E-15
3683.58143932935  6.174457E-15
3687.84478770964  5.828989E-15
3692.10813608994  5.513372E-15
3696.37148447023  5.339609E-15
3700.63483285053  5.365416E-15
3704.89818123082  4.946221E-15
3709.16152961112  4.933851E-15
3713.42487799141  5.097553E-15
3717.68822637171  5.301548E-15
3721.951574752  5.244759E-15
3726.2149231323  5.252525E-15
3730.4782715126  5.137735E-15
3734.74161989289  4.812848E-15
3739.00496827319  5.035416E-15
3743.26831665348  5.556128E-15
3747.53166503378  5.033005E-15
3751.79501341407  5.456474E-15
3756.05836179437  5.679807E-15
3760.32171017467  5.581939E-15
3764.58505855496  5.799820E-15
3768.84840693526  6.725537E-15
3773.11175531555  7.047871E-15
3777.37510369585  7.013521E-15
3781.63845207614  7.159168E-15
3785.90180045644  7.547036E-15
3790.16514883673  7.939780E-15
3794.42849721703  8.336083E-15
3798.69184559733  8.492675E-15
3802.95519397762  8.991965E-15
3807.21854235792  9.510527E-15
3811.48189073821  1.030048E-14
3815.74523911851  1.059321E-14
3820.0085874988  1.126667E-14
3824.2719358791  1.190481E-14
3828.53528425939  1.227710E-14
3832.79863263969  1.299330E-14
3837.06198101998  1.360774E-14
3841.32532940028  1.446948E-14
3845.58867778058  1.544025E-14
3849.85202616087  1.605954E-14
3854.11537454117  1.682476E-14
3858.37872292146  1.740183E-14
3862.64207130176  1.824146E-14
3866.90541968205  1.933684E-14
3871.16876806235  1.957664E-14
3875.43211644264  2.022144E-14
3879.69546482294  2.040444E-14
3883.95881320324  2.062438E-14
3888.22216158353  2.082218E-14
3892.48550996383  2.081814E-14
3896.74885834412  2.089860E-14
3901.01220672442  2.044535E-14
3905.27555510471  2.014848E-14
3909.53890348501  1.986926E-14
3913.8022518653  1.965302E-14
3918.0656002456  1.913126E-14
3922.3289486259  1.877556E-14
3926.59229700619  1.858551E-14
3930.85564538649  1.840513E-14
3935.11899376678  1.823976E-14
3939.38234214708  1.804120E-14
3943.64569052737  1.819176E-14
3947.90903890767  1.855842E-14
3952.17238728796  1.830541E-14
3956.43573566826  1.779249E-14
3960.69908404856  1.750880E-14
3964.96243242885  1.727522E-14
3969.22578080915  1.708503E-14
3973.48912918944  1.676021E-14
3977.75247756974  1.691505E-14
3982.01582595003  1.713608E-14
3986.27917433033  1.704927E-14
3990.54252271062  1.690697E-14
3994.80587109092  1.701712E-14
3999.06921947121  1.721017E-14
4003.33256785151  1.739205E-14
4007.59591623181  1.761225E-14
4011.8592646121  1.805500E-14
4016.1226129924  1.849780E-14
4020.38596137269  1.891187E-14
4024.64930975299  1.927325E-14
4028.91265813328  1.989627E-14
4033.17600651358  2.018532E-14
4037.43935489388  2.045233E-14
4041.70270327417  2.087053E-14
4045.96605165447  2.127467E-14
4050.22940003476  2.168308E-14
4054.49274841506  2.201357E-14
4058.75609679535  2.235289E-14
4063.01944517565  2.269645E-14
4067.28279355594  2.279811E-14
4071.54614193624  2.289873E-14
4075.80949031653  2.312163E-14
4080.07283869683  2.292879E-14
4084.33618707713  2.303976E-14
4088.59953545742  2.318830E-14
4092.86288383772  2.314887E-14
4097.12623221801  2.294696E-14
4101.38958059831  2.307048E-14
4105.6529289786  2.282469E-14
4109.9162773589  2.264968E-14
4114.17962573919  2.250503E-14
4118.44297411949  2.222051E-14
4122.70632249979  2.213876E-14
4126.96967088008  2.188562E-14
4131.23301926038  2.144384E-14
4135.49636764067  2.126447E-14
4139.75971602097  2.115709E-14
4144.02306440126  2.127934E-14
4148.28641278156  2.119365E-14
4152.54976116185  2.120360E-14
4156.81310954215  2.097695E-14
4161.07645792245  2.082316E-14
4165.33980630274  2.089178E-14
4169.60315468304  2.093109E-14
4173.86650306333  2.051300E-14
4178.12985144363  2.035443E-14
4182.39319982392  2.022780E-14
4186.65654820422  1.986631E-14
4190.91989658451  1.954138E-14
4195.18324496481  1.950263E-14
4199.4465933451  1.914395E-14
4203.7099417254  1.851778E-14
4207.9732901057  1.793548E-14
4212.23663848599  1.767676E-14
4216.49998686629  1.731756E-14
4220.76333524658  1.665781E-14
4225.02668362688  1.620912E-14
4229.29003200717  1.574407E-14
4233.55338038747  1.514771E-14
4237.81672876776  1.483294E-14
4242.08007714806  1.429412E-14
4246.34342552836  1.377397E-14
4250.60677390865  1.315839E-14
4254.87012228895  1.277286E-14
4259.13347066924  1.234783E-14
4263.39681904954  1.191407E-14
4267.66016742983  1.167275E-14
4271.92351581013  1.126851E-14
4276.18686419042  1.089610E-14
4280.45021257072  1.068696E-14
4284.71356095101  1.058332E-14
4288.97690933131  1.030326E-14
4293.24025771161  1.015467E-14
4297.5036060919  1.012342E-14
4301.7669544722  1.005217E-14
4306.03030285249  9.990083E-15
4310.29365123279  1.009202E-14
4314.55699961308  1.034456E-14
4318.82034799338  1.058839E-14
4323.08369637367  1.077342E-14
4327.34704475397  1.083530E-14
4331.61039313427  1.116941E-14
4335.87374151456  1.158521E-14
4340.13708989486  1.179450E-14
4344.40043827515  1.190309E-14
4348.66378665545  1.217202E-14
4352.92713503574  1.252148E-14
4357.19048341604  1.288102E-14
4361.45383179633  1.309637E-14
4365.71718017663  1.350230E-14
4369.98052855693  1.360873E-14
4374.24387693722  1.366665E-14
4378.50722531752  1.391863E-14
4382.77057369781  1.428315E-14
4387.03392207811  1.461230E-14
4391.2972704584  1.494099E-14
4395.5606188387  1.501750E-14
4399.82396721899  1.508167E-14
4404.08731559929  1.518601E-14
4408.35066397958  1.539988E-14
4412.61401235988  1.541066E-14
4416.87736074018  1.540217E-14
4421.14070912047  1.551757E-14
4425.40405750077  1.555486E-14
4429.66740588106  1.567647E-14
4433.93075426136  1.581527E-14
4438.19410264165  1.595358E-14
4442.45745102195  1.621359E-14
4446.72079940225  1.652696E-14
4450.98414778254  1.688082E-14
4455.24749616284  1.732207E-14
4459.51084454313  1.778010E-14
4463.77419292343  1.838870E-14
4468.03754130372  1.875012E-14
4472.30088968402  1.910208E-14
4476.56423806431  1.962523E-14
4480.82758644461  2.009891E-14
4485.09093482491  2.032176E-14
4489.3542832052  2.043778E-14
4493.6176315855  2.069555E-14
4497.88097996579  2.078618E-14
4502.14432834609  2.092088E-14
4506.40767672638  2.107659E-14
4510.67102510668  2.087766E-14
4514.93437348697  2.091337E-14
4519.19772186727  2.102265E-14
4523.46107024757  2.097307E-14
4527.72441862786  2.076801E-14
4531.98776700816  2.055552E-14
4536.25111538845  2.044122E-14
4540.51446376875  2.016481E-14
4544.77781214904  1.993965E-14
4549.04116052934  1.974025E-14
4553.30450890963  1.965872E-14
4557.56785728993  1.947526E-14
4561.83120567022  1.935966E-14
4566.09455405052  1.923515E-14
4570.35790243082  1.919580E-14
4574.62125081111  1.927695E-14
4578.88459919141  1.932168E-14
4583.1479475717  1.925850E-14
4587.411295952  1.910544E-14
4591.67464433229  1.914013E-14
4595.93799271259  1.897588E-14
4600.20134109288  1.861685E-14
4604.46468947318  1.822858E-14
4608.72803785348  1.775551E-14
4612.99138623377  1.729995E-14
4617.25473461407  1.674953E-14
4621.51808299436  1.604976E-14
4625.78143137466  1.539495E-14
4630.04477975495  1.493812E-14
4634.30812813525  1.446656E-14
4638.57147651554  1.408976E-14
4642.83482489584  1.371795E-14
4647.09817327613  1.336105E-14
4651.36152165643  1.311560E-14
4655.62487003673  1.294632E-14
4659.88821841702  1.278465E-14
4664.15156679732  1.254684E-14
4668.41491517761  1.253477E-14
4672.67826355791  1.251682E-14
4676.9416119382  1.234609E-14
4681.2049603185  1.227764E-14
4685.46830869879  1.223984E-14
4689.73165707909  1.212031E-14
4693.99500545939  1.194512E-14
4698.25835383968  1.176863E-14
4702.52170221998  1.156629E-14
4706.78505060027  1.129075E-14
4711.04839898057  1.103156E-14
4715.31174736086  1.083567E-14
4719.57509574116  1.054677E-14
4723.83844412145  1.030598E-14
4728.10179250175  1.011853E-14
4732.36514088205  9.988778E-15
4736.62848926234  9.884076E-15
4740.89183764264  9.754832E-15
4745.15518602293  9.696573E-15
4749.41853440323  9.691470E-15
4753.68188278352  9.669484E-15
4757.94523116382  9.622408E-15
4762.20857954411  9.656311E-15
4766.47192792441  9.789933E-15
4770.7352763047  9.877349E-15
4774.998624685  9.835607E-15
4779.2619730653  9.868692E-15
4783.52532144559  1.001684E-14
4787.78866982589  1.010608E-14
4792.05201820618  1.018924E-14
4796.31536658648  1.009506E-14
4800.57871496677  1.005281E-14
4804.84206334707  1.010529E-14
4809.10541172736  1.006765E-14
4813.36876010766  1.011723E-14
4817.63210848796  1.007587E-14
4821.89545686825  1.007154E-14
4826.15880524855  9.889646E-15
4830.42215362884  9.688661E-15
4834.68550200914  9.527072E-15
4838.94885038943  9.335089E-15
4843.21219876973  9.203946E-15
4847.47554715002  8.924217E-15
4851.73889553032  8.740472E-15
4856.00224391061  8.565112E-15
4860.26559229091  8.422292E-15
4864.52894067121  8.394944E-15
4868.7922890515  8.223483E-15
4873.0556374318  8.126905E-15
4877.31898581209  8.156652E-15
4881.58233419239  8.238771E-15
4885.84568257268  8.389488E-15
4890.10903095298  8.560974E-15
4894.37237933327  8.653618E-15
4898.63572771357  8.640807E-15
4902.89907609387  8.751178E-15
4907.16242447416  8.873106E-15
4911.42577285446  8.873969E-15
4915.68912123475  8.968297E-15
4919.95246961505  9.102950E-15
4924.21581799534  9.075712E-15
4928.47916637564  8.979990E-15
4932.74251475594  9.063551E-15
4937.00586313623  9.134104E-15
4941.26921151653  9.165877E-15
4945.53255989682  9.219793E-15
4949.79590827712  9.354889E-15
4954.05925665741  9.435855E-15
4958.32260503771  9.380910E-15
4962.585953418  9.420173E-15
4966.8493017983  9.541874E-15
4971.1126501786  9.619905E-15
4975.37599855889  9.695747E-15
4979.63934693919  9.774300E-15
4983.90269531948  9.802452E-15
4988.16604369978  9.878083E-15
4992.42939208007  9.974555E-15
4996.69274046037  1.005201E-14
5000.95608884066  1.007928E-14
5005.21943722096  1.019650E-14
5009.48278560126  1.041383E-14
5013.74613398155  1.071307E-14
5018.00948236185  1.100817E-14
5022.27283074214  1.117017E-14
5026.53617912244  1.130843E-14
5030.79952750273  1.153247E-14
5035.06287588303  1.180271E-14
5039.32622426332  1.203177E-14
5043.58957264362  1.233664E-14
5047.85292102391  1.273484E-14
5052.11626940421  1.304739E-14
5056.37961778451  1.330896E-14
5060.6429661648  1.358969E-14
5064.9063145451  1.386875E-14
5069.16966292539  1.420959E-14
5073.43301130569  1.459775E-14
5077.69635968598  1.484471E-14
5081.95970806628  1.503005E-14
5086.22305644657  1.532733E-14
5090.48640482687  1.557078E-14
5094.74975320716  1.576982E-14
5099.01310158746  1.599113E-14
5103.27644996776  1.615298E-14
5107.53979834805  1.624215E-14
5111.80314672835  1.632169E-14
5116.06649510864  1.639965E-14
5120.32984348894  1.644841E-14
5124.59319186923  1.650991E-14
5128.85654024953  1.650884E-14
5133.11988862982  1.647788E-14
5137.38323701012  1.651374E-14
5141.64658539042  1.649588E-14
5145.90993377071  1.659224E-14
5150.17328215101  1.653923E-14
5154.4366305313  1.646895E-14
5158.6999789116  1.647977E-14
5162.96332729189  1.648420E-14
5167.22667567219  1.640424E-14
5171.49002405248  1.627447E-14
5175.75337243278  1.624451E-14
5180.01672081308  1.616517E-14
5184.28006919337  1.608862E-14
5188.54341757367  1.599720E-14
5192.80676595396  1.580979E-14
5197.07011433426  1.565643E-14
5201.33346271455  1.541468E-14
5205.59681109485  1.511233E-14
5209.86015947515  1.485028E-14
5214.12350785544  1.457234E-14
5218.38685623574  1.424817E-14
5222.65020461603  1.389513E-14
5226.91355299633  1.350691E-14
5231.17690137662  1.317284E-14
5235.44024975692  1.288178E-14
5239.70359813721  1.248274E-14
5243.96694651751  1.214113E-14
5248.2302948978  1.192674E-14
5252.4936432781  1.169134E-14
5256.7569916584  1.145433E-14
5261.02034003869  1.127619E-14
5265.28368841899  1.112384E-14
5269.54703679928  1.099605E-14
5273.81038517958  1.096156E-14
5278.07373355987  1.093662E-14
5282.33708194017  1.086921E-14
5286.60043032046  1.088014E-14
5290.86377870076  1.096024E-14
5295.12712708106  1.105852E-14
5299.39047546135  1.106779E-14
5303.65382384165  1.107585E-14
5307.91717222194  1.115918E-14
5312.18052060224  1.124987E-14
5316.44386898253  1.132887E-14
5320.70721736283  1.138144E-14
5324.97056574312  1.144290E-14
5329.23391412342  1.155651E-14
5333.49726250372  1.159471E-14
5337.76061088401  1.166990E-14
5342.02395926431  1.184583E-14
5346.2873076446  1.199865E-14
5350.5506560249  1.207004E-14
5354.81400440519  1.212283E-14
5359.07735278549  1.221403E-14
5363.34070116578  1.216980E-14
5367.60404954608  1.219952E-14
5371.86739792637  1.218847E-14
5376.13074630667  1.215931E-14
5380.39409468696  1.202615E-14
5384.65744306726  1.200337E-14
5388.92079144756  1.197620E-14
5393.18413982785  1.179983E-14
5397.44748820815  1.159161E-14
5401.71083658844  1.147079E-14
5405.97418496874  1.133472E-14
5410.23753334904  1.123358E-14
5414.50088172933  1.109437E-14
5418.76423010963  1.090051E-14
5423.02757848992  1.083709E-14
5427.29092687022  1.074394E-14
5431.55427525051  1.056232E-14
5435.81762363081  1.045814E-14
5440.0809720111  1.045736E-14
5444.3443203914  1.043658E-14
5448.60766877169  1.037813E-14
5452.87101715199  1.032299E-14
5457.13436553229  1.031827E-14
5461.39771391258  1.038393E-14
5465.66106229288  1.054242E-14
5469.92441067317  1.064488E-14
5474.18775905347  1.073850E-14
5478.45110743376  1.105880E-14
5482.71445581406  1.132028E-14
5486.97780419435  1.150841E-14
5491.24115257465  1.184109E-14
5495.50450095495  1.213817E-14
5499.76784933524  1.245435E-14
5504.03119771554  1.269087E-14
5508.29454609583  1.289628E-14
5512.55789447613  1.318652E-14
5516.82124285642  1.348521E-14
5521.08459123672  1.378322E-14
5525.34793961701  1.397661E-14
5529.61128799731  1.416662E-14
5533.87463637761  1.443096E-14
5538.1379847579  1.463175E-14
5542.4013331382  1.480286E-14
5546.66468151849  1.498808E-14
5550.92802989879  1.507604E-14
5555.19137827908  1.515200E-14
5559.45472665938  1.526804E-14
5563.71807503967  1.534234E-14
5567.98142341997  1.530170E-14
5572.24477180026  1.520391E-14
5576.50812018056  1.523858E-14
5580.77146856086  1.519844E-14
5585.03481694115  1.524157E-14
5589.29816532145  1.519842E-14
5593.56151370174  1.515582E-14
5597.82486208204  1.520422E-14
5602.08821046233  1.526448E-14
5606.35155884263  1.525869E-14
5610.61490722292  1.518024E-14
5614.87825560322  1.510654E-14
5619.14160398352  1.511642E-14
5623.40495236381  1.514990E-14
5627.66830074411  1.510415E-14
5631.9316491244  1.506389E-14
5636.1949975047  1.501830E-14
5640.45834588499  1.497603E-14
5644.72169426529  1.487164E-14
5648.98504264558  1.481090E-14
5653.24839102588  1.477047E-14
5657.51173940618  1.461798E-14
5661.77508778647  1.450416E-14
5666.03843616677  1.440137E-14
5670.30178454706  1.425058E-14
5674.56513292736  1.415617E-14
5678.82848130765  1.407232E-14
5683.09182968795  1.398447E-14
5687.35517806824  1.395029E-14
5691.61852644854  1.388609E-14
5695.88187482883  1.380896E-14
5700.14522320913  1.374390E-14
5704.40857158943  1.369334E-14
5708.67191996972  1.363128E-14
5712.93526835002  1.354748E-14
5717.19861673031  1.349367E-14
5721.46196511061  1.348188E-14
5725.7253134909  1.335226E-14
5729.9886618712  1.322325E-14
5734.25201025149  1.322222E-14
5738.51535863179  1.320861E-14
5742.77870701209  1.311871E-14
5747.04205539238  1.305183E-14
5751.30540377268  1.308097E-14
5755.56875215297  1.306187E-14
5759.83210053327  1.295133E-14
5764.09544891356  1.291851E-14
5768.35879729386  1.298058E-14
5772.62214567415  1.300426E-14
5776.88549405445  1.294396E-14
5781.14884243475  1.301729E-14
5785.41219081504  1.314598E-14
5789.67553919534  1.312221E-14
5793.93888757563  1.315180E-14
5798.20223595593  1.332158E-14
5802.46558433622  1.352289E-14
5806.72893271652  1.359445E-14
5810.99228109681  1.367987E-14
5815.25562947711  1.379614E-14
5819.5189778574  1.381802E-14
5823.7823262377  1.379610E-14
5828.04567461799  1.384807E-14
5832.30902299829  1.386814E-14
5836.57237137859  1.391874E-14
5840.83571975888  1.398798E-14
5845.09906813918  1.396359E-14
5849.36241651947  1.393587E-14
5853.62576489977  1.394655E-14
5857.88911328007  1.386355E-14
5862.15246166036  1.372907E-14
5866.41581004066  1.372827E-14
5870.67915842095  1.375169E-14
5874.94250680125  1.357637E-14
5879.20585518154  1.322601E-14
5883.46920356184  1.288378E-14
5887.73255194213  1.270092E-14
5891.99590032243  1.262690E-14
5896.25924870272  1.260813E-14
5900.52259708302  1.274376E-14
5904.78594546332  1.310815E-14
5909.04929384361  1.361540E-14
5913.31264222391  1.398263E-14
5917.5759906042  1.393815E-14
5921.8393389845  1.382647E-14
5926.10268736479  1.371568E-14
5930.36603574509  1.352527E-14
5934.62938412538  1.326892E-14
5938.89273250568  1.304615E-14
5943.15608088598  1.276858E-14
5947.41942926627  1.233564E-14
5951.68277764657  1.184976E-14
5955.94612602686  1.135765E-14
5960.20947440716  1.087267E-14
5964.47282278745  1.039203E-14
5968.73617116775  1.001045E-14
5972.99951954804  9.651864E-15
5977.26286792834  9.222890E-15
5981.52621630864  8.833464E-15
5985.78956468893  8.513171E-15
5990.05291306923  8.182386E-15
5994.31626144952  7.885165E-15
5998.57960982982  7.641132E-15
6002.84295821011  7.385543E-15
6007.10630659041  7.152502E-15
6011.3696549707  6.899271E-15
6015.633003351  6.669900E-15
6019.89635173129  6.429549E-15
6024.15970011159  6.195153E-15
6028.42304849189  5.962342E-15
6032.68639687218  5.739831E-15
6036.94974525248  5.532260E-15
6041.21309363277  5.257246E-15
6045.47644201307  5.036806E-15
6049.73979039336  4.916349E-15
6054.00313877366  4.755495E-15
6058.26648715395  4.590047E-15
6062.52983553425  4.483685E-15
6066.79318391455  4.352668E-15
6071.05653229484  4.291114E-15
6075.31988067514  4.274910E-15
6079.58322905543  4.234551E-15
6083.84657743573  4.266011E-15
6088.10992581602  4.321847E-15
6092.37327419632  4.380014E-15
6096.63662257661  4.445515E-15
6100.89997095691  4.500061E-15
6105.16331933721  4.578052E-15
6109.4266677175  4.674474E-15
6113.6900160978  4.832206E-15
6117.95336447809  4.998178E-15
6122.21671285839  5.066035E-15
6126.48006123868  5.145294E-15
6130.74340961898  5.322444E-15
6135.00675799927  5.566591E-15
6139.27010637957  5.720914E-15
6143.53345475986  5.815641E-15
6147.79680314016  6.039615E-15
6152.06015152046  6.257109E-15
6156.32349990075  6.447190E-15
6160.58684828105  6.758033E-15
6164.85019666134  7.056936E-15
6169.11354504164  7.263105E-15
6173.37689342193  7.561036E-15
6177.64024180223  7.879854E-15
6181.90359018253  8.223441E-15
6186.16693856282  8.562943E-15
6190.43028694312  8.784822E-15
6194.69363532341  9.026412E-15
6198.95698370371  9.319219E-15
6203.220332084  9.586129E-15
6207.4836804643  9.868010E-15
6211.74702884459  1.012795E-14
6216.01037722489  1.038554E-14
6220.27372560518  1.072372E-14
6224.53707398548  1.100200E-14
6228.80042236578  1.116297E-14
6233.06377074607  1.130171E-14
6237.32711912637  1.143217E-14
6241.59046750666  1.159154E-14
6245.85381588696  1.169357E-14
6250.11716426725  1.179552E-14
6254.38051264755  1.189937E-14
6258.64386102784  1.201270E-14
6262.90720940814  1.212644E-14
6267.17055778843  1.228096E-14
6271.43390616873  1.255520E-14
6275.69725454903  1.276426E-14
6279.96060292932  1.282141E-14
6284.22395130962  1.285123E-14
6288.48729968991  1.294358E-14
6292.75064807021  1.311072E-14
6297.0139964505  1.320452E-14
6301.2773448308  1.330344E-14
6305.5406932111  1.337878E-14
6309.80404159139  1.341161E-14
6314.06738997169  1.351634E-14
6318.33073835198  1.356246E-14
6322.59408673228  1.357315E-14
6326.85743511257  1.357586E-14
6331.12078349287  1.363164E-14
6335.38413187316  1.368561E-14
6339.64748025346  1.368043E-14
6343.91082863375  1.367784E-14
6348.17417701405  1.363974E-14
6352.43752539435  1.363001E-14
6356.70087377464  1.363247E-14
6360.96422215494  1.354021E-14
6365.22757053523  1.348911E-14
6369.49091891553  1.345524E-14
6373.75426729582  1.338578E-14
6378.01761567612  1.333156E-14
6382.28096405641  1.328557E-14
6386.54431243671  1.325480E-14
6390.80766081701  1.325095E-14
6395.0710091973  1.323994E-14
6399.3343575776  1.312997E-14
6403.59770595789  1.298875E-14
6407.86105433819  1.285549E-14
6412.12440271848  1.278145E-14
6416.38775109878  1.273765E-14
6420.65109947907  1.264783E-14
6424.91444785937  1.254636E-14
6429.17779623967  1.243224E-14
6433.44114461996  1.226147E-14
6437.70449300026  1.209287E-14
6441.96784138055  1.199364E-14
6446.23118976085  1.194276E-14
6450.49453814114  1.184501E-14
6454.75788652144  1.167142E-14
6459.02123490173  1.161542E-14
6463.28458328203  1.166807E-14
6467.54793166232  1.160605E-14
6471.81128004262  1.150231E-14
6476.07462842292  1.140656E-14
6480.33797680321  1.133558E-14
6484.60132518351  1.132451E-14
6488.8646735638  1.125167E-14
6493.1280219441  1.116120E-14
6497.39137032439  1.110846E-14
6501.65471870469  1.103652E-14
6505.91806708498  1.097348E-14
6510.18141546528  1.091523E-14
6514.44476384558  1.083885E-14
6518.70811222587  1.075651E-14
6522.97146060617  1.067807E-14
6527.23480898646  1.061801E-14
6531.49815736676  1.055863E-14
6535.76150574705  1.049168E-14
6540.02485412735  1.042648E-14
6544.28820250764  1.035251E-14
6548.55155088794  1.029475E-14
6552.81489926824  1.022613E-14
6557.07824764853  1.016683E-14
6561.34159602883  1.014795E-14
6565.60494440912  1.008434E-14
6569.86829278942  1.000210E-14
6574.13164116971  9.998959E-15
6578.39498955001  9.978587E-15
6582.65833793031  9.898888E-15
6586.9216863106  9.850753E-15
6591.1850346909  9.806557E-15
6595.44838307119  9.767384E-15
6599.71173145149  9.716517E-15
6603.97507983178  9.660787E-15
6608.23842821208  9.603886E-15
6612.50177659237  9.561644E-15
6616.76512497267  9.519819E-15
6621.02847335296  9.461758E-15
6625.29182173326  9.429394E-15
6629.55517011356  9.360872E-15
6633.81851849385  9.307000E-15
6638.08186687415  9.273774E-15
6642.34521525444  9.243436E-15
6646.60856363474  9.185440E-15
6650.87191201503  9.104052E-15
6655.13526039533  9.059990E-15
6659.39860877562  9.033074E-15
6663.66195715592  8.966466E-15
6667.92530553621  8.914780E-15
6672.18865391651  8.928079E-15
6676.45200229681  8.891320E-15
6680.7153506771  8.838658E-15
6684.9786990574  8.811763E-15
6689.24204743769  8.737806E-15
6693.50539581799  8.662842E-15
6697.76874419828  8.580478E-15
6702.03209257858  8.496341E-15
6706.29544095887  8.440524E-15
6710.55878933917  8.392579E-15
6714.82213771946  8.344050E-15
6719.08548609976  8.276191E-15
6723.34883448006  8.190611E-15
6727.61218286035  8.153119E-15
6731.87553124065  8.135535E-15
6736.13887962094  8.087931E-15
6740.40222800124  8.060221E-15
6744.66557638153  8.029544E-15
6748.92892476183  7.960217E-15
6753.19227314213  7.944686E-15
6757.45562152242  7.932714E-15
6761.71896990272  7.878457E-15
6765.98231828301  7.862980E-15
6770.24566666331  7.862002E-15
6774.5090150436  7.825231E-15
6778.7723634239  7.783129E-15
6783.03571180419  7.780015E-15
6787.29906018449  7.777082E-15
6791.56240856478  7.744039E-15
6795.82575694508  7.691692E-15
6800.08910532538  7.674935E-15
6804.35245370567  7.687282E-15
6808.61580208597  7.638414E-15
6812.87915046626  7.572571E-15
6817.14249884656  7.536358E-15
6821.40584722685  7.451796E-15
6825.66919560715  7.350056E-15
6829.93254398745  7.253194E-15
6834.19589236774  7.179223E-15
6838.45924074804  7.203343E-15
6842.72258912833  7.254288E-15
6846.98593750863  7.190022E-15
6851.24928588892  7.052524E-15
6855.51263426922  6.994651E-15
6859.77598264951  7.012937E-15
6864.03933102981  7.017384E-15
6868.3026794101  6.983257E-15
6872.5660277904  6.965049E-15
6876.8293761707  6.973640E-15
6881.09272455099  6.977471E-15
6885.35607293129  6.962152E-15
6889.61942131158  6.938334E-15
6893.88276969188  6.919433E-15
6898.14611807217  6.904279E-15
6902.40946645247  6.894457E-15
6906.67281483276  6.909822E-15
6910.93616321306  6.927635E-15
6915.19951159336  6.875344E-15
6919.46285997365  6.825078E-15
6923.72620835395  6.818763E-15
6927.98955673424  6.817109E-15
6932.25290511454  6.835603E-15
6936.51625349483  6.833760E-15
6940.77960187513  6.806919E-15
6945.04295025542  6.778457E-15
6949.30629863572  6.746647E-15
6953.56964701602  6.717778E-15
6957.83299539631  6.697378E-15
6962.09634377661  6.700750E-15
6966.3596921569  6.698333E-15
6970.6230405372  6.645460E-15
6974.88638891749  6.639860E-15
6979.14973729779  6.629062E-15
6983.41308567808  6.599848E-15
6987.67643405838  6.604426E-15
6991.93978243867  6.592373E-15
6996.20313081897  6.581061E-15
7000.46647919927  6.560969E-15
7004.72982757956  6.550496E-15
7008.99317595986  6.565651E-15
7013.25652434015  6.563759E-15
7017.51987272045  6.532310E-15
7021.78322110074  6.517947E-15
7026.04656948104  6.517157E-15
7030.30991786133  6.537882E-15
7034.57326624163  6.536832E-15
7038.83661462193  6.507773E-15
7043.09996300222  6.514830E-15
7047.36331138252  6.492498E-15
7051.62665976281  6.472922E-15
7055.89000814311  6.495688E-15
7060.1533565234  6.465819E-15
7064.4167049037  6.407014E-15
7068.68005328399  6.377109E-15
7072.94340166429  6.365672E-15
7077.20675004459  6.356682E-15
7081.47009842488  6.336894E-15
7085.73344680518  6.345387E-15
7089.99679518547  6.371345E-15
7094.26014356577  6.377595E-15
7098.52349194606  6.361577E-15
7102.78684032636  6.357034E-15
7107.05018870665  6.357782E-15
7111.31353708695  6.339608E-15
7115.57688546724  6.339845E-15
7119.84023384754  6.341023E-15
7124.10358222783  6.284006E-15
7128.36693060813  6.277573E-15
7132.63027898843  6.338257E-15
7136.89362736872  6.352786E-15
7141.15697574902  6.344540E-15
7145.42032412931  6.349732E-15
7149.68367250961  6.361674E-15
7153.9470208899  6.375080E-15
7158.2103692702  6.371999E-15
7162.4737176505  6.345205E-15
7166.73706603079  6.323123E-15
7171.00041441109  6.281132E-15
7175.26376279138  6.231219E-15
7179.52711117168  6.183867E-15
7183.79045955197  6.160283E-15
7188.05380793227  6.162143E-15
7192.31715631256  6.146453E-15
7196.58050469286  6.125360E-15
7200.84385307315  6.112949E-15
7205.10720145345  6.109677E-15
7209.37054983375  6.111880E-15
7213.63389821404  6.128056E-15
7217.89724659434  6.164386E-15
7222.16059497463  6.175662E-15
7226.42394335493  6.172047E-15
7230.68729173522  6.220513E-15
7234.95064011552  6.226876E-15
7239.21398849581  6.126484E-15
7243.47733687611  6.069279E-15
7247.74068525641  6.049659E-15
7252.0040336367  5.994912E-15
7256.267382017  5.893081E-15
7260.53073039729  5.864801E-15
7264.79407877759  5.876530E-15
7269.05742715789  5.831482E-15
7273.32077553818  5.786124E-15
7277.58412391848  5.757904E-15
7281.84747229877  5.687498E-15
7286.11082067907  5.614756E-15
7290.37416905936  5.603205E-15
7294.63751743966  5.584771E-15
7298.90086581995  5.535436E-15
7303.16421420025  5.460029E-15
7307.42756258054  5.398276E-15
7311.69091096084  5.397803E-15
7315.95425934114  5.396696E-15
7320.21760772143  5.344014E-15
7324.48095610173  5.300735E-15
7328.74430448202  5.236126E-15
7333.00765286232  5.188864E-15
7337.27100124261  5.171901E-15
7341.53434962291  5.141595E-15
7345.7976980032  5.144997E-15
7350.0610463835  5.108501E-15
7354.32439476379  5.016957E-15
7358.58774314409  4.988281E-15
7362.85109152439  4.988463E-15
7367.11443990468  4.943332E-15
7371.37778828498  4.899882E-15
7375.64113666527  4.847391E-15
7379.90448504557  4.756800E-15
7384.16783342586  4.718161E-15
7388.43118180616  4.676972E-15
7392.69453018645  4.630162E-15
7396.95787856675  4.579227E-15
7401.22122694704  4.540293E-15
7405.48457532734  4.503000E-15
7409.74792370764  4.447306E-15
7414.01127208793  4.413067E-15
7418.27462046823  4.367891E-15
7422.53796884852  4.370094E-15
7426.80131722882  4.391031E-15
7431.06466560911  4.359293E-15
7435.32801398941  4.355131E-15
7439.5913623697  4.357020E-15
7443.85471075  4.318754E-15
7448.11805913029  4.308986E-15
7452.38140751059  4.297763E-15
7456.64475589089  4.257379E-15
7460.90810427118  4.296309E-15
7465.17145265148  4.356944E-15
7469.43480103177  4.364788E-15
7473.69814941207  4.381090E-15
7477.96149779237  4.378349E-15
7482.22484617266  4.399914E-15
7486.48819455296  4.438607E-15
7490.75154293325  4.468065E-15
7495.01489131355  4.525558E-15
7499.27823969384  4.557915E-15
7503.54158807414  4.601988E-15
7507.80493645443  4.691475E-15
7512.06828483473  4.722261E-15
7516.33163321502  4.709742E-15
7520.59498159532  4.737922E-15
7524.85832997561  4.774487E-15
7529.12167835591  4.771627E-15
7533.38502673621  4.776085E-15
7537.6483751165  4.796435E-15
7541.9117234968  4.797889E-15
7546.17507187709  4.700161E-15
7550.43842025739  4.559130E-15
7554.70176863769  4.438815E-15
7558.96511701798  4.363904E-15
7563.22846539828  4.321207E-15
7567.49181377857  4.332139E-15
7571.75516215887  4.354563E-15
7576.01851053916  4.276555E-15
7580.28185891946  4.143259E-15
7584.54520729975  4.073331E-15
7588.80855568005  4.113122E-15
7593.07190406034  4.230365E-15
7597.33525244064  4.348759E-15
7601.59860082094  4.410289E-15
7605.86194920123  4.476731E-15
7610.12529758153  4.519894E-15
7614.38864596182  4.561847E-15
7618.65199434212  4.600241E-15
7622.91534272241  4.666665E-15
7627.17869110271  4.749774E-15
7631.442039483  4.798024E-15
7635.7053878633  4.807195E-15
7639.96873624359  4.802631E-15
7644.23208462389  4.836152E-15
7648.49543300419  4.832317E-15
7652.75878138448  4.824023E-15
7657.02212976478  4.867008E-15
7661.28547814507  4.859944E-15
7665.54882652537  4.838493E-15
7669.81217490566  4.881494E-15
7674.07552328596  4.950326E-15
7678.33887166625  4.967042E-15
7682.60222004655  4.950475E-15
7686.86556842684  4.984276E-15
7691.12891680714  4.997901E-15
7695.39226518744  5.229574E-15
7699.65561356773  5.376662E-15
7703.91896194803  5.365265E-15
7708.18231032832  5.374959E-15
7712.44565870862  5.383408E-15
7716.70900708891  5.394847E-15
7720.97235546921  5.411203E-15
7725.23570384951  5.431653E-15
7729.4990522298  5.454320E-15
7733.7624006101  5.477442E-15
7738.02574899039  5.499827E-15
7742.28909737069  5.521434E-15
7746.55244575098  5.540870E-15
7750.81579413128  5.557813E-15
7755.07914251157  5.573570E-15
7759.34249089187  5.589334E-15
7763.60583927217  5.606306E-15
7767.86918765246  5.625017E-15
7772.13253603276  5.645694E-15
7776.39588441305  5.668491E-15
7780.65923279335  5.693632E-15
7784.92258117364  5.721240E-15
7789.18592955394  5.751607E-15
7793.44927793423  5.784088E-15
7797.71262631453  5.816420E-15
7801.97597469482  5.846201E-15
7806.23932307512  5.871297E-15
7810.50267145542  5.890653E-15
7814.76601983571  5.903850E-15
7819.02936821601  5.910032E-15
7823.2927165963  5.910459E-15
7827.5560649766  5.907741E-15
7831.81941335689  5.905104E-15
7836.08276173719  5.904029E-15
7840.34611011748  5.905295E-15
7844.60945849778  5.909953E-15
7848.87280687807  5.918608E-15
7853.13615525837  5.929631E-15
7857.39950363867  5.940634E-15
7861.66285201896  5.948981E-15
7865.92620039926  5.953517E-15
7870.18954877955  5.954151E-15
7874.45289715985  5.950750E-15
7878.71624554015  5.943131E-15
7882.97959392044  5.930951E-15
7887.24294230074  5.913942E-15
7891.50629068103  5.891976E-15
7895.76963906133  5.866031E-15
7900.03298744162  5.837357E-15
7904.29633582192  5.807249E-15
7908.55968420221  5.775916E-15
7912.82303258251  5.742771E-15
7917.0863809628  5.707488E-15
7921.3497293431  5.669223E-15
7925.6130777234  5.626953E-15
7929.87642610369  5.578423E-15
7934.13977448399  5.522115E-15
7938.40312286428  5.458895E-15
7942.66647124458  5.389932E-15
7946.92981962487  5.316447E-15
7951.19316800517  5.239189E-15
7955.45651638546  5.158622E-15
7959.71986476576  5.075192E-15
7963.98321314606  4.989643E-15
7968.24656152635  4.903132E-15
7972.50990990665  4.816931E-15
7976.77325828694  4.732144E-15
7981.03660666724  4.647774E-15
7985.29995504753  4.562382E-15
7989.56330342783  4.474346E-15
7993.82665180812  4.383962E-15
7998.09000018842  4.292755E-15
8002.35334856872  4.201936E-15
8006.61669694901  4.112746E-15
8010.88004532931  4.026391E-15
8015.1433937096  3.944566E-15
8019.4067420899  3.868028E-15
8023.67009047019  3.795218E-15
8027.93343885049  3.724176E-15
8032.19678723078  3.652465E-15
8036.46013561108  3.580179E-15
8040.72348399137  3.508842E-15
8044.98683237167  3.439674E-15
8049.25018075197  3.373660E-15
8053.51352913226  3.311311E-15
8057.77687751256  3.253252E-15
8062.04022589285  3.199953E-15
8066.30357427315  3.149435E-15
8070.56692265344  3.099204E-15
8074.83027103374  3.046939E-15
8079.09361941403  2.991648E-15
8083.35696779433  2.933353E-15
8087.62031617463  2.871433E-15
8091.88366455492  2.807034E-15
8096.14701293522  2.743549E-15
8100.41036131551  2.684630E-15
8104.67370969581  2.633658E-15
8108.9370580761  2.589900E-15
8113.2004064564  2.551986E-15
8117.46375483669  2.519259E-15
8121.72710321699  2.489883E-15
8125.99045159728  2.461821E-15
8130.25379997758  2.432112E-15
8134.51714835788  2.400383E-15
8138.78049673817  2.369624E-15
8143.04384511847  2.343100E-15
8147.30719349876  2.323540E-15
8151.57054187906  2.310556E-15
8155.83389025935  2.303046E-15
8160.09723863965  2.300554E-15
8164.36058701994  2.301507E-15
8168.62393540024  2.304060E-15
8172.88728378054  2.305529E-15
8177.15063216083  2.305664E-15
8181.41398054113  2.307222E-15
8185.67732892142  2.313144E-15
8189.94067730172  2.325776E-15
8194.20402568201  2.344537E-15
8198.46737406231  2.367676E-15
8202.7307224426  2.394396E-15
8206.9940708229  2.422647E-15
8211.2574192032  2.449919E-15
8215.52076758349  2.472936E-15
8219.78411596379  2.491222E-15
8224.04746434408  2.507607E-15
8228.31081272438  2.525191E-15
8232.57416110467  2.546639E-15
8236.83750948497  2.572050E-15
8241.10085786527  2.601048E-15
8245.36420624556  2.633771E-15
8249.62755462586  2.669350E-15
8253.89090300615  2.706618E-15
8258.15425138645  2.744094E-15
8262.41759976674  2.781531E-15
8266.68094814704  2.820153E-15
8270.94429652733  2.861134E-15
8275.20764490763  2.905627E-15
8279.47099328792  2.955346E-15
8283.73434166822  3.012233E-15
8287.99769004852  3.077836E-15
8292.26103842881  3.151429E-15
8296.52438680911  3.231231E-15
8300.7877351894  3.315036E-15
8305.0510835697  3.401300E-15
8309.31443194999  3.489266E-15
8313.57778033029  3.578063E-15
8317.84112871058  3.666625E-15
8322.10447709088  3.753298E-15
8326.36782547117  3.836473E-15
8330.63117385147  3.915119E-15
8334.89452223177  3.987471E-15
8339.15787061206  4.051921E-15
8343.42121899236  4.106373E-15
8347.68456737265  4.151986E-15
8351.94791575295  4.193219E-15
8356.21126413324  4.234567E-15
8360.47461251354  4.280104E-15
8364.73796089383  4.332665E-15
8369.00130927413  4.394553E-15
8373.26465765443  4.468783E-15
8377.52800603472  4.552809E-15
8381.79135441502  4.640889E-15
8386.05470279531  4.727119E-15
8390.31805117561  4.808853E-15
8394.5813995559  4.886471E-15
8398.8447479362  4.960326E-15
8403.10809631649  5.030693E-15
8407.37144469679  5.097457E-15
8411.63479307708  5.160641E-15
8415.89814145738  5.220530E-15
8420.16148983768  5.277521E-15
8424.42483821797  5.332025E-15
8428.68818659827  5.384544E-15
8432.95153497856  5.435262E-15
8437.21488335886  5.484026E-15
8441.47823173915  5.530720E-15
8445.74158011945  5.575169E-15
8450.00492849975  5.616820E-15
8454.26827688004  5.655156E-15
8458.53162526034  5.689773E-15
8462.79497364063  5.720659E-15
8467.05832202093  5.748608E-15
8471.32167040122  5.772446E-15
8475.58501878152  5.793740E-15
8479.84836716181  5.815783E-15
8484.11171554211  5.841928E-15
8488.3750639224  5.874168E-15
8492.6384123027  5.908588E-15
8496.901760683  5.940596E-15
8501.16510906329  5.965579E-15
8505.42845744359  5.983018E-15
8509.69180582388  5.993866E-15
8513.95515420418  5.999017E-15
8518.21850258447  5.998998E-15
8522.48185096477  5.994069E-15
8526.74519934506  5.984576E-15
8531.00854772536  5.971399E-15
8535.27189610565  5.957196E-15
8539.53524448595  5.944686E-15
8543.79859286625  5.936510E-15
8548.06194124654  5.932852E-15
8552.32528962684  5.932890E-15
8556.58863800713  5.936869E-15
8560.85198638743  5.942205E-15
8565.11533476772  5.946093E-15
8569.37868314802  5.945521E-15
8573.64203152831  5.938370E-15
8577.90537990861  5.927131E-15
8582.1687282889  5.914717E-15
8586.4320766692  5.903774E-15
8590.6954250495  5.895415E-15
8594.95877342979  5.890039E-15
8599.22212181009  5.889024E-15
8603.48547019038  5.890830E-15
8607.74881857068  5.891737E-15
8612.01216695097  5.887639E-15
8616.27551533127  5.875701E-15
8620.53886371156  5.857695E-15
8624.80221209186  5.835850E-15
8629.06556047216  5.812420E-15
8633.32890885245  5.787414E-15
8637.59225723275  5.760333E-15
8641.85560561304  5.730749E-15
8646.11895399334  5.699742E-15
8650.38230237363  5.667866E-15
8654.64565075393  5.636628E-15
8658.90899913423  5.607243E-15
8663.17234751452  5.579160E-15
8667.43569589482  5.551667E-15
8671.69904427511  5.523661E-15
8675.96239265541  5.497021E-15
8680.2257410357  5.474045E-15
8684.489089416  5.457566E-15
8688.75243779629  5.446429E-15
8693.01578617659  5.436557E-15
8697.27913455688  5.424141E-15
8701.54248293718  5.405933E-15
8705.80583131748  5.379973E-15
8710.06917969777  5.344584E-15
8714.33252807807  5.297793E-15
8718.59587645836  5.243648E-15
8722.85922483866  5.187677E-15
8727.12257321896  5.135371E-15
8731.38592159925  5.090024E-15
8735.64926997955  5.053310E-15
8739.91261835984  5.026339E-15
8744.17596674013  5.008934E-15
8748.43931512043  4.995142E-15
8752.70266350073  4.978313E-15
8756.96601188102  4.951919E-15
8761.22936026132  4.914780E-15
8765.49270864161  4.867414E-15
8769.75605702191  4.809855E-15
8774.01940540221  4.744454E-15
8778.2827537825  4.675136E-15
8782.5461021628  4.605891E-15
8786.80945054309  4.540742E-15
8791.07279892338  4.483594E-15
8795.33614730368  4.438079E-15
8799.59949568398  4.407805E-15
8803.86284406427  4.389623E-15
8808.12619244457  4.378645E-15
8812.38954082486  4.369950E-15
8816.65288920516  4.359805E-15
8820.91623758546  4.345585E-15
8825.17958596575  4.324332E-15
8829.44293434605  4.294977E-15
8833.70628272634  4.259181E-15
8837.96963110664  4.219749E-15
8842.23297948693  4.179435E-15
8846.49632786723  4.141881E-15
8850.75967624752  4.110708E-15
8855.02302462782  4.090207E-15
8859.28637300811  4.080320E-15
8863.54972138841  4.078109E-15
8867.81306976871  4.080538E-15
8872.076418149  4.084452E-15
8876.3397665293  4.086884E-15
8880.60311490959  4.084778E-15
8884.86646328989  4.075066E-15
8889.12981167019  4.056745E-15
8893.39316005048  4.029564E-15
8897.65650843078  3.993673E-15
8901.91985681107  3.949615E-15
8906.18320519137  3.898411E-15
8910.44655357166  3.840836E-15
8914.70990195196  3.779172E-15
8918.97325033225  3.719344E-15
8923.23659871255  3.666496E-15
8927.49994709284  3.626320E-15
8931.76329547314  3.596639E-15
8936.02664385343  3.573625E-15
8940.28999223373  3.553257E-15
8944.55334061403  3.534263E-15
8948.81668899432  3.517034E-15
8953.08003737462  3.501264E-15
8957.34338575491  3.487420E-15
8961.60673413521  3.477862E-15
8965.8700825155  3.474963E-15
8970.1334308958  3.480921E-15
8974.3967792761  3.494510E-15
8978.66012765639  3.513710E-15
8982.92347603669  3.536543E-15
8987.18682441698  3.560625E-15
8991.45017279728  3.583367E-15
8995.71352117757  3.602388E-15
8999.97686955787  3.615121E-15
9004.24021793816  3.618553E-15
9008.50356631846  3.610425E-15
9012.76691469875  3.588315E-15
9017.03026307905  3.554754E-15
9021.29361145935  3.513411E-15
9025.55695983964  3.466481E-15
9029.82030821994  3.420748E-15
9034.08365660023  3.384600E-15
9038.34700498053  3.367677E-15
9042.61035336082  3.373079E-15
9046.87370174112  3.390915E-15
9051.13705012141  3.411012E-15
9055.40039850171  3.423707E-15
9059.663746882  3.427690E-15
9063.9270952623  3.423054E-15
9068.1904436426  3.408998E-15
9072.45379202289  3.387908E-15
9076.71714040319  3.363873E-15
9080.98048878348  3.341049E-15
9085.24383716378  3.323480E-15
9089.50718554407  3.314681E-15
9093.77053392437  3.318182E-15
9098.03388230467  3.337434E-15
9102.29723068496  3.366388E-15
9106.56057906526  3.398379E-15
9110.82392744555  3.425997E-15
9115.08727582585  3.447487E-15
9119.35062420614  3.463975E-15
9123.61397258644  3.476111E-15
9127.87732096673  3.484983E-15
9132.14066934703  3.492283E-15
9136.40401772732  3.500004E-15
9140.66736610762  3.510183E-15
9144.93071448792  3.522182E-15
9149.19406286821  3.535029E-15
9153.45741124851  3.547941E-15
9157.7207596288  3.560016E-15
9161.9841080091  3.570383E-15
9166.24745638939  3.577547E-15
9170.51080476969  3.581468E-15
9174.77415314998  3.584690E-15
9179.03750153028  3.589734E-15
9183.30084991058  3.598808E-15
9187.56419829087  3.608892E-15
9191.82754667117  3.615673E-15
9196.09089505146  3.615607E-15
9200.35424343176  3.607344E-15
9204.61759181205  3.590544E-15
9208.88094019235  3.563848E-15
9213.14428857264  3.528375E-15
9217.40763695294  3.489257E-15
9221.67098533323  3.451888E-15
9225.93433371353  3.421105E-15
9230.19768209383  3.389733E-15
9234.46103047412  3.349774E-15
9238.72437885442  3.292540E-15
9242.98772723471  3.218447E-15
9247.25107561501  3.131763E-15
9251.5144239953  3.036456E-15
9255.7777723756  2.935921E-15
9260.04112075589  2.832446E-15
9264.30446913619  2.729022E-15
9268.56781751648  2.628761E-15
9272.83116589678  2.531075E-15
9277.09451427708  2.435243E-15
9281.35786265737  2.339778E-15
9285.62121103767  2.248524E-15
9289.88455941796  2.167795E-15
9294.14790779826  2.103905E-15
9298.41125617855  2.060094E-15
9302.67460455885  2.035189E-15
9306.93795293915  2.027996E-15
9311.20130131944  2.037172E-15
9315.46464969974  2.061579E-15
9319.72799808003  2.099636E-15
9323.99134646033  2.148468E-15
9328.25469484062  2.208500E-15
9332.51804322092  2.280815E-15
9336.78139160121  2.366773E-15
9341.04473998151  2.463625E-15
9345.30808836181  2.563005E-15
9349.5714367421  2.657144E-15
9353.8347851224  2.738802E-15
9358.09813350269  2.800785E-15
9362.36148188299  2.836731E-15
9366.62483026328  2.839697E-15
9370.88817864358  2.813649E-15
9375.15152702387  2.766156E-15
9379.41487540417  2.705872E-15
9383.67822378446  2.640185E-15
9387.94157216476  2.574107E-15
9392.20492054506  2.513148E-15
9396.46826892535  2.462338E-15
9400.73161730565  2.422667E-15
9404.99496568594  2.394270E-15
9409.25831406624  2.376474E-15
9413.52166244654  2.369430E-15
9417.78501082683  2.373076E-15
9422.04835920713  2.387096E-15
9426.31170758742  2.409257E-15
9430.57505596771  2.435144E-15
9434.83840434801  2.460413E-15
9439.10175272831  2.481073E-15
9443.3651011086  2.495005E-15
9447.6284494889  2.500451E-15
9451.89179786919  2.495504E-15
9456.15514624949  2.481500E-15
9460.41849462979  2.461137E-15
9464.68184301008  2.437072E-15
9468.94519139038  2.411295E-15
9473.20853977067  2.384191E-15
9477.47188815096  2.356388E-15
9481.73523653126  2.328702E-15
9485.99858491156  2.302359E-15
9490.26193329185  2.278483E-15
9494.52528167215  2.257687E-15
9498.78863005244  2.242290E-15
9503.05197843274  2.234810E-15
9507.31532681304  2.237849E-15
9511.57867519333  2.251434E-15
9515.84202357363  2.272648E-15
9520.10537195392  2.298501E-15
9524.36872033422  2.325933E-15
9528.63206871451  2.352604E-15
9532.89541709481  2.376234E-15
9537.1587654751  2.394987E-15
9541.4221138554  2.406182E-15
9545.68546223569  2.407493E-15
9549.94881061599  2.396503E-15
9554.21215899629  2.374426E-15
9558.47550737658  2.347376E-15
9562.73885575688  2.320916E-15
9567.00220413717  2.300204E-15
9571.26555251747  2.290195E-15
9575.52890089776  2.295540E-15
9579.79224927806  2.322344E-15
9584.05559765835  2.362340E-15
9588.31894603865  2.403720E-15
9592.58229441895  2.432769E-15
9596.84564279924  2.446558E-15
9601.10899117954  2.453606E-15
9605.37233955983  2.461615E-15
9609.63568794013  2.476664E-15
9613.89903632042  2.494890E-15
9618.16238470072  2.512772E-15
9622.42573308102  2.527086E-15
9626.68908146131  2.536820E-15
9630.95242984161  2.541489E-15
9635.2157782219  2.540773E-15
9639.4791266022  2.534110E-15
9643.74247498249  2.520072E-15
9648.00582336279  2.497501E-15
9652.26917174308  2.466388E-15
9656.53252012338  2.433701E-15
9660.79586850367  2.406323E-15
9665.05921688397  2.392087E-15
9669.32256526427  2.386213E-15
9673.58591364456  2.381259E-15
9677.84926202486  2.369541E-15
9682.11261040515  2.348828E-15
9686.37595878545  2.322255E-15
9690.63930716574  2.291851E-15
9694.90265554604  2.260202E-15
9699.16600392633  2.233575E-15
9703.42935230663  2.218228E-15
9707.69270068692  2.221273E-15
9711.95604906722  2.237540E-15
9716.21939744752  2.259186E-15
9720.48274582781  2.277518E-15
9724.74609420811  2.289619E-15
9729.0094425884  2.298032E-15
9733.2727909687  2.304115E-15
9737.53613934899  2.309115E-15
9741.79948772929  2.311092E-15
9746.06283610958  2.308679E-15
9750.32618448988  2.301284E-15
9754.58953287017  2.287648E-15
9758.85288125047  2.266715E-15
9763.11622963077  2.236170E-15
9767.37957801106  2.199992E-15
9771.64292639136  2.167251E-15
9775.90627477165  2.146879E-15
9780.16962315195  2.144877E-15
9784.43297153224  2.154822E-15
9788.69631991254  2.170681E-15
9792.95966829283  2.186621E-15
9797.22301667313  2.199609E-15
9801.48636505343  2.207248E-15
9805.74971343372  2.205574E-15
9810.01306181402  2.197345E-15
9814.27641019431  2.190631E-15
9818.53975857461  2.193303E-15
9822.8031069549  2.211149E-15
9827.0664553352  2.240623E-15
9831.32980371549  2.278832E-15
9835.59315209579  2.322864E-15
9839.85650047609  2.367540E-15
9844.11984885638  2.407322E-15
9848.38319723668  2.436647E-15
9852.64654561697  2.452370E-15
9856.90989399727  2.453622E-15
9861.17324237756  2.439159E-15
9865.43659075786  2.410229E-15
9869.69993913816  2.376440E-15
9873.96328751845  2.347524E-15
9878.22663589875  2.333994E-15
9882.48998427904  2.333208E-15
9886.75333265934  2.340332E-15
9891.01668103963  2.348687E-15
9895.28002941993  2.360370E-15
9899.54337780022  2.383560E-15
9903.80672618052  2.425797E-15
9908.07007456082  2.489620E-15
9912.33342294111  2.560523E-15
9916.59677132141  2.624563E-15
9920.8601197017  2.668601E-15
9925.123468082  2.690994E-15
9929.38681646229  2.691896E-15
9933.65016484259  2.669477E-15
9937.91351322288  2.629572E-15
9942.17686160318  2.583139E-15
9946.44020998347  2.543305E-15
9950.70355836377  2.516470E-15
9954.96690674407  2.483554E-15
9959.23025512436  2.427217E-15
9963.49360350466  2.329583E-15
9967.75695188495  2.208911E-15
9972.02030026525  2.087623E-15
9976.28364864554  1.988592E-15
9980.54699702584  1.918886E-15
9984.81034540613  1.874379E-15
9989.07369378643  1.852923E-15
9993.33704216673  1.850938E-15
9997.60039054702  1.862100E-15
10001.8637389273  1.879216E-15
10006.1270873076  1.893951E-15
10010.3904356879  1.907987E-15
10014.6537840682  1.923960E-15
10018.9171324485  1.944322E-15
10023.1804808288  1.969229E-15
10027.4438292091  1.997339E-15
10031.7071775894  2.028618E-15
10035.9705259697  2.061402E-15
10040.23387435  2.088174E-15
10044.4972227303  2.101687E-15
10048.7605711106  2.094678E-15
10053.0239194909  2.076959E-15
10057.2872678712  2.060029E-15
10061.5506162515  2.056715E-15
10065.8139646317  2.067169E-15
10070.077313012  2.083769E-15
10074.3406613923  2.100025E-15
10078.6040097726  2.111147E-15
10082.8673581529  2.117744E-15
10087.1307065332  2.119446E-15
10091.3940549135  2.115742E-15
10095.6574032938  2.110524E-15
10099.9207516741  2.108652E-15
10104.1841000544  2.115610E-15
10108.4474484347  2.130565E-15
10112.710796815  2.148991E-15
10116.9741451953  2.166748E-15
10121.2374935756  2.180499E-15
10125.5008419559  2.189623E-15
10129.7641903362  2.193277E-15
10134.0275387165  2.190877E-15
10138.2908870968  2.182080E-15
10142.5542354771  2.166936E-15
10146.8175838574  2.145477E-15
10151.0809322377  2.120707E-15
10155.344280618  2.096735E-15
10159.6076289983  2.078949E-15
