#SELECT
#   TOP 10000
#   pmra, pmde, e_pmra, e_pmde
#   FROM ppmxl.main
#   WHERE
#      1=CONTAINS(POINT('ICRS', raj2000, dej2000),
#                 CIRCLE('ICRS', 6.3, 64.1, 2 ))
#	and (r1mag-kmag)<1.
#	and e_kmag<0.4
#	and r1mag>16
#

# pmra          pmde          e_pmra       e_pmde      
  -6.26944E-6   3.20278E-6    1.27778E-6   1.27778E-6  
  -9.31111E-6   1.84222E-5    1.22222E-6   1.25E-6     
  -4.55556E-7   4.19444E-7    1.47222E-6   1.25E-6     
  -3.225E-6     -4.03056E-6   1.19444E-6   1.19444E-6  
  9.675E-6      -2.6225E-5    1.30556E-6   1.30556E-6  
  -7.80556E-7   -7.81667E-6   1.22222E-6   1.36111E-6  
  -2.0E-7       -6.19444E-7   1.25E-6      1.25E-6     
  -4.00833E-6   -4.36111E-7   1.44444E-6   1.30556E-6  
  4.85833E-6    -4.98333E-6   1.41667E-6   1.41667E-6  
  2.28889E-6    6.675E-6      1.30556E-6   1.30556E-6  
  -6.65556E-6   1.21667E-6    1.30556E-6   1.30556E-6  
  -2.65E-6      4.61111E-7    1.44444E-6   1.30556E-6  
  -4.73611E-6   -5.08889E-6   1.25E-6      1.25E-6     
  -2.57222E-6   -1.88333E-6   1.44444E-6   1.30556E-6  
  -2.88889E-6   3.48056E-6    1.22222E-6   1.33333E-6  
  1.05056E-5    -1.86667E-6   1.25E-6      1.22222E-6  
  -3.91667E-6   -6.2E-6       1.30556E-6   1.44444E-6  
  1.41389E-6    1.28889E-6    1.36111E-6   1.36111E-6  
  1.76111E-6    -5.77778E-7   1.25E-6      1.55556E-6  
  4.72222E-7    -5.95E-6      1.52778E-6   1.30556E-6  
  -1.79722E-6   1.03889E-5    1.66667E-6   1.83333E-6  
  -1.16944E-5   -2.49722E-6   1.91667E-6   1.75E-6     
  2.21111E-6    -1.79722E-6   1.75E-6      1.75E-6     
  -2.23056E-6   9.25E-7       1.30556E-6   1.30556E-6  
  -2.22778E-6   5.33333E-6    1.30556E-6   1.47222E-6  
  7.80556E-7    5.38889E-7    1.19444E-6   1.19444E-6  
  -1.31194E-5   1.52028E-5    1.38889E-6   1.25E-6     
  -2.22222E-6   6.78889E-6    1.66667E-6   1.80556E-6  
  -1.13167E-5   -1.77778E-6   1.30556E-6   1.30556E-6  
  7.41667E-7    4.75E-7       1.19444E-6   1.19444E-6  
  -1.65E-6      -1.29444E-6   1.22222E-6   1.22222E-6  
  2.58333E-7    -3.00278E-6   1.36111E-6   1.36111E-6  
  1.11111E-8    -2.38333E-6   1.25E-6      1.25E-6     
  -5.0E-7       2.075E-6      1.27778E-6   1.27778E-6  
  -4.72222E-6   1.88889E-7    1.16667E-6   1.11111E-6  
  9.72222E-7    -7.80556E-7   1.25E-6      1.25E-6     
  1.94444E-6    1.85278E-6    1.66667E-6   1.66667E-6  
  8.33333E-9    3.44444E-7    1.27778E-6   1.27778E-6  
  -6.60278E-6   2.20278E-6    1.25E-6      1.25E-6     
  -1.36389E-6   -2.55556E-6   1.22222E-6   1.22222E-6  
  -8.10833E-6   -1.34167E-6   1.77778E-6   1.61111E-6  
  4.51944E-6    -7.71389E-6   1.19444E-6   1.19444E-6  
  -8.86111E-7   -2.89444E-6   1.58333E-6   1.72222E-6  
  1.38889E-6    1.33889E-6    1.22222E-6   1.22222E-6  
  -3.34167E-6   -1.36944E-6   1.22222E-6   1.22222E-6  
  -2.925E-6     -7.83333E-7   1.16667E-6   1.16667E-6  
  -2.88056E-6   5.28611E-6    1.33333E-6   1.58333E-6  
  1.43889E-6    -7.94444E-7   1.36111E-6   1.36111E-6  
  -1.84167E-6   -2.78889E-6   1.41667E-6   1.16667E-6  
  -5.16667E-7   -3.54722E-6   1.25E-6      1.25E-6     
  -2.92778E-6   1.02278E-5    1.08333E-6   1.11111E-6  
  -9.94444E-7   6.5E-7        1.33333E-6   1.33333E-6  
  -2.94444E-7   4.24722E-6    1.38889E-6   1.38889E-6  
  4.5E-7        -1.86667E-6   1.25E-6      1.27778E-6  
  -3.25278E-6   4.28056E-6    1.44444E-6   1.44444E-6  
  -4.91944E-6   1.23056E-6    1.27778E-6   1.27778E-6  
  -7.5E-7       -3.12778E-6   1.5E-6       1.5E-6      
  1.95278E-6    -2.26389E-6   1.19444E-6   1.19444E-6  
  -2.51944E-6   -1.47778E-6   1.58333E-6   1.27778E-6  
  -1.21528E-5   1.16389E-6    1.08333E-6   1.08333E-6  
  2.61111E-7    1.60556E-6    1.25E-6      1.5E-6      
  -9.48056E-6   6.5E-7        1.30556E-6   1.25E-6     
  -5.875E-6     -1.91833E-5   1.19444E-6   1.22222E-6  
  -6.61111E-6   3.82694E-5    1.30556E-6   1.30556E-6  
  3.14722E-6    -1.26667E-6   1.33333E-6   1.33333E-6  
  4.13611E-6    -1.11222E-5   1.36111E-6   1.36111E-6  
  -2.79167E-6   1.4E-6        1.22222E-6   1.22222E-6  
  -5.69167E-6   6.51667E-6    1.25E-6      1.25E-6     
  2.27778E-6    -8.34444E-6   1.19444E-6   1.25E-6     
  -1.33056E-6   -8.83333E-7   1.30556E-6   1.30556E-6  
  5.96944E-6    -4.37778E-6   1.16667E-6   1.16667E-6  
  5.68056E-6    2.07222E-6    1.19444E-6   1.16667E-6  
  -4.58056E-6   -3.125E-6     1.38889E-6   1.22222E-6  
  -1.10917E-5   2.26972E-5    1.27778E-6   1.27778E-6  
  4.50278E-6    5.78611E-6    1.58333E-6   1.58333E-6  
  -6.00278E-6   -1.78889E-6   1.22222E-6   1.22222E-6  
  -4.5E-7       2.78889E-6    1.61111E-6   1.61111E-6  
  7.44167E-6    -2.43611E-6   1.61111E-6   1.61111E-6  
  -2.43056E-6   -4.91667E-7   1.19444E-6   1.19444E-6  
  -5.04722E-6   4.45833E-6    1.16667E-6   1.16667E-6  
  -1.20361E-5   -4.86667E-6   1.27778E-6   1.27778E-6  
  -9.31111E-6   -2.55278E-6   1.25E-6      1.22222E-6  
  2.98333E-6    1.96389E-6    1.19444E-6   1.19444E-6  
  1.87778E-6    -2.94722E-6   1.13889E-6   1.13889E-6  
  -1.26389E-6   1.17222E-6    1.16667E-6   1.16667E-6  
  -1.1E-6       9.5E-7        1.22222E-6   1.22222E-6  
  -2.89722E-6   6.69444E-7    1.25E-6      1.25E-6     
  -3.05556E-8   -9.88056E-6   1.05556E-6   1.22222E-6  
  4.53889E-6    -5.36944E-6   1.52778E-6   1.52778E-6  
  -7.58333E-7   9.16667E-8    1.13889E-6   1.13889E-6  
  4.94444E-7    3.85556E-6    1.19444E-6   1.19444E-6  
  -5.44444E-6   1.22222E-6    1.58333E-6   1.58333E-6  
  -2.71111E-6   -9.16667E-7   1.16667E-6   1.16667E-6  
  -1.375E-6     -7.75278E-6   1.25E-6      1.47222E-6  
  -4.05556E-6   -1.97222E-7   1.19444E-6   1.19444E-6  
  -1.20833E-6   -5.54444E-6   1.47222E-6   1.22222E-6  
  -3.05556E-7   -9.99444E-6   1.13889E-6   1.19444E-6  
  2.78333E-6    -5.95833E-6   1.33333E-6   1.33333E-6  
  -2.56667E-6   -1.93333E-6   1.22222E-6   1.22222E-6  
  -5.975E-6     9.19444E-7    1.38889E-6   1.25E-6     
  -5.89167E-6   -6.16389E-6   1.61111E-6   1.61111E-6  
  -3.33611E-6   5.15833E-6    1.33333E-6   1.33333E-6  
  3.63333E-6    3.76111E-6    1.25E-6      1.25E-6     
  -9.83333E-7   -5.55278E-6   1.22222E-6   1.25E-6     
  -3.06389E-6   -2.64722E-6   1.22222E-6   1.22222E-6  
  -2.39444E-6   7.58333E-7    1.30556E-6   1.30556E-6  
  -5.86111E-7   -2.52778E-7   1.25E-6      1.25E-6     
  -3.79167E-6   -8.38889E-7   1.22222E-6   1.22222E-6  
  -3.92222E-6   2.51111E-6    1.58333E-6   1.58333E-6  
  -2.64167E-6   -6.02778E-7   1.27778E-6   1.13889E-6  
  2.325E-6      2.7E-6        1.69444E-6   1.69444E-6  
  -1.775E-6     -5.22778E-6   1.22222E-6   1.22222E-6  
  2.59306E-5    2.41389E-5    1.36111E-6   1.36111E-6  
  -6.53611E-6   -1.13139E-5   1.33333E-6   1.33333E-6  
  9.30278E-6    -2.69167E-5   1.30556E-6   1.36111E-6  
  -1.90278E-6   -9.44444E-8   1.27778E-6   1.27778E-6  
  -2.13889E-6   -3.08333E-7   1.33333E-6   1.33333E-6  
  1.125E-6      -2.22778E-6   1.27778E-6   1.27778E-6  
  -2.01111E-6   4.87778E-6    1.19444E-6   1.25E-6     
  8.36389E-6    -9.96945E-6   1.25E-6      1.25E-6     
  -2.06389E-6   -3.51111E-6   1.22222E-6   1.25E-6     
  -2.75E-6      -2.125E-6     1.22222E-6   1.22222E-6  
  -3.53333E-6   -2.43333E-6   1.33333E-6   1.19444E-6  
  -4.16667E-7   -4.72778E-6   1.13889E-6   1.41667E-6  
  7.08333E-7    -4.88333E-6   1.19444E-6   1.19444E-6  
  -5.95278E-6   -3.15E-6      1.30556E-6   1.30556E-6  
  -6.58333E-7   -1.24722E-6   1.41667E-6   1.25E-6     
  4.87222E-6    3.94167E-6    1.22222E-6   1.19444E-6  
  -3.33611E-6   -9.14444E-6   1.33333E-6   1.41667E-6  
  -1.52222E-6   -8.86111E-7   1.22222E-6   1.22222E-6  
  -1.01667E-6   -6.31111E-6   1.13889E-6   1.16667E-6  
  2.13667E-5    -7.17E-5      1.25E-6      1.25E-6     
  -1.02111E-5   -4.61667E-6   1.52778E-6   1.5E-6      
  2.19722E-6    4.58333E-7    1.27778E-6   1.27778E-6  
  -3.04444E-6   7.69444E-7    1.22222E-6   1.22222E-6  
  -7.26111E-6   1.5825E-5     1.19444E-6   1.19444E-6  
  4.47778E-6    -1.15333E-5   1.25E-6      1.41667E-6  
  -9.75E-7      -5.13889E-7   1.19444E-6   1.19444E-6  
  -1.23667E-5   1.55833E-6    1.58333E-6   1.58333E-6  
  9.22222E-7    -1.66944E-6   1.63889E-6   1.63889E-6  
  5.90083E-5    -8.03083E-5   1.27778E-6   1.27778E-6  
  5.63139E-5    -7.48056E-6   1.33333E-6   1.33333E-6  
  1.18611E-6    6.38056E-6    1.19444E-6   1.22222E-6  
  1.875E-6      -1.08611E-6   1.58333E-6   1.38889E-6  
  1.61111E-6    -3.36944E-6   1.25E-6      1.52778E-6  
  -3.26389E-6   3.61667E-6    1.33333E-6   1.44444E-6  
  -1.38333E-6   2.51944E-6    1.47222E-6   1.25E-6     
  4.64139E-5    -3.995E-5     1.27778E-6   1.25E-6     
  -5.48333E-6   5.225E-6      1.33333E-6   1.5E-6      
  5.76944E-5    -6.53667E-5   1.55556E-6   1.55556E-6  
  4.89444E-6    -2.42778E-6   1.91667E-6   1.91667E-6  
  5.28194E-5    -7.83917E-5   1.44444E-6   1.44444E-6  
  -1.72E-5      -4.36139E-5   1.75E-6      1.75E-6     
  7.13889E-7    -5.26944E-6   1.16667E-6   1.38889E-6  
  -1.80861E-5   9.025E-6      1.58333E-6   1.55556E-6  
  1.19722E-5    6.88056E-6    1.33333E-6   1.25E-6     
  7.30556E-7    -1.45E-6      1.16667E-6   1.16667E-6  
  -4.42222E-6   7.63278E-5    1.52778E-6   1.52778E-6  
  4.65056E-5    -1.04586E-4   1.63889E-6   1.86111E-6  
  -4.825E-6     1.56944E-6    1.33333E-6   1.19444E-6  
  -6.39167E-6   2.00556E-6    1.19444E-6   1.19444E-6  
  2.95278E-6    -8.02778E-7   1.19444E-6   1.16667E-6  
  3.08889E-6    3.27778E-6    1.22222E-6   1.22222E-6  
  5.38833E-5    -8.15389E-5   1.41667E-6   1.22222E-6  
  -2.09222E-5   -4.34528E-5   1.63889E-6   1.63889E-6  
  2.26111E-6    5.11083E-5    1.61111E-6   1.61111E-6  
  -4.6E-6       2.80611E-5    1.58333E-6   1.58333E-6  
  3.70306E-5    6.31972E-5    1.27778E-6   1.38889E-6  
  -2.03889E-6   7.96667E-6    1.55556E-6   1.55556E-6  
  2.16667E-7    -1.13333E-6   1.25E-6      1.38889E-6  
  -1.64472E-5   -3.65E-6      1.63889E-6   1.63889E-6  
  5.65361E-5    -1.31225E-4   1.30556E-6   1.36111E-6  
  -3.18556E-5   4.02472E-5    1.52778E-6   1.52778E-6  
  2.81806E-5    1.31611E-5    1.58333E-6   1.58333E-6  
  8.16111E-6    1.54444E-6    1.36111E-6   1.36111E-6  
  5.35E-6       6.89167E-6    1.16667E-6   1.19444E-6  
  -9.86111E-7   1.87778E-6    1.33333E-6   1.33333E-6  
  -3.65278E-6   -2.21667E-6   1.25E-6      1.38889E-6  
  -4.61111E-6   -5.22222E-6   1.16667E-6   1.16667E-6  
  2.26111E-6    -1.32222E-6   1.44444E-6   1.19444E-6  
  2.5E-6        -4.91389E-6   1.25E-6      1.25E-6     
  4.13333E-6    5.65278E-6    1.58333E-6   1.58333E-6  
  -3.61389E-5   7.44417E-5    1.36111E-6   1.36111E-6  
  -5.15833E-6   5.27028E-5    1.25E-6      1.27778E-6  
  5.80778E-5    -6.69833E-5   1.36111E-6   1.5E-6      
  4.88889E-6    1.92222E-6    1.30556E-6   1.30556E-6  
  -1.195E-5     2.15778E-5    1.72222E-6   1.72222E-6  
  -8.36111E-6   2.21389E-6    1.22222E-6   1.19444E-6  
  -4.17222E-6   -9.45833E-6   1.61111E-6   1.61111E-6  
  -3.80556E-7   1.91944E-6    1.19444E-6   1.33333E-6  
  -8.825E-6     2.74722E-6    1.61111E-6   1.61111E-6  
  -3.525E-6     -9.04444E-6   1.13889E-6   1.13889E-6  
  -6.35278E-6   5.17778E-6    1.19444E-6   1.33333E-6  
  -8.19444E-7   1.53333E-5    1.69444E-6   1.69444E-6  
  5.85417E-5    -7.58333E-5   1.30556E-6   1.41667E-6  
  -2.1825E-5    -4.90361E-5   1.47222E-6   1.47222E-6  
  1.86889E-5    2.9525E-5     1.69444E-6   1.69444E-6  
  -2.99806E-5   -8.41667E-7   1.63889E-6   1.63889E-6  
  6.14972E-5    -3.42111E-5   1.30556E-6   1.30556E-6  
  -1.41944E-6   1.33611E-6    1.47222E-6   1.19444E-6  
  -2.46194E-5   -4.69806E-5   1.58333E-6   1.69444E-6  
  4.25139E-5    -4.21222E-5   1.25E-6      1.30556E-6  
  2.89917E-5    1.1475E-5     1.44444E-6   1.44444E-6  
  -4.48028E-5   -2.08917E-5   1.69444E-6   1.69444E-6  
  -4.03583E-5   -3.08028E-5   1.27778E-6   1.27778E-6  
  -7.08889E-6   -7.26944E-6   1.58333E-6   1.58333E-6  
  -1.21111E-5   4.19778E-5    1.22222E-6   1.36111E-6  
  6.28583E-5    -3.7125E-5    1.36111E-6   1.36111E-6  
  3.80528E-5    -5.34972E-5   1.30556E-6   1.30556E-6  
  2.16944E-6    -1.08056E-6   1.72222E-6   1.72222E-6  
  -1.03889E-6   -3.22222E-6   1.19444E-6   1.19444E-6  
  -8.825E-6     -1.59167E-6   1.63889E-6   1.63889E-6  
  1.00972E-5    3.54917E-5    1.30556E-6   1.30556E-6  
  -4.06111E-5   3.92306E-5    1.69444E-6   1.86111E-6  
  6.04944E-5    -7.01444E-5   1.38889E-6   1.38889E-6  
  1.48028E-5    -5.87E-5      1.30556E-6   1.58333E-6  
  -5.13889E-6   8.41111E-6    1.22222E-6   1.36111E-6  
  3.12806E-5    1.35306E-5    1.72222E-6   1.72222E-6  
  2.47778E-6    2.47222E-6    1.27778E-6   1.47222E-6  
  2.52833E-5    -6.01861E-5   1.25E-6      1.25E-6     
