#SELECT
#   TOP 10000
#   pmra, pmde
#   FROM ppmxl.main
#   WHERE 
#      1=CONTAINS(POINT('ICRS', raj2000, dej2000),
#                 CIRCLE('ICRS', 6.3, 64.1, 2 ))#
#	and (r1mag-kmag)<1.185
#	and e_kmag<0.4
#	and r1mag>16
#pmra pmde
1.73056E-6 -2.92222E-6
-6.26944E-6 3.20278E-6
-9.31111E-6 1.84222E-5
-4.55556E-7 4.19444E-7
-3.225E-6 -4.03056E-6
-1.98333E-6 -1.61389E-6
-1.44444E-7 1.24722E-6
9.675E-6 -2.6225E-5
1.83333E-7 -5.7E-6
-2.16111E-6 6.0E-7
-7.80556E-7 -7.81667E-6
4.48333E-6 -6.58889E-6
-8.19444E-7 -1.31667E-6
2.22222E-8 -5.07222E-6
5.2E-6 5.41389E-6
-2.80278E-6 -1.375E-6
-2.0E-7 -6.19444E-7
-4.00833E-6 -4.36111E-7
4.85833E-6 -4.98333E-6
2.69444E-6 5.48889E-6
2.28889E-6 6.675E-6
-1.09167E-6 8.0E-7
-6.72778E-6 -4.30278E-6
3.29167E-6 1.99556E-5
-6.65556E-6 1.21667E-6
-2.65E-6 4.61111E-7
-4.73611E-6 -5.08889E-6
1.86111E-7 8.01389E-6
1.875E-6 -3.88056E-6
-2.57222E-6 -1.88333E-6
-2.88889E-6 3.48056E-6
-7.43889E-6 -3.05833E-6
1.05056E-5 -1.86667E-6
5.41667E-7 -5.03333E-6
2.90278E-6 -1.00556E-5
-3.91667E-6 -6.2E-6
1.14167E-6 1.325E-6
1.41389E-6 1.28889E-6
1.76111E-6 -5.77778E-7
7.44444E-7 -4.05556E-7
3.00278E-6 -2.66667E-7
4.72222E-7 -5.95E-6
2.72222E-7 -4.66667E-6
-6.65833E-6 -2.68333E-6
6.09167E-6 1.80833E-6
-1.79722E-6 1.03889E-5
-1.925E-6 -1.33722E-5
3.63333E-6 -6.31389E-6
-7.94444E-7 -1.825E-6
-1.16944E-5 -2.49722E-6
2.21111E-6 -1.79722E-6
-1.62778E-6 -3.52222E-6
-9.55556E-7 4.69444E-7
-2.37778E-6 3.21111E-6
2.76389E-6 -1.25E-7
-2.23056E-6 9.25E-7
7.76667E-6 6.125E-6
-6.02778E-7 5.94444E-7
-1.16667E-6 -1.11667E-6
4.325E-6 -5.05278E-6
-6.18056E-6 1.70389E-5
-2.22778E-6 5.33333E-6
3.95833E-6 -6.86111E-7
5.22778E-6 -1.72222E-7
-2.35278E-6 -1.44722E-6
-9.02778E-6 3.96389E-6
-9.3E-6 -1.69444E-7
7.80556E-7 5.38889E-7
-1.64444E-6 -9.41667E-7
9.72222E-7 8.36111E-7
-1.31194E-5 1.52028E-5
-1.60833E-6 -1.69444E-6
1.60833E-6 -4.36111E-7
1.41667E-6 -5.02778E-7
-2.22222E-6 6.78889E-6
-4.46389E-6 -5.74722E-6
-8.95556E-6 1.6E-6
-4.91389E-6 3.71389E-6
2.08889E-6 1.38889E-6
-1.26944E-6 -2.89167E-6
-6.94444E-7 -5.93889E-6
8.34444E-6 -3.31111E-6
1.07222E-6 -3.53611E-6
-1.13167E-5 -1.77778E-6
-1.47222E-7 -1.2E-6
-3.25E-7 -6.25278E-6
-3.66667E-7 -1.10278E-6
-2.53611E-6 -9.27778E-7
7.41667E-7 4.75E-7
-8.52778E-7 5.11111E-7
-2.775E-6 2.5E-6
-1.65E-6 -1.29444E-6
-3.32222E-6 2.57778E-6
-7.38056E-6 -1.725E-6
2.78056E-6 -1.85833E-6
2.10556E-6 -3.52222E-6
6.32778E-6 -4.41667E-7
-2.23889E-6 6.85278E-6
1.00167E-5 -2.77778E-6
-1.69444E-7 -7.81667E-6
-2.54722E-6 -2.61944E-6
-1.18167E-5 1.09194E-5
2.58333E-7 -3.00278E-6
-7.325E-6 -4.50833E-6
-8.425E-6 -4.04722E-6
4.86111E-7 -1.44167E-6
1.11111E-8 -2.38333E-6
5.74444E-6 2.66944E-6
-5.55556E-8 -6.25E-6
6.96389E-6 1.31667E-6
-5.0E-7 2.075E-6
-5.40556E-6 1.31111E-6
-4.72222E-6 1.88889E-7
-2.21389E-6 1.02778E-7
-3.45556E-6 7.11111E-6
-7.825E-6 -7.38889E-7
3.89167E-6 5.90833E-6
-6.11111E-7 -1.39444E-6
9.72222E-7 -7.80556E-7
-2.66667E-6 -2.30833E-6
-1.60833E-6 3.61944E-6
6.775E-6 -3.34722E-6
1.94444E-6 1.85278E-6
-3.68889E-6 9.72222E-8
2.69167E-6 1.18333E-5
-1.29167E-6 4.05556E-7
8.33333E-9 3.44444E-7
1.24167E-6 -3.47778E-6
1.93056E-6 -7.58333E-7
2.41667E-7 7.02778E-7
-6.60278E-6 2.20278E-6
-1.36389E-6 -2.55556E-6
4.125E-6 -3.84444E-6
3.11111E-6 -1.46667E-6
-2.38611E-6 -1.34722E-6
-8.10833E-6 -1.34167E-6
2.74083E-5 9.33056E-6
5.91667E-7 4.88056E-6
-1.67583E-5 4.56667E-6
-4.86389E-6 -2.875E-6
4.51944E-6 -7.71389E-6
-8.86111E-7 -2.89444E-6
-2.48333E-6 3.44722E-6
3.38889E-6 5.18611E-6
2.63889E-7 -2.675E-6
-6.97222E-7 -4.83333E-6
1.38889E-6 1.33889E-6
-2.45278E-6 -8.88889E-8
-6.10278E-6 -3.86944E-6
-4.23333E-6 -4.40722E-5
1.43611E-6 2.55556E-7
9.93056E-6 -1.27E-5
-3.34167E-6 -1.36944E-6
1.53056E-6 -7.33333E-7
-2.83333E-7 8.13611E-6
5.275E-6 -6.28611E-6
-2.925E-6 -7.83333E-7
-2.88056E-6 5.28611E-6
3.01667E-6 -4.80556E-6
1.43889E-6 -7.94444E-7
-1.84167E-6 -2.78889E-6
-5.16667E-7 -3.54722E-6
-2.92778E-6 1.02278E-5
-9.94444E-7 6.5E-7
-2.94444E-7 4.24722E-6
2.45278E-6 -4.59444E-6
4.5E-7 -1.86667E-6
-4.14722E-6 -1.08333E-7
-3.25278E-6 4.28056E-6
-2.86111E-7 -1.66667E-8
-2.05833E-6 -7.11944E-6
-4.91944E-6 1.23056E-6
-7.5E-7 -3.12778E-6
-1.91667E-7 -1.23333E-6
1.95278E-6 -2.26389E-6
3.13056E-6 -1.49722E-6
-4.17778E-6 8.80556E-7
9.75556E-6 -8.79722E-6
-2.51944E-6 -1.47778E-6
3.88889E-6 4.88056E-6
1.58333E-6 -6.66667E-8
-1.21528E-5 1.16389E-6
-3.10833E-6 2.35E-6
2.77778E-7 3.38889E-7
2.68333E-6 1.25E-6
-5.53889E-6 8.1E-6
-1.30111E-5 1.56472E-5
-2.40833E-6 -4.05556E-7
2.61111E-7 1.60556E-6
-2.75833E-6 2.15556E-6
-2.78056E-6 -1.71667E-6
-9.48056E-6 6.5E-7
-5.875E-6 -1.91833E-5
-6.61111E-6 3.82694E-5
4.04722E-6 6.075E-6
-9.44444E-7 1.63889E-7
3.14722E-6 -1.26667E-6
4.13611E-6 -1.11222E-5
-7.63611E-6 4.49444E-6
-2.79167E-6 1.4E-6
-5.69167E-6 6.51667E-6
2.27778E-6 -8.34444E-6
-1.33056E-6 -8.83333E-7
3.13889E-7 -4.325E-6
1.24806E-5 -6.02778E-7
7.15278E-6 8.58333E-7
4.75278E-6 -5.87222E-6
5.96944E-6 -4.37778E-6
-9.91667E-7 6.57222E-6
2.3E-6 -8.08333E-7
5.68056E-6 2.07222E-6
5.47778E-5 -3.59222E-5
-4.58056E-6 -3.125E-6
-1.10917E-5 2.26972E-5
-8.36111E-7 -2.41667E-7
2.50556E-6 1.57778E-6
-8.75833E-6 -1.36389E-6
-6.60556E-6 -9.06389E-6
-4.13889E-7 -1.85E-6
-3.13333E-6 6.52778E-7
-1.58056E-6 -4.78056E-6
-4.21111E-6 -4.22778E-6
4.50278E-6 5.78611E-6
-2.05833E-6 -3.73889E-6
-4.09444E-6 1.475E-6
-6.71111E-6 9.925E-6
-6.00278E-6 -1.78889E-6
-1.55556E-7 -1.07611E-5
-4.5E-7 2.78889E-6
1.66667E-6 -2.83056E-6
7.44167E-6 -2.43611E-6
1.5E-7 2.18889E-6
-1.18806E-5 -3.15278E-6
-2.43056E-6 -4.91667E-7
-3.125E-6 3.07222E-6
-3.86667E-6 1.35139E-5
-5.04722E-6 4.45833E-6
-1.20361E-5 -4.86667E-6
-9.31111E-6 -2.55278E-6
-3.25361E-5 -7.45278E-6
-4.41667E-7 -4.36944E-6
-1.74444E-6 -3.21389E-6
7.23889E-6 1.68333E-6
2.98333E-6 1.96389E-6
1.87778E-6 -2.94722E-6
-1.76944E-6 2.69722E-6
-1.26389E-6 1.17222E-6
-7.475E-6 -1.26111E-6
-5.08333E-7 -4.93333E-6
3.43889E-6 3.73056E-6
-3.38889E-7 -7.94444E-7
1.84444E-6 -5.63889E-7
-1.1E-6 9.5E-7
-2.89722E-6 6.69444E-7
2.21111E-6 2.04444E-6
-3.05556E-8 -9.88056E-6
-1.36667E-6 -5.77778E-6
-1.33889E-6 -1.11944E-6
-1.64722E-6 7.47222E-7
-4.71944E-6 -1.69444E-7
-3.45833E-6 3.01111E-6
4.53889E-6 -5.36944E-6
1.91944E-6 1.87222E-6
-2.56944E-6 -2.44167E-6
-7.58333E-7 9.16667E-8
-5.52778E-7 -2.75278E-6
-2.16944E-6 3.34722E-6
-1.08056E-6 -3.80556E-7
-5.83333E-6 -3.33889E-6
2.5E-7 3.0E-6
4.94444E-7 3.85556E-6
4.56389E-6 2.16667E-6
-5.44444E-6 1.22222E-6
4.38889E-6 2.44167E-6
-1.53333E-6 -3.53056E-6
2.11111E-7 -1.03611E-6
-2.71111E-6 -9.16667E-7
-9.38889E-7 3.27778E-6
3.09444E-6 -1.05556E-6
4.30278E-6 -4.33056E-6
-3.975E-6 1.13056E-6
-5.65278E-6 -4.58333E-7
-2.75E-7 -2.65E-6
-3.25E-7 1.08333E-7
-1.51111E-6 -4.36111E-7
-1.74444E-6 -1.87222E-6
-8.52778E-7 -5.47222E-7
1.25556E-6 -7.52778E-7
-1.375E-6 -7.75278E-6
-3.63889E-7 -1.35833E-6
-3.73611E-6 1.37222E-6
-4.05556E-6 -1.97222E-7
-1.20833E-6 -5.54444E-6
-5.68056E-6 -1.93611E-6
-3.05556E-7 -9.99444E-6
2.78333E-6 -5.95833E-6
-2.56667E-6 -1.93333E-6
3.44167E-6 2.925E-6
-5.975E-6 9.19444E-7
-5.89167E-6 -6.16389E-6
-3.33611E-6 5.15833E-6
4.975E-6 5.55E-6
-3.21389E-6 8.97222E-7
-1.34167E-6 -2.36944E-6
-4.44444E-8 -4.99167E-6
-4.66111E-6 -1.09167E-6
3.63333E-6 3.76111E-6
-6.63889E-7 2.15278E-6
-2.62222E-6 -9.30556E-7
6.49167E-6 -1.025E-6
-5.13889E-7 2.27778E-7
-4.83056E-6 -7.51111E-6
-8.02778E-7 -1.33611E-6
-9.83333E-7 -5.55278E-6
-1.55E-6 -3.22222E-7
-2.21389E-6 -1.49722E-6
4.80833E-6 -3.58333E-7
-3.06389E-6 -2.64722E-6
-3.36667E-6 -4.44444E-6
7.52778E-7 -2.18056E-6
-2.13611E-6 -2.62222E-6
-1.23889E-6 -9.47222E-7
2.68611E-6 -9.43889E-6
-5.61111E-7 -2.19444E-7
-2.82778E-6 -1.875E-6
-7.02778E-7 -1.10833E-6
5.94444E-7 -2.42778E-6
6.94444E-7 9.16667E-8
-1.54167E-6 -3.83333E-7
-2.15E-6 1.40556E-6
8.75278E-6 1.45833E-6
-2.39444E-6 7.58333E-7
-2.725E-6 1.74722E-6
-1.67778E-6 -2.16667E-7
3.31389E-6 -1.17778E-6
-1.23611E-6 -4.71111E-6
-5.86111E-7 -2.52778E-7
-4.75E-7 -1.60833E-6
-1.45833E-6 -7.25E-7
-2.40278E-6 -8.33333E-8
-2.09444E-6 -3.41667E-6
-3.79167E-6 -8.38889E-7
-3.92222E-6 2.51111E-6
-2.64167E-6 -6.02778E-7
-1.25833E-6 9.44444E-8
-5.25833E-6 -7.9E-6
-1.99167E-6 -1.19167E-6
-2.11389E-6 -7.75278E-6
-5.05556E-7 -9.08333E-7
5.41667E-7 -2.96389E-6
-1.01944E-6 -4.47222E-7
-1.01778E-5 3.56389E-6
2.325E-6 2.7E-6
3.77778E-7 -1.24444E-6
-1.69722E-6 -1.89167E-6
2.09722E-6 -7.65833E-6
-7.77778E-7 3.41111E-6
-1.775E-6 -5.22778E-6
-1.75E-6 -1.78056E-6
2.09444E-6 5.77778E-7
2.59306E-5 2.41389E-5
-7.49167E-6 -1.59694E-5
-3.08611E-6 -1.25444E-5
-6.53611E-6 -1.13139E-5
-5.82778E-6 -2.34444E-6
-1.14722E-6 1.96111E-6
9.30278E-6 -2.69167E-5
-5.02778E-7 2.47222E-7
-5.25556E-6 -3.62778E-6
-1.63889E-7 -3.58333E-7
-1.90278E-6 -9.44444E-8
-2.13889E-6 -3.08333E-7
-4.34444E-6 1.51667E-6
1.125E-6 -2.22778E-6
-6.43056E-6 -4.36389E-6
-2.01111E-6 4.87778E-6
-9.80556E-7 -1.07778E-6
8.36389E-6 -9.96945E-6
-1.175E-6 -1.70556E-6
1.41389E-6 9.19444E-7
-3.41944E-6 2.70833E-6
-2.06389E-6 -3.51111E-6
-3.50278E-6 -2.18333E-6
-4.58333E-7 2.66667E-7
-2.75E-6 -2.125E-6
-3.53333E-6 -2.43333E-6
-4.16667E-7 -4.72778E-6
7.08333E-7 -4.88333E-6
-5.95278E-6 -3.15E-6
8.52778E-7 9.47222E-7
-6.58333E-7 -1.24722E-6
-2.04722E-6 -1.38889E-6
4.99167E-6 -3.97222E-7
4.87222E-6 3.94167E-6
2.57778E-6 3.46944E-6
9.05556E-7 1.64722E-6
-2.29722E-6 6.83333E-7
-2.55556E-7 -9.19444E-7
-3.30833E-6 -4.41944E-6
-1.68333E-6 -4.13889E-7
-1.76111E-6 1.59722E-6
-3.33611E-6 -9.14444E-6
-6.16667E-7 1.0E-7
-1.52222E-6 -8.86111E-7
-1.75833E-6 -5.83611E-6
-1.01667E-6 -6.31111E-6
4.56111E-6 3.09167E-6
2.63889E-7 -1.24722E-6
-2.25556E-6 -4.72222E-7
2.13667E-5 -7.17E-5
-3.19167E-6 -2.16389E-6
-2.29444E-6 -1.63333E-6
7.83611E-6 -3.43611E-6
-1.31111E-6 -3.41667E-7
-4.38611E-6 -4.58333E-6
-1.02111E-5 -4.61667E-6
2.19722E-6 4.58333E-7
-1.45E-6 -5.55278E-6
-1.44444E-6 3.05556E-8
-3.04444E-6 7.69444E-7
-7.26111E-6 1.5825E-5
4.47778E-6 -1.15333E-5
-5.88889E-7 2.86111E-7
-9.75E-7 -5.13889E-7
1.43333E-6 -9.83333E-7
-2.08056E-6 -1.18611E-6
-7.28889E-6 -6.5E-7
-1.23667E-5 1.55833E-6
9.22222E-7 -1.66944E-6
5.90083E-5 -8.03083E-5
5.63139E-5 -7.48056E-6
1.22222E-6 -1.16389E-6
1.29083E-5 -1.88889E-6
-1.51944E-6 6.05556E-7
1.18611E-6 6.38056E-6
1.875E-6 -1.08611E-6
1.61111E-6 -3.36944E-6
3.025E-6 1.05667E-5
-1.34E-5 7.56361E-5
-4.30556E-7 2.79722E-6
2.77778E-9 1.11111E-7
-3.26389E-6 3.61667E-6
7.13889E-7 -4.40556E-6
7.77778E-8 -1.93889E-6
-1.38333E-6 2.51944E-6
-7.08056E-6 -6.76111E-6
6.03611E-6 -1.20278E-6
2.50111E-5 -5.45583E-5
-1.23056E-6 -1.13333E-6
4.64139E-5 -3.995E-5
-1.85556E-6 1.10167E-5
-5.48333E-6 5.225E-6
1.01611E-5 -1.69444E-7
5.76944E-5 -6.53667E-5
1.74722E-6 1.11222E-5
-9.83333E-7 -2.77778E-7
-7.875E-6 -4.44167E-6
4.89444E-6 -2.42778E-6
-1.02944E-5 1.43861E-5
5.28194E-5 -7.83917E-5
3.84806E-5 -2.74694E-5
-1.72E-5 -4.36139E-5
-1.04722E-6 -5.07222E-6
-2.23889E-6 -2.27222E-6
-4.83889E-6 3.35E-6
7.13889E-7 -5.26944E-6
-1.35833E-6 7.02778E-6
-1.80861E-5 9.025E-6
1.19722E-5 6.88056E-6
-1.62778E-6 -1.08083E-5
7.30556E-7 -1.45E-6
-4.42222E-6 7.63278E-5
2.18611E-6 1.325E-6
-1.55556E-6 4.02222E-6
4.65056E-5 -1.04586E-4
-4.825E-6 1.56944E-6
4.44722E-6 1.06389E-6
-7.12889E-5 -5.73361E-5
-6.39167E-6 2.00556E-6
2.95278E-6 -8.02778E-7
-2.07222E-6 1.02778E-7
-6.50556E-6 -6.72222E-7
-1.04722E-6 -3.27778E-7
-6.97778E-6 2.14167E-6
-2.36667E-6 1.69722E-6
3.08889E-6 3.27778E-6
-4.41667E-6 -1.23389E-5
5.38833E-5 -8.15389E-5
8.72778E-6 3.40833E-6
-1.80278E-6 -2.03611E-6
-2.09222E-5 -4.34528E-5
-2.54167E-6 1.05722E-5
6.02778E-6 1.52778E-7
-1.04167E-6 -8.12778E-6
-9.775E-6 1.29722E-6
-2.55833E-6 1.67194E-5
1.02778E-6 -1.25389E-5
2.26111E-6 5.11083E-5
-4.6E-6 2.80611E-5
3.70306E-5 6.31972E-5
-2.03889E-6 7.96667E-6
1.51694E-5 -6.43278E-5
-2.28333E-6 -1.66667E-7
2.16667E-7 -1.13333E-6
-3.16556E-5 2.27167E-5
-5.82222E-6 2.80278E-6
-1.63611E-6 -1.16583E-5
-7.86111E-7 -1.0E-7
-1.39722E-6 -4.73333E-6
-6.36389E-6 5.94722E-6
5.56472E-5 -3.52278E-5
1.11889E-5 -2.50583E-5
1.575E-6 -3.75E-6
-1.64472E-5 -3.65E-6
5.65361E-5 -1.31225E-4
-3.18556E-5 4.02472E-5
2.81806E-5 1.31611E-5
-1.27778E-7 2.80556E-6
8.16111E-6 1.54444E-6
6.15278E-6 2.81667E-6
5.35E-6 6.89167E-6
-9.86111E-7 1.87778E-6
-3.33333E-7 -1.97222E-7
2.55556E-6 -4.13889E-7
4.78611E-6 -1.86944E-6
-7.71389E-6 -1.31E-5
-1.92222E-6 -5.85E-6
5.4325E-5 -3.93472E-5
1.27778E-6 -5.2775E-5
-1.27222E-6 9.49167E-6
5.26667E-6 -1.27167E-5
-3.65278E-6 -2.21667E-6
-4.61111E-6 -5.22222E-6
2.26111E-6 -1.32222E-6
-1.21944E-6 4.72222E-7
-1.52167E-5 2.50917E-5
-8.50833E-6 5.05E-6
-6.03056E-6 -3.53611E-6
3.61111E-7 -1.49167E-6
2.5E-6 -4.91389E-6
-2.82222E-6 5.825E-6
-3.31667E-6 -1.04167E-6
4.91389E-6 4.77778E-7
4.13333E-6 5.65278E-6
-1.73611E-6 2.48889E-6
2.11389E-6 2.05278E-6
5.06667E-6 1.20556E-6
-3.02778E-7 5.25E-6
-3.67778E-6 -2.58333E-7
-5.29167E-6 -2.13889E-7
-3.61389E-5 7.44417E-5
-5.15833E-6 5.27028E-5
-1.81389E-5 -6.32222E-5
5.80778E-5 -6.69833E-5
-1.7075E-5 -6.54833E-5
2.79361E-5 -2.92583E-5
-2.03583E-5 6.52028E-5
-1.40111E-5 8.97222E-7
-6.35278E-6 3.91389E-6
4.88889E-6 1.92222E-6
1.24306E-5 -5.94472E-5
-1.79722E-6 -2.81389E-6
-3.20833E-6 -1.61111E-6
-1.0375E-5 -2.70833E-6
9.16944E-6 4.45278E-6
-4.26389E-6 5.27778E-6
-1.195E-5 2.15778E-5
-8.36111E-6 2.21389E-6
-4.17222E-6 -9.45833E-6
-9.64444E-6 3.77778E-7
-3.80556E-7 1.91944E-6
-1.97778E-6 -8.28889E-6
-8.825E-6 2.74722E-6
-3.525E-6 -9.04444E-6
-9.7E-6 4.71944E-6
-1.07778E-6 2.15278E-6
-6.35278E-6 5.17778E-6
-8.62222E-6 5.28889E-6
6.30556E-7 1.55833E-6
-8.19444E-7 1.53333E-5
-4.525E-6 1.63889E-7
-5.83333E-6 5.36111E-7
-9.75278E-6 -3.15639E-5
5.85417E-5 -7.58333E-5
-2.1825E-5 -4.90361E-5
1.86889E-5 2.9525E-5
-2.99806E-5 -8.41667E-7
3.45E-6 -4.56389E-6
6.14972E-5 -3.42111E-5
3.33333E-7 5.01111E-6
-1.41944E-6 1.33611E-6
-2.46194E-5 -4.69806E-5
4.25139E-5 -4.21222E-5
-1.71278E-5 1.23639E-5
2.89917E-5 1.1475E-5
-4.48028E-5 -2.08917E-5
-4.03583E-5 -3.08028E-5
-7.08889E-6 -7.26944E-6
-1.7E-6 -5.95917E-5
-1.21111E-5 4.19778E-5
1.33028E-5 -5.91917E-5
7.92778E-6 -3.39444E-6
4.69722E-6 -8.67778E-6
6.28583E-5 -3.7125E-5
3.80528E-5 -5.34972E-5
-4.97222E-7 1.05278E-6
-3.29556E-5 -1.15306E-5
2.16944E-6 -1.08056E-6
-1.63611E-6 -7.82056E-5
-4.55556E-7 -3.41944E-6
1.00278E-5 3.56944E-6
-1.03889E-6 -3.22222E-6
3.125E-6 4.04722E-6
-8.825E-6 -1.59167E-6
-2.78611E-6 -3.98056E-6
1.27222E-5 -3.6275E-5
1.00972E-5 3.54917E-5
-4.06111E-5 3.92306E-5
-9.44444E-8 -3.56111E-6
-3.3E-6 6.11111E-6
6.04944E-5 -7.01444E-5
1.48028E-5 -5.87E-5
-9.56389E-6 8.19722E-6
1.67639E-5 -6.53056E-6
-5.13889E-6 8.41111E-6
3.12806E-5 1.35306E-5
-8.70833E-6 5.0E-7
-6.71111E-6 -8.22611E-5
2.47778E-6 2.47222E-6
2.52833E-5 -6.01861E-5
2.31389E-6 1.22194E-5
-1.31111E-6 4.35556E-6
