
     NP4 =     9     ITT =  4     JS = 20      KB = 501 XE1= 0.150

     Day = 19.60     Log Taug = -3.700

     CHL(eV) = 25.0     NC =  5

     WVM1 = 0.2500    WVM2 = 1.2000       KG =  1500

                  LOG R/RS     LOG L/LS         VEL LB          TB

                   4.303       9.280            8250.0       10000.0


                     1.0000



       RADIUS    VELOCITY  DENSITY    MASS    TOT. MASS   NEWMASS NEWTOT. MASS Kin. En.
   1  0.53D+14    193.09  0.19D-12  0.582D-04  0.582D-04  0.152D-02  0.152D-02  0.284D+12
   2  0.46D+15   1699.64  0.12D-12  0.204D-01  0.205D-01  0.508D-01  0.523D-01  0.734D+15
   3  0.76D+15   2779.51  0.82D-13  0.566D-01  0.770D-01  0.808D-01  0.133D+00  0.385D+16
   4  0.10D+16   3736.92  0.58D-13  0.754D-01  0.152D+00  0.907D-01  0.224D+00  0.102D+17
   5  0.12D+16   4553.08  0.43D-13  0.773D-01  0.230D+00  0.910D-01  0.315D+00  0.196D+17
   6  0.15D+16   5334.55  0.32D-13  0.790D-01  0.309D+00  0.943D-01  0.409D+00  0.330D+17
   7  0.17D+16   6153.91  0.24D-13  0.826D-01  0.391D+00  0.986D-01  0.508D+00  0.517D+17
   8  0.19D+16   7036.23  0.17D-13  0.841D-01  0.475D+00  0.115D+00  0.623D+00  0.802D+17
   9  0.22D+16   8256.81  0.11D-13  0.102D+00  0.577D+00  0.105D+00  0.728D+00  0.116D+18
  10  0.25D+16   9216.44  0.86D-14  0.808D-01  0.658D+00  0.891D-01  0.817D+00  0.154D+18
  11  0.28D+16  10159.20  0.72D-14  0.812D-01  0.739D+00  0.101D+00  0.918D+00  0.206D+18
  12  0.31D+16  11337.24  0.49D-14  0.853D-01  0.825D+00  0.882D-01  0.101D+01  0.263D+18
  13  0.34D+16  12358.60  0.33D-14  0.613D-01  0.886D+00  0.721D-01  0.108D+01  0.318D+18
  14  0.37D+16  13539.64  0.32D-14  0.820D-01  0.968D+00  0.716D-01  0.115D+01  0.383D+18
  15  0.39D+16  14262.30  0.31D-14  0.552D-01  0.102D+01  0.653D-01  0.122D+01  0.450D+18
  16  0.41D+16  15158.44  0.27D-14  0.662D-01  0.109D+01  0.985D-01  0.131D+01  0.563D+18
  17  0.46D+16  16746.85  0.54D-15  0.277D-01  0.112D+01  0.555D-01  0.137D+01  0.641D+18
  18  0.57D+16  20745.14  0.64D-16  0.116D-01  0.113D+01  0.989D-02  0.138D+01  0.662D+18
  19  0.61D+16  22490.48  0.20D-16  0.205D-02  0.113D+01  0.109D-02  0.138D+01  0.665D+18
 /, Kin. En. =    51.121343040386641     

      XS      VS        LOG RH      TE       TR       W    SH M    TOTM

      0.98   8429.12    -13.35   7657.87   8508.74  0.397  0.035  0.035
      0.94   8811.75    -13.40   7657.87   8508.74  0.324  0.038  0.074
      0.89   9230.77    -13.45   7657.87   8508.74  0.276  0.041  0.115
      0.85   9691.63    -13.49   7657.87   8508.74  0.238  0.046  0.160
      0.81  10200.93    -13.53   7657.87   8508.74  0.206  0.051  0.211
      0.77  10766.72    -13.61   7657.87   8508.74  0.179  0.052  0.263
      0.72  11398.96    -13.70   7657.87   8508.74  0.155  0.053  0.317
      0.68  12110.09    -13.82   7657.87   8508.74  0.134  0.052  0.369
      0.64  12915.85    -13.86   7657.87   8508.74  0.115  0.061  0.429
      0.60  13836.48    -13.88   7657.87   8508.74  0.099  0.077  0.506
      0.55  14898.42    -13.94   7657.87   8508.74  0.084  0.091  0.597
      0.51  16136.92    -14.39   7657.87   8508.74  0.070  0.044  0.641
      0.47  17600.00    -14.86   7657.87   8508.74  0.058  0.021  0.661
      0.43  19354.84    -15.27   7657.87   8508.74  0.048  0.012  0.673
      0.38  21498.37    -15.80   7657.87   8508.74  0.038  0.005  0.679
      0.34  24175.82    -16.55   7657.87   8508.74  0.030  0.002  0.680
      0.30  27615.06    -17.40   7657.87   8508.74  0.023  0.000  0.681
      0.26  32195.12    -18.37   7657.87   8508.74  0.017  0.000  0.681
      0.21  38596.49    -19.53   7657.87   8508.74  0.012  0.000  0.681
      0.17  48175.18    -20.95   7657.87   8508.74  0.007  0.000  0.681

        XS        VS          LOG RH       TE          TR         W

        0.98     8429.12      -13.35     7657.87     8508.74    0.397
        0.94     8811.75      -13.40     7657.87     8508.74    0.324
        0.89     9230.77      -13.45     7657.87     8508.74    0.276
        0.85     9691.63      -13.49     7657.87     8508.74    0.238
        0.81    10200.93      -13.53     7657.87     8508.74    0.206
        0.77    10766.72      -13.61     7657.87     8508.74    0.179
        0.72    11398.96      -13.70     7657.87     8508.74    0.155
        0.68    12110.09      -13.82     7657.87     8508.74    0.134
        0.64    12915.85      -13.86     7657.87     8508.74    0.115
        0.60    13836.48      -13.88     7657.87     8508.74    0.099
        0.55    14898.42      -13.94     7657.87     8508.74    0.084
        0.51    16136.92      -14.39     7657.87     8508.74    0.070
        0.47    17600.00      -14.86     7657.87     8508.74    0.058
        0.43    19354.84      -15.27     7657.87     8508.74    0.048
        0.38    21498.37      -15.80     7657.87     8508.74    0.038
        0.34    24175.82      -16.55     7657.87     8508.74    0.030
        0.30    27615.06      -17.40     7657.87     8508.74    0.023
        0.26    32195.12      -18.37     7657.87     8508.74    0.017
        0.21    38596.49      -19.53     7657.87     8508.74    0.012
        0.17    48175.18      -20.95     7657.87     8508.74    0.007

     No. of ions =  30            Total No. Included = 62047


         En consv. check  -0.121D-13


      NPK        ABS      ESC      event      no event            out of rg

     90000     57995     32005     20716     11289         0         0


                         No. pkts   =   90000
                         Esc to inf =   32005
                         No line ev =       0
  PW(2)=    30153.598409050541       RQ(JS,5)=    30153.598409050541     
  TB=   10000.000000000000       CLP=  2.11980427326336880E-005  CL=  3.31635377786238591E-005

     JP       LP       KP        KJ         L        NUJ        BT        NPK

  2.01946  0.83416  0.67000  0.193E+00   1.15239  0.757E+15   0.0281   1 1.328E+05
  1.63234  0.84209  0.55566  0.177E+00   1.13826  0.736E+15   0.0294   2 1.207E+05
  1.34882  0.84297  0.46978  0.170E+00   1.12631  0.726E+15   0.0308   3 1.122E+05
  1.11245  0.84227  0.39534  0.166E+00   1.11455  0.719E+15   0.0323   4 1.044E+05
  0.91148  0.84092  0.32825  0.159E+00   1.10242  0.707E+15   0.0340   5 9.640E+04
  0.74961  0.83685  0.27114  0.154E+00   1.09049  0.698E+15   0.0359   6 8.912E+04
  0.58557  0.83979  0.22318  0.153E+00   1.07894  0.690E+15   0.0380   7 8.221E+04
  0.48374  0.83079  0.18245  0.148E+00   1.06756  0.683E+15   0.0404   8 7.618E+04
  0.36778  0.83302  0.14519  0.145E+00   1.05515  0.675E+15   0.0431   9 6.878E+04
  0.27526  0.83446  0.11263  0.137E+00   1.04210  0.660E+15   0.0462  10 6.101E+04
  0.18835  0.84481  0.08117  0.129E+00   1.02668  0.634E+15   0.0497  11 5.068E+04
  0.11241  0.86512  0.05625  0.924E-01   1.01242  0.574E+15   0.0538  12 4.000E+04
  0.07311  0.87127  0.04291  0.617E-01   1.00519  0.518E+15   0.0587  13 3.506E+04
  0.05135  0.86792  0.03446  0.343E-01   1.00184  0.474E+15   0.0646  14 3.301E+04
  0.03753  0.85835  0.02797  0.178E-01   1.00063  0.447E+15   0.0717  15 3.231E+04
  0.02763  0.84365  0.02220  0.749E-02   1.00012  0.430E+15   0.0806  16 3.206E+04
  0.01999  0.82346  0.01699  0.397E-02   1.00001  0.420E+15   0.0921  17 3.200E+04
  0.01389  0.79630  0.01234  0.352E-02   1.00000  0.412E+15   0.1074  18 3.200E+04
  0.00905  0.75884  0.00832  0.305E-02   1.00000  0.401E+15   0.1287  19 3.200E+04
  0.00531  0.70431  0.00502  0.263E-02   1.00000  0.385E+15   0.1607  20 3.200E+04
                                         0.63920

     Scale:  L = 42.863     L+ = 43.338

               TB1 = 11183.8          Log EP0 = 38.383406
  TEMP IT no:           1

    12.4    -24.1770      0.3350   T* =  8508.7   TB = 11183.8

        XS        VS          LOG RH       TE          TR         W

        0.98     8429.12      -13.35     8220.03     9133.36    1.482
        0.94     8811.75      -13.40     8125.51     9028.34    1.302
        0.89     9230.77      -13.45     8030.99     8923.32    1.122
        0.85     9691.63      -13.49     7962.03     8846.70    0.957
        0.81    10200.93      -13.53     7883.19     8759.10    0.817
        0.77    10766.72      -13.61     7806.18     8673.53    0.691
        0.72    11398.96      -13.70     7743.29     8603.65    0.573
        0.68    12110.09      -13.82     7685.83     8539.82    0.472
        0.64    12915.85      -13.86     7611.28     8456.98    0.381
        0.60    13836.48      -13.88     7483.84     8315.37    0.300
        0.55    14898.42      -13.94     7231.12     8034.58    0.233
        0.51    16136.92      -14.39     6831.25     7590.28    0.184
        0.47    17600.00      -14.86     6406.68     7118.53    0.154
        0.43    19354.84      -15.27     6072.36     6747.07    0.132
        0.38    21498.37      -15.80     5846.66     6496.29    0.112
        0.34    24175.82      -16.55     5706.59     6340.66    0.091
        0.30    27615.06      -17.40     5616.73     6240.81    0.070
        0.26    32195.12      -18.37     5540.88     6156.53    0.051
        0.21    38596.49      -19.53     5449.08     6054.53    0.036
        0.17    48175.18      -20.95     5357.28     5952.53    0.020

         En consv. check   0.160D-13


      NPK        ABS      ESC      event      no event            out of rg

     90000     54438     35562     23250     12312         0         0


                         No. pkts   =   90000
                         Esc to inf =   35562
                         No line ev =       0
  PW(2)=    33049.748243852722       RQ(JS,5)=    33049.748243852722     
  TB=   11183.848427742814       CLP=  3.31635377786239471E-005  CL=  3.02574165655256026E-005

     JP       LP       KP        KJ         L        NUJ        BT        NPK

  1.84704  0.87626  0.61766  0.220E+00   1.16817  0.875E+15   0.0281   1 1.345E+05
  1.53309  0.87800  0.52308  0.183E+00   1.15655  0.841E+15   0.0294   2 1.246E+05
  1.29329  0.87471  0.44998  0.165E+00   1.14650  0.819E+15   0.0308   3 1.181E+05
  1.08488  0.87076  0.38993  0.156E+00   1.13723  0.811E+15   0.0323   4 1.129E+05
  0.92924  0.86078  0.33676  0.151E+00   1.12783  0.805E+15   0.0340   5 1.085E+05
  0.77978  0.85274  0.28563  0.142E+00   1.11740  0.790E+15   0.0359   6 1.030E+05
  0.65296  0.84285  0.24127  0.139E+00   1.10691  0.781E+15   0.0380   7 9.806E+04
  0.54887  0.82955  0.20683  0.126E+00   1.09759  0.769E+15   0.0404   8 9.511E+04
  0.45385  0.81623  0.17322  0.126E+00   1.08664  0.761E+15   0.0431   9 9.105E+04
  0.35824  0.80831  0.13934  0.111E+00   1.07299  0.743E+15   0.0462  10 8.428E+04
  0.25146  0.81759  0.10106  0.923E-01   1.05333  0.712E+15   0.0497  11 7.112E+04
  0.16112  0.83534  0.06980  0.735E-01   1.03396  0.672E+15   0.0538  12 5.711E+04
  0.10378  0.84570  0.05057  0.535E-01   1.02060  0.626E+15   0.0587  13 4.811E+04
  0.06639  0.85126  0.03718  0.330E-01   1.01043  0.571E+15   0.0646  14 4.151E+04
  0.04363  0.84951  0.02839  0.207E-01   1.00447  0.526E+15   0.0717  15 3.796E+04
  0.02975  0.83983  0.02192  0.117E-01   1.00139  0.488E+15   0.0806  16 3.626E+04
  0.02065  0.82224  0.01669  0.395E-02   1.00028  0.463E+15   0.0921  17 3.569E+04
  0.01414  0.79587  0.01216  0.130E-02   1.00002  0.448E+15   0.1074  18 3.557E+04
  0.00915  0.75866  0.00823  0.828E-03   1.00000  0.435E+15   0.1287  19 3.556E+04
  0.00535  0.70423  0.00499  0.643E-03   1.00000  0.418E+15   0.1607  20 3.556E+04
                                         1.09605

     Scale:  L = 42.863     L+ = 43.298

               TB1 = 10930.3          Log EP0 = 38.343577
  TEMP IT no:           2

     7.9    -24.1770      0.3672   T* =  8508.7   TB = 10930.3

        XS        VS          LOG RH       TE          TR         W

        0.98     8429.12      -13.35     9291.84    10324.26    0.839
        0.94     8811.75      -13.40     9097.36    10108.18    0.774
        0.89     9230.77      -13.45     8902.88     9892.09    0.709
        0.85     9691.63      -13.49     8793.28     9770.31    0.630
        0.81    10200.93      -13.53     8699.79     9666.44    0.557
        0.77    10766.72      -13.61     8588.16     9542.40    0.495
        0.72    11398.96      -13.70     8480.56     9422.84    0.436
        0.68    12110.09      -13.82     8381.48     9312.76    0.383
        0.64    12915.85      -13.86     8265.74     9184.16    0.332
        0.60    13836.48      -13.88     8072.83     8969.81    0.284
        0.55    14898.42      -13.94     7758.04     8620.05    0.236
        0.51    16136.92      -14.39     7337.71     8153.02    0.194
        0.47    17600.00      -14.86     6848.89     7609.88    0.164
        0.43    19354.84      -15.27     6352.47     7058.30    0.143
        0.38    21498.37      -15.80     5923.53     6581.70    0.124
        0.34    24175.82      -16.55     5592.51     6213.90    0.106
        0.30    27615.06      -17.40     5360.25     5955.84    0.087
        0.26    32195.12      -18.37     5201.82     5779.80    0.067
        0.21    38596.49      -19.53     5059.73     5621.92    0.048
        0.17    48175.18      -20.95     4917.64     5464.05    0.030

         En consv. check  -0.937D-14


      NPK        ABS      ESC      event      no event            out of rg

     90000     50636     39364     24436     14928         0         0


                         No. pkts   =   90000
                         Esc to inf =   39364
                         No line ev =       0
  PW(2)=    36766.342161307017       RQ(JS,5)=    36766.342161307017     
  TB=   10930.348781550461       CLP=  3.02574165655257754E-005  CL=  2.71987894692554509E-005

     JP       LP       KP        KJ         L        NUJ        BT        NPK

  1.71621  0.88090  0.55508  0.251E+00   1.15007  0.890E+15   0.0281   1 1.345E+05
  1.37762  0.88907  0.48074  0.239E+00   1.14107  0.879E+15   0.0294   2 1.270E+05
  1.17143  0.88452  0.41587  0.224E+00   1.13224  0.861E+15   0.0308   3 1.209E+05
  0.99363  0.87890  0.35823  0.212E+00   1.12341  0.852E+15   0.0323   4 1.151E+05
  0.83696  0.87283  0.30631  0.206E+00   1.11432  0.844E+15   0.0340   5 1.092E+05
  0.69886  0.86643  0.26203  0.197E+00   1.10550  0.836E+15   0.0359   6 1.045E+05
  0.59054  0.85587  0.22213  0.188E+00   1.09624  0.823E+15   0.0380   7 9.983E+04
  0.49871  0.84307  0.18925  0.178E+00   1.08751  0.810E+15   0.0404   8 9.620E+04
  0.40453  0.83436  0.15862  0.170E+00   1.07777  0.801E+15   0.0431   9 9.172E+04
  0.32008  0.82680  0.12791  0.157E+00   1.06574  0.786E+15   0.0462  10 8.511E+04
  0.23163  0.83030  0.09478  0.137E+00   1.04912  0.758E+15   0.0497  11 7.318E+04
  0.14990  0.84538  0.06737  0.104E+00   1.03278  0.707E+15   0.0538  12 6.038E+04
  0.10235  0.84838  0.05063  0.773E-01   1.02183  0.664E+15   0.0587  13 5.286E+04
  0.06860  0.84908  0.03824  0.494E-01   1.01290  0.615E+15   0.0646  14 4.720E+04
  0.04485  0.84774  0.02892  0.308E-01   1.00612  0.565E+15   0.0717  15 4.288E+04
  0.03039  0.83837  0.02211  0.171E-01   1.00224  0.524E+15   0.0806  16 4.057E+04
  0.02087  0.82150  0.01672  0.724E-02   1.00055  0.495E+15   0.0921  17 3.965E+04
  0.01418  0.79570  0.01215  0.187E-02   1.00007  0.476E+15   0.1074  18 3.938E+04
  0.00916  0.75853  0.00823  0.764E-03   1.00001  0.462E+15   0.1287  19 3.937E+04
  0.00535  0.70421  0.00499  0.547E-03   1.00000  0.442E+15   0.1607  20 3.936E+04
                                         1.11245

     Scale:  L = 42.863     L+ = 43.252

               TB1 = 10643.0          Log EP0 = 38.297295
  TEMP IT no:           3

     5.4    -24.1770      0.4085   T* =  8508.7   TB = 10643.0

        XS        VS          LOG RH       TE          TR         W

        0.98     8429.12      -13.35     9813.82    10904.24    0.615
        0.94     8811.75      -13.40     9651.27    10723.64    0.556
        0.89     9230.77      -13.45     9488.73    10543.03    0.498
        0.85     9691.63      -13.49     9362.38    10402.65    0.446
        0.81    10200.93      -13.53     9265.70    10295.22    0.391
        0.77    10766.72      -13.61     9161.64    10179.60    0.344
        0.72    11398.96      -13.70     9038.74    10043.05    0.305
        0.68    12110.09      -13.82     8912.85     9903.17    0.270
        0.64    12915.85      -13.86     8781.49     9757.21    0.234
        0.60    13836.48      -13.88     8588.38     9542.64    0.199
        0.55    14898.42      -13.94     8255.48     9172.76    0.168
        0.51    16136.92      -14.39     7790.83     8656.48    0.143
        0.47    17600.00      -14.86     7281.76     8090.84    0.126
        0.43    19354.84      -15.27     6761.82     7513.14    0.113
        0.38    21498.37      -15.80     6259.71     6955.24    0.102
        0.34    24175.82      -16.55     5841.90     6491.00    0.091
        0.30    27615.06      -17.40     5538.99     6154.44    0.077
        0.26    32195.12      -18.37     5327.96     5919.96    0.061
        0.21    38596.49      -19.53     5151.54     5723.93    0.045
        0.17    48175.18      -20.95     4975.12     5527.91    0.029

         En consv. check  -0.303D-14


      NPK        ABS      ESC      event      no event            out of rg

     90000     48532     41468     24823     16645         0         0


                         No. pkts   =   90000
                         Esc to inf =   41468
                         No line ev =       0
  PW(2)=    38882.608610650976       RQ(JS,5)=    38882.608610650976     
  TB=   10642.985072569389       CLP=  2.71987894692555695E-005  CL=  2.57184390587948753E-005

     JP       LP       KP        KJ         L        NUJ        BT        NPK

  1.55468  0.89209  0.52612  0.288E+00   1.13889  0.902E+15   0.0281   1 1.346E+05
  1.32065  0.88936  0.45927  0.275E+00   1.13082  0.889E+15   0.0294   2 1.284E+05
  1.10797  0.88738  0.39842  0.266E+00   1.12261  0.881E+15   0.0308   3 1.221E+05
  0.95363  0.87949  0.34586  0.253E+00   1.11464  0.870E+15   0.0323   4 1.172E+05
  0.81027  0.87217  0.29506  0.260E+00   1.10575  0.867E+15   0.0340   5 1.111E+05
  0.67025  0.86766  0.25204  0.239E+00   1.09726  0.855E+15   0.0359   6 1.061E+05
  0.54941  0.86256  0.21166  0.222E+00   1.08793  0.839E+15   0.0380   7 9.989E+04
  0.46145  0.85138  0.18005  0.222E+00   1.07963  0.841E+15   0.0404   8 9.618E+04
  0.38518  0.83849  0.15119  0.216E+00   1.07057  0.831E+15   0.0431   9 9.225E+04
  0.30380  0.83186  0.12193  0.204E+00   1.05922  0.816E+15   0.0462  10 8.549E+04
  0.21519  0.83832  0.09006  0.171E+00   1.04342  0.775E+15   0.0497  11 7.310E+04
  0.13921  0.85232  0.06452  0.140E+00   1.02856  0.729E+15   0.0538  12 6.050E+04
  0.09500  0.85509  0.04912  0.104E+00   1.01908  0.680E+15   0.0587  13 5.352E+04
  0.06615  0.85197  0.03809  0.773E-01   1.01210  0.639E+15   0.0646  14 4.910E+04
  0.04443  0.84815  0.02911  0.467E-01   1.00607  0.586E+15   0.0717  15 4.509E+04
  0.03016  0.83869  0.02223  0.221E-01   1.00226  0.541E+15   0.0806  16 4.271E+04
  0.02082  0.82145  0.01679  0.107E-01   1.00058  0.513E+15   0.0921  17 4.176E+04
  0.01415  0.79569  0.01220  0.283E-02   1.00014  0.492E+15   0.1074  18 4.152E+04
  0.00914  0.75861  0.00825  0.967E-03   1.00003  0.476E+15   0.1287  19 4.147E+04
  0.00535  0.70422  0.00499  0.585E-03   1.00000  0.457E+15   0.1607  20 4.147E+04
                                         1.05756

     Scale:  L = 42.863     L+ = 43.227

               TB1 = 10495.1          Log EP0 = 38.272990
  TEMP IT no:           4

     3.6    -24.1770      0.4320   T* =  8508.7   TB = 10495.1

        XS        VS          LOG RH       TE          TR         W

        0.98     8429.12      -13.35    10047.81    11164.23    0.520
        0.94     8811.75      -13.40     9921.31    11023.68    0.469
        0.89     9230.77      -13.45     9794.82    10883.14    0.418
        0.85     9691.63      -13.49     9690.94    10767.72    0.372
        0.81    10200.93      -13.53     9602.86    10669.85    0.327
        0.77    10766.72      -13.61     9486.44    10540.49    0.285
        0.72    11398.96      -13.70     9366.49    10407.21    0.248
        0.68    12110.09      -13.82     9284.57    10316.19    0.214
        0.64    12915.85      -13.86     9177.37    10197.07    0.185
        0.60    13836.48      -13.88     8955.01     9950.01    0.159
        0.55    14898.42      -13.94     8574.58     9527.31    0.135
        0.51    16136.92      -14.39     8083.37     8981.52    0.115
        0.47    17600.00      -14.86     7567.49     8408.33    0.101
        0.43    19354.84      -15.27     7049.63     7832.92    0.092
        0.38    21498.37      -15.80     6525.00     7250.00    0.085
        0.34    24175.82      -16.55     6063.53     6737.26    0.078
        0.30    27615.06      -17.40     5729.31     6365.91    0.067
        0.26    32195.12      -18.37     5493.39     6103.77    0.054
        0.21    38596.49      -19.53     5296.50     5885.01    0.040
        0.17    48175.18      -20.95     5099.62     5666.24    0.027

         En consv. check   0.769D-14


      NPK        ABS      ESC      event      no event            out of rg

     90000     47379     42621     24564     18057         0         0


                         No. pkts   =   90000
                         Esc to inf =   42621
                         No line ev =       0
  PW(2)=    40076.687305520849       RQ(JS,5)=    40076.687305520849     
  TB=   10495.115217753391       CLP=  2.57184390587949770E-005  CL=  2.49521621479488604E-005

     JP       LP       KP        KJ         L        NUJ        BT        NPK

  1.52568  0.89032  0.50566  0.295E+00   1.13130  0.900E+15   0.0281   1 1.336E+05
  1.27167  0.89100  0.44328  0.283E+00   1.12374  0.892E+15   0.0294   2 1.278E+05
  1.07913  0.88718  0.38544  0.282E+00   1.11596  0.889E+15   0.0308   3 1.218E+05
  0.90519  0.88384  0.33232  0.270E+00   1.10792  0.874E+15   0.0323   4 1.158E+05
  0.76619  0.87748  0.28504  0.267E+00   1.09979  0.871E+15   0.0340   5 1.104E+05
  0.64266  0.87092  0.24312  0.261E+00   1.09158  0.865E+15   0.0359   6 1.052E+05
  0.53223  0.86442  0.20538  0.254E+00   1.08296  0.858E+15   0.0380   7 1.000E+05
  0.44248  0.85518  0.17421  0.245E+00   1.07479  0.850E+15   0.0404   8 9.594E+04
  0.36461  0.84480  0.14759  0.243E+00   1.06666  0.845E+15   0.0431   9 9.226E+04
  0.29062  0.83670  0.11938  0.232E+00   1.05588  0.833E+15   0.0462  10 8.574E+04
  0.20796  0.84141  0.08874  0.204E+00   1.04097  0.797E+15   0.0497  11 7.386E+04
  0.13420  0.85522  0.06315  0.164E+00   1.02620  0.741E+15   0.0538  12 6.071E+04
  0.09088  0.85866  0.04845  0.124E+00   1.01753  0.691E+15   0.0587  13 5.407E+04
  0.06492  0.85317  0.03792  0.918E-01   1.01130  0.653E+15   0.0646  14 5.000E+04
  0.04454  0.84751  0.02920  0.587E-01   1.00583  0.604E+15   0.0717  15 4.643E+04
  0.02978  0.83944  0.02226  0.289E-01   1.00204  0.550E+15   0.0806  16 4.380E+04
  0.02066  0.82187  0.01684  0.100E-01   1.00057  0.519E+15   0.0921  17 4.292E+04
  0.01412  0.79572  0.01222  0.429E-02   1.00011  0.501E+15   0.1074  18 4.267E+04
  0.00914  0.75845  0.00826  0.165E-02   1.00003  0.486E+15   0.1287  19 4.263E+04
  0.00534  0.70424  0.00500  0.134E-02   1.00000  0.465E+15   0.1607  20 4.262E+04
                                         1.03071

     Scale:  L = 42.863     L+ = 43.214

               TB1 = 10416.1          Log EP0 = 38.259853
  TEMP IT no:           5

     2.1    -24.1770      0.4453   T* =  8508.7   TB = 10416.1

        XS        VS          LOG RH       TE          TR         W

        0.98     8429.12      -13.35    10116.44    11240.48    0.493
        0.94     8811.75      -13.40    10023.33    11137.04    0.437
        0.89     9230.77      -13.45     9930.23    11033.59    0.382
        0.85     9691.63      -13.49     9829.47    10921.64    0.336
        0.81    10200.93      -13.53     9747.04    10830.04    0.293
        0.77    10766.72      -13.61     9668.11    10742.35    0.254
        0.72    11398.96      -13.70     9578.63    10642.92    0.219
        0.68    12110.09      -13.82     9494.97    10549.96    0.188
        0.64    12915.85      -13.86     9398.80    10443.11    0.160
        0.60    13836.48      -13.88     9202.15    10224.61    0.137
        0.55    14898.42      -13.94     8814.89     9794.32    0.117
        0.51    16136.92      -14.39     8281.68     9201.87    0.100
        0.47    17600.00      -14.86     7745.29     8605.88    0.089
        0.43    19354.84      -15.27     7244.54     8049.49    0.081
        0.38    21498.37      -15.80     6718.20     7464.67    0.075
        0.34    24175.82      -16.55     6214.88     6905.42    0.070
        0.30    27615.06      -17.40     5849.24     6499.16    0.061
        0.26    32195.12      -18.37     5612.46     6236.07    0.049
        0.21    38596.49      -19.53     5414.19     6015.77    0.037
        0.17    48175.18      -20.95     5215.92     5795.47    0.024

         En consv. check   0.152D-15


      NPK        ABS      ESC      event      no event            out of rg

     90000     46753     43247     24265     18982         0         0


                         No. pkts   =   90000
                         Esc to inf =   43247
                         No line ev =       0
  PW(2)=    40780.488696977489       RQ(JS,5)=    40780.488696977489     
  TB=   10416.051179941465       CLP=  2.49521621479489350E-005  CL=  2.45215305640541924E-005

     JP       LP       KP        KJ         L        NUJ        BT        NPK

  1.47268  0.89193  0.49746  0.306E+00   1.12571  0.904E+15   0.0281   1 1.337E+05
  1.25354  0.88899  0.43596  0.304E+00   1.11830  0.901E+15   0.0294   2 1.278E+05
  1.05254  0.88699  0.37785  0.288E+00   1.11048  0.889E+15   0.0308   3 1.215E+05
  0.89141  0.88212  0.32646  0.280E+00   1.10268  0.881E+15   0.0323   4 1.156E+05
  0.75496  0.87575  0.27913  0.267E+00   1.09448  0.869E+15   0.0340   5 1.098E+05
  0.63150  0.86969  0.23802  0.271E+00   1.08636  0.870E+15   0.0359   6 1.047E+05
  0.51331  0.86618  0.20090  0.260E+00   1.07792  0.856E+15   0.0380   7 9.904E+04
  0.42654  0.85738  0.16831  0.251E+00   1.06936  0.852E+15   0.0404   8 9.383E+04
  0.34603  0.84976  0.14092  0.247E+00   1.06094  0.845E+15   0.0431   9 8.925E+04
  0.27744  0.84122  0.11563  0.236E+00   1.05161  0.831E+15   0.0462  10 8.409E+04
  0.20027  0.84451  0.08642  0.218E+00   1.03757  0.805E+15   0.0497  11 7.266E+04
  0.12998  0.85708  0.06223  0.170E+00   1.02382  0.741E+15   0.0538  12 6.035E+04
  0.08815  0.86030  0.04738  0.130E+00   1.01509  0.693E+15   0.0587  13 5.321E+04
  0.06112  0.85771  0.03716  0.927E-01   1.00937  0.645E+15   0.0646  14 4.928E+04
  0.04273  0.85055  0.02900  0.653E-01   1.00495  0.603E+15   0.0717  15 4.638E+04
  0.02967  0.83942  0.02235  0.354E-01   1.00195  0.562E+15   0.0806  16 4.446E+04
  0.02059  0.82189  0.01689  0.141E-01   1.00050  0.530E+15   0.0921  17 4.354E+04
  0.01406  0.79590  0.01224  0.485E-02   1.00006  0.510E+15   0.1074  18 4.327E+04
  0.00911  0.75869  0.00827  0.318E-02   1.00001  0.494E+15   0.1287  19 4.325E+04
  0.00533  0.70425  0.00500  0.251E-02   1.00000  0.474E+15   0.1607  20 4.325E+04
                                         1.01756

     Scale:  L = 42.863     L+ = 43.207

               TB1 = 10370.8          Log EP0 = 38.252293
  TEMP IT no:           6

     1.0    -24.1770      0.4531   T* =  8508.7   TB = 10370.8

        XS        VS          LOG RH       TE          TR         W

        0.98     8429.12      -13.35    10191.74    11324.15    0.467
        0.94     8811.75      -13.40    10095.37    11217.08    0.416
        0.89     9230.77      -13.45     9999.00    11110.01    0.364
        0.85     9691.63      -13.49     9893.19    10992.43    0.321
        0.81    10200.93      -13.53     9807.31    10897.02    0.281
        0.77    10766.72      -13.61     9735.10    10816.78    0.242
        0.72    11398.96      -13.70     9647.07    10718.96    0.206
        0.68    12110.09      -13.82     9562.79    10625.32    0.176
        0.64    12915.85      -13.86     9464.05    10515.61    0.149
        0.60    13836.48      -13.88     9278.71    10309.68    0.126
        0.55    14898.42      -13.94     8911.52     9901.69    0.107
        0.51    16136.92      -14.39     8365.18     9294.64    0.093
        0.47    17600.00      -14.86     7795.37     8661.53    0.083
        0.43    19354.84      -15.27     7271.62     8079.58    0.076
        0.38    21498.37      -15.80     6776.62     7529.58    0.070
        0.34    24175.82      -16.55     6327.14     7030.15    0.064
        0.30    27615.06      -17.40     5969.28     6632.53    0.056
        0.26    32195.12      -18.37     5717.49     6352.77    0.045
        0.21    38596.49      -19.53     5514.67     6127.41    0.034
        0.17    48175.18      -20.95     5311.85     5902.05    0.023

         En consv. check  -0.599D-14


      NPK        ABS      ESC      event      no event            out of rg

     90000     46787     43213     23934     19279         0         0


                         No. pkts   =   90000
                         Esc to inf =   43213
                         No line ev =       0
  PW(2)=    40788.008521726973       RQ(JS,5)=    40788.008521726973     
  TB=   10370.816565152123       CLP=  2.45215305640542331E-005  CL=  2.45170096860041511E-005

     JP       LP       KP        KJ         L        NUJ        BT        NPK

  1.48281  0.88943  0.49677  0.308E+00   1.12432  0.902E+15   0.0281   1 1.337E+05
  1.23890  0.88964  0.43504  0.301E+00   1.11686  0.898E+15   0.0294   2 1.275E+05
  1.05888  0.88472  0.37728  0.292E+00   1.10910  0.886E+15   0.0308   3 1.214E+05
  0.88342  0.88230  0.32536  0.282E+00   1.10123  0.874E+15   0.0323   4 1.153E+05
  0.74572  0.87650  0.27788  0.277E+00   1.09305  0.871E+15   0.0340   5 1.096E+05
  0.61969  0.87152  0.23575  0.277E+00   1.08474  0.870E+15   0.0359   6 1.035E+05
  0.51110  0.86586  0.19993  0.274E+00   1.07667  0.869E+15   0.0380   7 9.862E+04
  0.42051  0.85863  0.16827  0.263E+00   1.06850  0.855E+15   0.0404   8 9.366E+04
  0.34769  0.84831  0.14214  0.257E+00   1.06071  0.852E+15   0.0431   9 9.003E+04
  0.27699  0.84069  0.11476  0.256E+00   1.05039  0.842E+15   0.0462  10 8.337E+04
  0.19759  0.84570  0.08561  0.223E+00   1.03649  0.804E+15   0.0497  11 7.186E+04
  0.12649  0.85964  0.06205  0.174E+00   1.02336  0.744E+15   0.0538  12 5.986E+04
  0.08928  0.85879  0.04785  0.144E+00   1.01529  0.704E+15   0.0587  13 5.373E+04
  0.06102  0.85750  0.03732  0.999E-01   1.00924  0.648E+15   0.0646  14 4.940E+04
  0.04250  0.85077  0.02903  0.646E-01   1.00479  0.601E+15   0.0717  15 4.626E+04
  0.02949  0.83974  0.02236  0.362E-01   1.00181  0.559E+15   0.0806  16 4.430E+04
  0.02052  0.82210  0.01691  0.133E-01   1.00049  0.527E+15   0.0921  17 4.346E+04
  0.01405  0.79585  0.01226  0.602E-02   1.00010  0.508E+15   0.1074  18 4.325E+04
  0.00910  0.75868  0.00828  0.349E-02   1.00001  0.493E+15   0.1287  19 4.322E+04
  0.00533  0.70426  0.00501  0.252E-02   1.00000  0.473E+15   0.1607  20 4.321E+04
                                         1.00018

     Scale:  L = 42.863     L+ = 43.206

               TB1 = 10370.3          Log EP0 = 38.252212
  TEMP IT no:           7

     0.4    -24.1770      0.4532   T* =  8508.7   TB = 10370.3

        XS        VS          LOG RH       TE          TR         W

        0.98     8429.12      -13.35    10210.22    11344.69    0.462
        0.94     8811.75      -13.40    10099.34    11221.48    0.414
        0.89     9230.77      -13.45     9988.45    11098.28    0.365
        0.85     9691.63      -13.49     9883.06    10981.17    0.321
        0.81    10200.93      -13.53     9821.87    10913.19    0.276
        0.77    10766.72      -13.61     9785.23    10872.47    0.234
        0.72    11398.96      -13.70     9725.07    10805.63    0.198
        0.68    12110.09      -13.82     9635.74    10706.37    0.169
        0.64    12915.85      -13.86     9540.56    10600.62    0.144
        0.60    13836.48      -13.88     9355.80    10395.33    0.122
        0.55    14898.42      -13.94     8959.12     9954.58    0.104
        0.51    16136.92      -14.39     8418.51     9353.90    0.090
        0.47    17600.00      -14.86     7866.58     8740.64    0.080
        0.43    19354.84      -15.27     7315.28     8128.09    0.074
        0.38    21498.37      -15.80     6789.03     7543.36    0.069
        0.34    24175.82      -16.55     6336.43     7040.48    0.063
        0.30    27615.06      -17.40     5984.14     6649.05    0.055
        0.26    32195.12      -18.37     5735.68     6372.98    0.045
        0.21    38596.49      -19.53     5532.26     6146.96    0.034
        0.17    48175.18      -20.95     5328.84     5920.94    0.022

         En consv. check  -0.717D-15


      NPK        ABS      ESC      event      no event            out of rg

     90000     46515     43485     24057     19428         0         0


                         No. pkts   =   90000
                         Esc to inf =   43485
                         No line ev =       0
  PW(2)=    41041.729110582033       RQ(JS,5)=    41041.836596139008     
  TB=   10370.338531790099       CLP=  2.45170096860042528E-005  CL=  2.43653813507477039E-005

     JP       LP       KP        KJ         L        NUJ        BT        NPK

  1.45995  0.89172  0.49414  0.303E+00   1.12362  0.900E+15   0.0281   1 1.333E+05
  1.22480  0.89123  0.43215  0.307E+00   1.11617  0.901E+15   0.0294   2 1.270E+05
  1.04714  0.88631  0.37621  0.299E+00   1.10872  0.895E+15   0.0308   3 1.216E+05
  0.89412  0.88021  0.32612  0.288E+00   1.10118  0.884E+15   0.0323   4 1.162E+05
  0.74289  0.87694  0.27833  0.283E+00   1.09299  0.880E+15   0.0340   5 1.100E+05
  0.61580  0.87235  0.23375  0.275E+00   1.08413  0.869E+15   0.0359   6 1.029E+05
  0.50458  0.86779  0.19649  0.276E+00   1.07571  0.874E+15   0.0380   7 9.711E+04
  0.41900  0.85920  0.16727  0.268E+00   1.06820  0.860E+15   0.0404   8 9.362E+04
  0.34100  0.85123  0.13915  0.257E+00   1.05955  0.847E+15   0.0431   9 8.850E+04
  0.27522  0.84186  0.11451  0.246E+00   1.05050  0.837E+15   0.0462  10 8.354E+04
  0.19690  0.84634  0.08563  0.216E+00   1.03670  0.801E+15   0.0497  11 7.224E+04
  0.12971  0.85708  0.06219  0.178E+00   1.02357  0.751E+15   0.0538  12 6.051E+04
  0.08790  0.86032  0.04787  0.140E+00   1.01537  0.701E+15   0.0587  13 5.408E+04
  0.06144  0.85699  0.03737  0.102E+00   1.00940  0.652E+15   0.0646  14 4.975E+04
  0.04216  0.85145  0.02905  0.614E-01   1.00483  0.600E+15   0.0717  15 4.658E+04
  0.02942  0.83995  0.02236  0.347E-01   1.00182  0.558E+15   0.0806  16 4.460E+04
  0.02054  0.82199  0.01692  0.146E-01   1.00053  0.529E+15   0.0921  17 4.378E+04
  0.01404  0.79592  0.01226  0.542E-02   1.00008  0.510E+15   0.1074  18 4.352E+04
  0.00910  0.75870  0.00828  0.335E-02   1.00001  0.494E+15   0.1287  19 4.349E+04
  0.00533  0.70426  0.00501  0.256E-02   1.00000  0.474E+15   0.1607  20 4.348E+04
                                         1.00622

     Scale:  L = 42.863     L+ = 43.204

               TB1 = 10354.3          Log EP0 = 38.249519
  TEMP IT no:           8

     0.3    -24.1770      0.4560   T* =  8508.7   TB = 10354.3

        XS        VS          LOG RH       TE          TR         W

        0.98     8429.12      -13.35    10200.72    11334.13    0.455
        0.94     8811.75      -13.40    10123.22    11248.02    0.405
        0.89     9230.77      -13.45    10045.73    11161.92    0.355
        0.85     9691.63      -13.49     9954.60    11060.67    0.313
        0.81    10200.93      -13.53     9875.87    10973.18    0.270
        0.77    10766.72      -13.61     9820.12    10911.25    0.229
        0.72    11398.96      -13.70     9772.75    10858.61    0.192
        0.68    12110.09      -13.82     9678.13    10753.48    0.164
        0.64    12915.85      -13.86     9545.86    10606.51    0.142
        0.60    13836.48      -13.88     9344.39    10382.65    0.121
        0.55    14898.42      -13.94     8969.79     9966.43    0.103
        0.51    16136.92      -14.39     8452.06     9391.18    0.089
        0.47    17600.00      -14.86     7894.71     8771.90    0.079
        0.43    19354.84      -15.27     7334.34     8149.26    0.073
        0.38    21498.37      -15.80     6795.27     7550.30    0.069
        0.34    24175.82      -16.55     6338.24     7042.49    0.063
        0.30    27615.06      -17.40     5997.86     6664.29    0.055
        0.26    32195.12      -18.37     5754.29     6393.66    0.044
        0.21    38596.49      -19.53     5551.54     6168.37    0.033
        0.17    48175.18      -20.95     5348.78     5943.09    0.022

         En consv. check  -0.592D-14


      NPK        ABS      ESC      event      no event            out of rg

     90000     46557     43443     24027     19416         0         0


                         No. pkts   =   90000
                         Esc to inf =   43443
                         No line ev =       0
  PW(2)=    41005.586653889193       RQ(JS,5)=    41005.586653889193     
  TB=   10354.269098795598       CLP=  2.43654004941282662E-005  CL=  2.43869209442258884E-005

     JP       LP       KP        KJ         L        NUJ        BT        NPK

  1.45576  0.89190  0.49450  0.303E+00   1.12334  0.897E+15   0.0281   1 1.334E+05
  1.24576  0.88806  0.43496  0.304E+00   1.11618  0.897E+15   0.0294   2 1.279E+05
  1.05185  0.88514  0.37666  0.292E+00   1.10833  0.888E+15   0.0308   3 1.216E+05
  0.89672  0.87925  0.32434  0.289E+00   1.10037  0.885E+15   0.0323   4 1.158E+05
  0.73795  0.87747  0.27465  0.279E+00   1.09173  0.870E+15   0.0340   5 1.088E+05
  0.61436  0.87232  0.23223  0.273E+00   1.08337  0.867E+15   0.0359   6 1.026E+05
  0.50164  0.86823  0.19697  0.272E+00   1.07543  0.863E+15   0.0380   7 9.753E+04
  0.41538  0.86014  0.16574  0.263E+00   1.06735  0.857E+15   0.0404   8 9.274E+04
  0.34342  0.84991  0.14023  0.257E+00   1.05970  0.849E+15   0.0431   9 8.917E+04
  0.27199  0.84324  0.11370  0.250E+00   1.04979  0.836E+15   0.0462  10 8.293E+04
  0.19472  0.84757  0.08516  0.221E+00   1.03621  0.802E+15   0.0497  11 7.167E+04
  0.12702  0.85931  0.06168  0.183E+00   1.02316  0.752E+15   0.0538  12 5.992E+04
  0.08829  0.86003  0.04774  0.145E+00   1.01535  0.707E+15   0.0587  13 5.383E+04
  0.06303  0.85476  0.03755  0.119E+00   1.00969  0.671E+15   0.0646  14 4.997E+04
  0.04265  0.85050  0.02908  0.696E-01   1.00490  0.607E+15   0.0717  15 4.662E+04
  0.02958  0.83947  0.02237  0.372E-01   1.00181  0.563E+15   0.0806  16 4.459E+04
  0.02051  0.82209  0.01691  0.135E-01   1.00044  0.530E+15   0.0921  17 4.371E+04
  0.01404  0.79592  0.01226  0.493E-02   1.00008  0.511E+15   0.1074  18 4.348E+04
  0.00909  0.75871  0.00828  0.320E-02   1.00000  0.495E+15   0.1287  19 4.344E+04
  0.00533  0.70426  0.00501  0.243E-02   1.00000  0.475E+15   0.1607  20 4.344E+04
                                         0.99912

     Scale:  L = 42.863     L+ = 43.204

               TB1 = 10356.6          Log EP0 = 38.249902
  TEMP IT no:           9

     0.4    -24.1770      0.4556   T* =  8508.7   TB = 10356.6

        XS        VS          LOG RH       TE          TR         W

        0.98     8429.12      -13.35    10166.43    11296.03    0.465
        0.94     8811.75      -13.40    10099.19    11221.32    0.412
        0.89     9230.77      -13.45    10031.94    11146.60    0.360
        0.85     9691.63      -13.49     9946.25    11051.39    0.314
        0.81    10200.93      -13.53     9852.12    10946.80    0.272
        0.77    10766.72      -13.61     9783.97    10871.07    0.231
        0.72    11398.96      -13.70     9732.37    10813.75    0.194
        0.68    12110.09      -13.82     9658.24    10731.38    0.165
        0.64    12915.85      -13.86     9546.75    10607.50    0.142
        0.60    13836.48      -13.88     9344.20    10382.44    0.121
        0.55    14898.42      -13.94     8975.17     9972.41    0.102
        0.51    16136.92      -14.39     8474.88     9416.54    0.087
        0.47    17600.00      -14.86     7964.45     8849.38    0.076
        0.43    19354.84      -15.27     7441.42     8268.24    0.070
        0.38    21498.37      -15.80     6874.33     7638.15    0.067
        0.34    24175.82      -16.55     6376.35     7084.83    0.062
        0.30    27615.06      -17.40     6018.35     6687.05    0.054
        0.26    32195.12      -18.37     5768.39     6409.32    0.044
        0.21    38596.49      -19.53     5565.40     6183.78    0.033
        0.17    48175.18      -20.95     5362.41     5958.23    0.022

         En consv. check  -0.870D-14


      NPK        ABS      ESC      event      no event            out of rg

     90000     46534     43466     24053     19413         0         0


                         No. pkts   =   90000
                         Esc to inf =   43466
                         No line ev =       0
  PW(2)=    41061.105843613746       RQ(JS,5)=    41061.105843613746     
  TB=   10356.554663171000       CLP=  2.43869209442259257E-005  CL=  2.43539471101587618E-005

     JP       LP       KP        KJ         L        NUJ        BT        NPK

  1.46056  0.89028  0.49470  0.305E+00   1.12231  0.899E+15   0.0281   1 1.339E+05
  1.24449  0.88718  0.43153  0.309E+00   1.11468  0.902E+15   0.0294   2 1.273E+05
  1.06648  0.88189  0.37700  0.302E+00   1.10739  0.901E+15   0.0308   3 1.222E+05
  0.88674  0.88007  0.32421  0.291E+00   1.09938  0.883E+15   0.0323   4 1.157E+05
  0.73801  0.87650  0.27663  0.286E+00   1.09118  0.879E+15   0.0340   5 1.095E+05
  0.62086  0.86964  0.23449  0.278E+00   1.08284  0.867E+15   0.0359   6 1.037E+05
  0.51125  0.86429  0.19748  0.267E+00   1.07443  0.861E+15   0.0380   7 9.787E+04
  0.42160  0.85673  0.16670  0.266E+00   1.06642  0.858E+15   0.0404   8 9.345E+04
  0.34539  0.84777  0.14058  0.262E+00   1.05853  0.855E+15   0.0431   9 8.954E+04
  0.26763  0.84432  0.11218  0.244E+00   1.04781  0.834E+15   0.0462  10 8.189E+04
  0.19568  0.84592  0.08413  0.225E+00   1.03450  0.805E+15   0.0497  11 7.100E+04
  0.12496  0.86004  0.06072  0.177E+00   1.02139  0.745E+15   0.0538  12 5.888E+04
  0.08451  0.86336  0.04671  0.132E+00   1.01355  0.688E+15   0.0587  13 5.245E+04
  0.05976  0.85906  0.03716  0.101E+00   1.00879  0.650E+15   0.0646  14 4.923E+04
  0.04214  0.85132  0.02893  0.641E-01   1.00442  0.603E+15   0.0717  15 4.631E+04
  0.02939  0.83994  0.02237  0.352E-01   1.00176  0.562E+15   0.0806  16 4.453E+04
  0.02055  0.82188  0.01693  0.182E-01   1.00049  0.535E+15   0.0921  17 4.374E+04
  0.01404  0.79588  0.01227  0.745E-02   1.00009  0.514E+15   0.1074  18 4.350E+04
  0.00910  0.75867  0.00828  0.383E-02   1.00003  0.498E+15   0.1287  19 4.347E+04
  0.00533  0.70426  0.00501  0.287E-02   1.00000  0.478E+15   0.1607  20 4.347E+04
                                         1.00135

     Scale:  L = 42.863     L+ = 43.204

               TB1 = 10353.1          Log EP0 = 38.249314
  TEMP IT no:          10

     0.4    -24.1770      0.4562   T* =  8508.7   TB = 10353.1

        XS        VS          LOG RH       TE          TR         W

        0.98     8429.12      -13.35    10196.81    11329.79    0.462
        0.94     8811.75      -13.40    10139.90    11266.56    0.408
        0.89     9230.77      -13.45    10083.00    11203.33    0.354
        0.85     9691.63      -13.49     9976.87    11085.41    0.309
        0.81    10200.93      -13.53     9878.67    10976.30    0.269
        0.77    10766.72      -13.61     9791.69    10879.65    0.232
        0.72    11398.96      -13.70     9718.60    10798.45    0.199
        0.68    12110.09      -13.82     9663.12    10736.80    0.167
        0.64    12915.85      -13.86     9565.52    10628.36    0.141
        0.60    13836.48      -13.88     9352.93    10392.14    0.119
        0.55    14898.42      -13.94     8971.00     9967.78    0.101
        0.51    16136.92      -14.39     8424.45     9360.50    0.087
        0.47    17600.00      -14.86     7852.36     8724.85    0.078
        0.43    19354.84      -15.27     7338.38     8153.75    0.071
        0.38    21498.37      -15.80     6837.88     7597.65    0.067
        0.34    24175.82      -16.55     6387.13     7096.81    0.061
        0.30    27615.06      -17.40     6048.36     6720.40    0.053
        0.26    32195.12      -18.37     5801.96     6446.63    0.043
        0.21    38596.49      -19.53     5593.78     6215.31    0.032
        0.17    48175.18      -20.95     5385.59     5983.99    0.021

         En consv. check  -0.107D-13


      NPK        ABS      ESC      event      no event            out of rg

     90000     46391     43609     23979     19630         0         0


                         No. pkts   =   90000
                         Esc to inf =   43609
                         No line ev =       0
  PW(2)=    41183.929198969039       RQ(JS,5)=    41183.929198969039     
  TB=   10353.052082783332       CLP=  2.43539471101588668E-005  CL=  2.42813160242377541E-005

     JP       LP       KP        KJ         L        NUJ        BT        NPK

  1.45577  0.89137  0.48828  0.302E+00   1.12209  0.899E+15   0.0281   1 1.327E+05
  1.24644  0.88748  0.43375  0.309E+00   1.11553  0.905E+15   0.0294   2 1.286E+05
  1.05913  0.88352  0.37793  0.304E+00   1.10803  0.901E+15   0.0308   3 1.229E+05
  0.89470  0.87917  0.32339  0.289E+00   1.09976  0.885E+15   0.0323   4 1.159E+05
  0.74677  0.87519  0.27605  0.287E+00   1.09157  0.878E+15   0.0340   5 1.098E+05
  0.61516  0.87153  0.23426  0.279E+00   1.08328  0.870E+15   0.0359   6 1.040E+05
  0.50029  0.86801  0.19542  0.272E+00   1.07437  0.860E+15   0.0380   7 9.736E+04
  0.41574  0.85937  0.16571  0.268E+00   1.06669  0.857E+15   0.0404   8 9.321E+04
  0.33925  0.85107  0.13906  0.258E+00   1.05860  0.851E+15   0.0431   9 8.908E+04
  0.27321  0.84208  0.11266  0.246E+00   1.04871  0.833E+15   0.0462  10 8.285E+04
  0.19721  0.84548  0.08441  0.219E+00   1.03524  0.799E+15   0.0497  11 7.156E+04
  0.12579  0.85978  0.06124  0.170E+00   1.02225  0.741E+15   0.0538  12 5.982E+04
  0.08672  0.86121  0.04707  0.134E+00   1.01415  0.694E+15   0.0587  13 5.338E+04
  0.06028  0.85834  0.03687  0.901E-01   1.00839  0.642E+15   0.0646  14 4.920E+04
  0.04215  0.85129  0.02888  0.623E-01   1.00432  0.599E+15   0.0717  15 4.647E+04
  0.02932  0.84013  0.02231  0.331E-01   1.00162  0.557E+15   0.0806  16 4.463E+04
  0.02045  0.82233  0.01690  0.120E-01   1.00041  0.527E+15   0.0921  17 4.383E+04
  0.01404  0.79588  0.01226  0.498E-02   1.00009  0.510E+15   0.1074  18 4.365E+04
  0.00910  0.75872  0.00828  0.331E-02   1.00001  0.494E+15   0.1287  19 4.361E+04
  0.00533  0.70426  0.00501  0.253E-02   1.00000  0.474E+15   0.1607  20 4.361E+04
                                         1.00299

     Scale:  L = 42.863     L+ = 43.202

               TB1 = 10345.3          Log EP0 = 38.248017
  TEMP IT no:          11

     0.3    -24.1770      0.4576   T* =  8508.7   TB = 10345.3

        XS        VS          LOG RH       TE          TR         W

        0.98     8429.12      -13.35    10217.55    11352.83    0.457
        0.94     8811.75      -13.40    10161.15    11290.17    0.404
        0.89     9230.77      -13.45    10104.76    11227.51    0.350
        0.85     9691.63      -13.49     9993.70    11104.11    0.309
        0.81    10200.93      -13.53     9891.20    10990.22    0.269
        0.77    10766.72      -13.61     9800.75    10889.72    0.230
        0.72    11398.96      -13.70     9718.06    10797.85    0.195
        0.68    12110.09      -13.82     9652.52    10725.03    0.165
        0.64    12915.85      -13.86     9551.99    10613.33    0.141
        0.60    13836.48      -13.88     9335.62    10372.91    0.121
        0.55    14898.42      -13.94     8937.92     9931.02    0.104
        0.51    16136.92      -14.39     8394.75     9327.50    0.090
        0.47    17600.00      -14.86     7826.35     8695.95    0.080
        0.43    19354.84      -15.27     7285.61     8095.12    0.074
        0.38    21498.37      -15.80     6782.46     7536.07    0.069
        0.34    24175.82      -16.55     6342.67     7047.41    0.063
        0.30    27615.06      -17.40     6005.09     6672.33    0.054
        0.26    32195.12      -18.37     5769.54     6410.59    0.044
        0.21    38596.49      -19.53     5569.55     6188.39    0.033
        0.17    48175.18      -20.95     5369.56     5966.18    0.022

         En consv. check   0.110D-13


      NPK        ABS      ESC      event      no event            out of rg

     90000     46671     43329     23863     19466         0         0


                         No. pkts   =   90000
                         Esc to inf =   43329
                         No line ev =       0
  PW(2)=    40887.595421699414       RQ(JS,5)=    40887.595421699414     
  TB=   10345.324425352079       CLP=  2.42813160242377779E-005  CL=  2.44572954140827527E-005

     JP       LP       KP        KJ         L        NUJ        BT        NPK

  1.46025  0.89255  0.49597  0.303E+00   1.12469  0.898E+15   0.0281   1 1.333E+05
  1.24382  0.88949  0.43665  0.310E+00   1.11759  0.903E+15   0.0294   2 1.282E+05
  1.05152  0.88637  0.37920  0.301E+00   1.10991  0.897E+15   0.0308   3 1.222E+05
  0.88984  0.88162  0.32676  0.285E+00   1.10195  0.882E+15   0.0323   4 1.162E+05
  0.75159  0.87570  0.27995  0.289E+00   1.09390  0.883E+15   0.0340   5 1.106E+05
  0.61880  0.87215  0.23607  0.277E+00   1.08524  0.869E+15   0.0359   6 1.040E+05
  0.50711  0.86743  0.19952  0.269E+00   1.07697  0.860E+15   0.0380   7 9.858E+04
  0.42272  0.85819  0.16818  0.261E+00   1.06880  0.853E+15   0.0404   8 9.403E+04
  0.35040  0.84741  0.14242  0.262E+00   1.06107  0.854E+15   0.0431   9 9.047E+04
  0.28401  0.83724  0.11577  0.252E+00   1.05110  0.840E+15   0.0462  10 8.457E+04
  0.19785  0.84554  0.08606  0.226E+00   1.03679  0.804E+15   0.0497  11 7.242E+04
  0.12880  0.85764  0.06206  0.180E+00   1.02327  0.749E+15   0.0538  12 6.031E+04
  0.08799  0.86005  0.04761  0.129E+00   1.01492  0.690E+15   0.0587  13 5.355E+04
  0.06089  0.85759  0.03718  0.952E-01   1.00895  0.645E+15   0.0646  14 4.926E+04
  0.04240  0.85087  0.02895  0.635E-01   1.00453  0.598E+15   0.0717  15 4.631E+04
  0.02956  0.83948  0.02235  0.359E-01   1.00171  0.559E+15   0.0806  16 4.445E+04
  0.02045  0.82230  0.01690  0.118E-01   1.00041  0.524E+15   0.0921  17 4.355E+04
  0.01404  0.79589  0.01226  0.464E-02   1.00006  0.508E+15   0.1074  18 4.336E+04
  0.00909  0.75871  0.00828  0.275E-02   1.00000  0.492E+15   0.1287  19 4.333E+04
  0.00533  0.70426  0.00501  0.221E-02   1.00000  0.472E+15   0.1607  20 4.333E+04
                                         0.99280

     Scale:  L = 42.863     L+ = 43.205

               TB1 = 10364.0          Log EP0 = 38.251153
  TEMP IT no:          30

     0.2    -24.1770      0.4543   T* =  8508.7   TB = 10364.0

        XS        VS          LOG RH       TE          TR         W

        0.98     8429.12      -13.35    10213.23    11348.03    0.459
        0.94     8811.75      -13.40    10149.99    11277.76    0.405
        0.89     9230.77      -13.45    10086.74    11207.49    0.351
        0.85     9691.63      -13.49     9990.29    11100.33    0.308
        0.81    10200.93      -13.53     9905.55    11006.16    0.268
        0.77    10766.72      -13.61     9804.77    10894.19    0.231
        0.72    11398.96      -13.70     9704.07    10782.30    0.199
        0.68    12110.09      -13.82     9639.56    10710.63    0.169
        0.64    12915.85      -13.86     9565.46    10628.29    0.144
        0.60    13836.48      -13.88     9369.52    10410.57    0.123
        0.55    14898.42      -13.94     8975.24     9972.49    0.104
        0.51    16136.92      -14.39     8418.84     9354.26    0.090
        0.47    17600.00      -14.86     7823.37     8692.63    0.082
        0.43    19354.84      -15.27     7275.51     8083.90    0.075
        0.38    21498.37      -15.80     6775.68     7528.53    0.070
        0.34    24175.82      -16.55     6331.17     7034.63    0.064
        0.30    27615.06      -17.40     5982.09     6646.77    0.055
        0.26    32195.12      -18.37     5740.58     6378.42    0.045
        0.21    38596.49      -19.53     5544.23     6160.26    0.033
        0.17    48175.18      -20.95     5347.88     5942.09    0.022

         En consv. check  -0.102D-13


      NPK        ABS      ESC      event      no event            out of rg

     90000     46581     43419     23856     19563         0         0


                         No. pkts   =   90000
                         Esc to inf =   43419
                         No line ev =       0
  PW(2)=    41007.442400148509       RQ(JS,5)=    41007.442400148509     
  TB=   10364.018188969325       CLP=  2.44572954140827629E-005  CL=  2.43858173412048368E-005

     JP       LP       KP        KJ         L        NUJ        BT        NPK

  1.46735  0.89030  0.49644  0.310E+00   1.12333  0.905E+15   0.0281   1 1.341E+05
  1.22530  0.89061  0.43189  0.300E+00   1.11558  0.899E+15   0.0294   2 1.271E+05
  1.05999  0.88376  0.37636  0.296E+00   1.10816  0.892E+15   0.0308   3 1.217E+05
  0.89096  0.88016  0.32640  0.289E+00   1.10062  0.883E+15   0.0323   4 1.164E+05
  0.74094  0.87668  0.27797  0.281E+00   1.09225  0.878E+15   0.0340   5 1.101E+05
  0.61625  0.87157  0.23439  0.281E+00   1.08362  0.873E+15   0.0359   6 1.036E+05
  0.50658  0.86652  0.19686  0.270E+00   1.07513  0.870E+15   0.0380   7 9.732E+04
  0.41784  0.85902  0.16608  0.267E+00   1.06719  0.859E+15   0.0404   8 9.286E+04
  0.33870  0.85170  0.13876  0.263E+00   1.05888  0.852E+15   0.0431   9 8.829E+04
  0.27380  0.84223  0.11253  0.244E+00   1.04911  0.835E+15   0.0462  10 8.214E+04
  0.19389  0.84812  0.08498  0.219E+00   1.03611  0.799E+15   0.0497  11 7.158E+04
  0.12856  0.85800  0.06188  0.179E+00   1.02328  0.747E+15   0.0538  12 6.006E+04
  0.08860  0.85957  0.04800  0.143E+00   1.01551  0.704E+15   0.0587  13 5.418E+04
  0.06170  0.85658  0.03751  0.102E+00   1.00955  0.655E+15   0.0646  14 4.985E+04
  0.04270  0.85035  0.02908  0.684E-01   1.00484  0.606E+15   0.0717  15 4.660E+04
  0.02955  0.83956  0.02233  0.350E-01   1.00169  0.560E+15   0.0806  16 4.446E+04
  0.02057  0.82183  0.01691  0.175E-01   1.00045  0.532E+15   0.0921  17 4.368E+04
  0.01405  0.79582  0.01226  0.638E-02   1.00009  0.511E+15   0.1074  18 4.346E+04
  0.00910  0.75869  0.00828  0.341E-02   1.00001  0.495E+15   0.1287  19 4.342E+04
  0.00533  0.70426  0.00501  0.243E-02   1.00000  0.475E+15   0.1607  20 4.342E+04
                                         1.00293

     Scale:  L = 42.863     L+ = 43.204

               TB1 = 10356.4          Log EP0 = 38.249882

         En consv. check  -0.141D-13


      NPK        ABS      ESC      event      no event            out of rg

     90000     46644     43356     24022     19334         0         0


                         No. pkts   =   90000
                         Esc to inf =   43356
                         No line ev =       0
  PW(2)=    40907.406042725801       RQ(JS,5)=    40907.406042725801     
  TB=   10356.437492588006       CLP=  2.43858173412051112E-005  CL=  2.44454512455653759E-005

     JP       LP       KP        KJ         L        NUJ        BT        NPK

  1.46360  0.89157  0.49419  0.307E+00   1.12390  0.901E+15   0.0281   1 1.333E+05
  1.24362  0.88893  0.43495  0.302E+00   1.11677  0.895E+15   0.0294   2 1.278E+05
  1.05432  0.88535  0.37581  0.294E+00   1.10880  0.893E+15   0.0308   3 1.212E+05
  0.89333  0.88046  0.32590  0.288E+00   1.10126  0.883E+15   0.0323   4 1.160E+05
  0.74985  0.87548  0.27961  0.289E+00   1.09324  0.884E+15   0.0340   5 1.105E+05
  0.61423  0.87270  0.23464  0.278E+00   1.08432  0.870E+15   0.0359   6 1.035E+05
  0.50423  0.86777  0.19730  0.269E+00   1.07583  0.859E+15   0.0380   7 9.751E+04
  0.42127  0.85827  0.16799  0.264E+00   1.06831  0.857E+15   0.0404   8 9.386E+04
  0.34147  0.85089  0.13965  0.258E+00   1.05962  0.847E+15   0.0431   9 8.865E+04
  0.27155  0.84369  0.11375  0.255E+00   1.05004  0.842E+15   0.0462  10 8.285E+04
  0.19801  0.84562  0.08534  0.218E+00   1.03650  0.802E+15   0.0497  11 7.187E+04
  0.13024  0.85667  0.06232  0.187E+00   1.02370  0.755E+15   0.0538  12 6.058E+04
  0.08800  0.86026  0.04778  0.136E+00   1.01533  0.696E+15   0.0587  13 5.376E+04
  0.06166  0.85665  0.03747  0.102E+00   1.00952  0.653E+15   0.0646  14 4.982E+04
  0.04289  0.84999  0.02905  0.703E-01   1.00478  0.608E+15   0.0717  15 4.655E+04
  0.02949  0.83971  0.02237  0.368E-01   1.00181  0.560E+15   0.0806  16 4.450E+04
  0.02050  0.82211  0.01690  0.132E-01   1.00042  0.528E+15   0.0921  17 4.360E+04
  0.01405  0.79584  0.01226  0.514E-02   1.00008  0.510E+15   0.1074  18 4.339E+04
  0.00910  0.75869  0.00828  0.344E-02   1.00001  0.494E+15   0.1287  19 4.336E+04
  0.00533  0.70426  0.00501  0.249E-02   1.00000  0.474E+15   0.1607  20 4.336E+04
                                         0.99756

     Scale:  L = 42.863     L+ = 43.205

               TB1 = 10362.8          Log EP0 = 38.250943

         En consv. check   0.230D-14


      NPK        ABS      ESC      event      no event            out of rg

     90000     46354     43646     24000     19646         0         0


                         No. pkts   =   90000
                         Esc to inf =   43646
                         No line ev =       0
  PW(2)=    41203.431786622401       RQ(JS,5)=    41203.431786622401     
  TB=   10362.763190463407       CLP=  2.44454512455657994E-005  CL=  2.42698230860632321E-005

     JP       LP       KP        KJ         L        NUJ        BT        NPK

  1.44538  0.89315  0.49087  0.304E+00   1.12295  0.899E+15   0.0281   1 1.333E+05
  1.23483  0.88960  0.43222  0.308E+00   1.11590  0.905E+15   0.0294   2 1.279E+05
  1.04565  0.88623  0.37374  0.298E+00   1.10802  0.895E+15   0.0308   3 1.214E+05
  0.88314  0.88184  0.32492  0.296E+00   1.10064  0.892E+15   0.0323   4 1.164E+05
  0.74456  0.87625  0.27794  0.293E+00   1.09257  0.886E+15   0.0340   5 1.105E+05
  0.61395  0.87251  0.23322  0.276E+00   1.08371  0.868E+15   0.0359   6 1.034E+05
  0.51060  0.86570  0.19734  0.273E+00   1.07561  0.864E+15   0.0380   7 9.840E+04
  0.41528  0.86015  0.16629  0.263E+00   1.06751  0.855E+15   0.0404   8 9.357E+04
  0.33924  0.85171  0.13903  0.259E+00   1.05922  0.849E+15   0.0431   9 8.896E+04
  0.28249  0.83787  0.11334  0.237E+00   1.04967  0.836E+15   0.0462  10 8.321E+04
  0.19788  0.84557  0.08550  0.226E+00   1.03647  0.807E+15   0.0497  11 7.257E+04
  0.12760  0.85878  0.06181  0.176E+00   1.02321  0.746E+15   0.0538  12 6.042E+04
  0.08935  0.85871  0.04803  0.144E+00   1.01548  0.705E+15   0.0587  13 5.461E+04
  0.06165  0.85660  0.03737  0.103E+00   1.00931  0.653E+15   0.0646  14 4.994E+04
  0.04274  0.85024  0.02897  0.630E-01   1.00460  0.604E+15   0.0717  15 4.662E+04
  0.02929  0.84027  0.02234  0.319E-01   1.00173  0.557E+15   0.0806  16 4.470E+04
  0.02049  0.82218  0.01690  0.132E-01   1.00044  0.528E+15   0.0921  17 4.388E+04
  0.01406  0.79580  0.01226  0.658E-02   1.00008  0.512E+15   0.1074  18 4.368E+04
  0.00910  0.75870  0.00828  0.314E-02   1.00001  0.494E+15   0.1287  19 4.365E+04
  0.00533  0.70426  0.00501  0.252E-02   1.00000  0.474E+15   0.1607  20 4.365E+04
                                         1.00724

     Scale:  L = 42.863     L+ = 43.202

               TB1 = 10344.1          Log EP0 = 38.247812

         En consv. check   0.849D-15


      NPK        ABS      ESC      event      no event            out of rg

     90000     46353     43647     24179     19468         0         0


                         No. pkts   =   90000
                         Esc to inf =   43647
                         No line ev =       0
  PW(2)=    41172.435699615184       RQ(JS,5)=    41172.435699615184     
  TB=   10344.100034510295       CLP=  2.42698230860636387E-005  CL=  2.42880942797694724E-005

     JP       LP       KP        KJ         L        NUJ        BT        NPK

  1.45793  0.89235  0.49131  0.307E+00   1.12368  0.900E+15   0.0281   1 1.336E+05
  1.24106  0.88943  0.42959  0.303E+00   1.11621  0.895E+15   0.0294   2 1.273E+05
  1.04828  0.88648  0.37538  0.297E+00   1.10893  0.893E+15   0.0308   3 1.220E+05
  0.88289  0.88254  0.32273  0.286E+00   1.10091  0.884E+15   0.0323   4 1.158E+05
  0.74324  0.87716  0.27652  0.287E+00   1.09290  0.882E+15   0.0340   5 1.102E+05
  0.61358  0.87319  0.23437  0.275E+00   1.08458  0.867E+15   0.0359   6 1.041E+05
  0.50730  0.86719  0.19746  0.272E+00   1.07619  0.863E+15   0.0380   7 9.857E+04
  0.41776  0.85982  0.16583  0.261E+00   1.06789  0.851E+15   0.0404   8 9.347E+04
  0.34659  0.84910  0.14067  0.261E+00   1.06041  0.851E+15   0.0431   9 9.007E+04
  0.27945  0.83977  0.11548  0.262E+00   1.05111  0.853E+15   0.0462  10 8.496E+04
  0.19954  0.84461  0.08596  0.230E+00   1.03688  0.809E+15   0.0497  11 7.298E+04
  0.12736  0.85907  0.06193  0.183E+00   1.02341  0.750E+15   0.0538  12 6.037E+04
  0.08811  0.86022  0.04751  0.139E+00   1.01511  0.697E+15   0.0587  13 5.396E+04
  0.06229  0.85586  0.03740  0.105E+00   1.00951  0.655E+15   0.0646  14 5.008E+04
  0.04302  0.84980  0.02907  0.748E-01   1.00490  0.610E+15   0.0717  15 4.687E+04
  0.02974  0.83909  0.02237  0.384E-01   1.00187  0.563E+15   0.0806  16 4.484E+04
  0.02058  0.82184  0.01692  0.163E-01   1.00052  0.531E+15   0.0921  17 4.398E+04
  0.01404  0.79591  0.01226  0.589E-02   1.00008  0.510E+15   0.1074  18 4.368E+04
  0.00910  0.75871  0.00828  0.341E-02   1.00001  0.494E+15   0.1287  19 4.365E+04
  0.00533  0.70426  0.00501  0.274E-02   1.00000  0.474E+15   0.1607  20 4.365E+04
                                         0.99925

     Scale:  L = 42.863     L+ = 43.202

               TB1 = 10346.0          Log EP0 = 38.248138
     POWER:   0.4117E+05    INPUT FLUX:   0.1617E-09    INT. FLUX:  0.1465E-09

UNREDD. MAGS: U=    12.887 B=    13.081 V=    12.998 R=    12.765
UNREDD. COL.: U-B = -0.194 B-V =  0.083 V-R =  0.233

REDD. MAGS:   U=    14.767 B=    14.628 V=    14.185 R=    13.744
REDD. COL.:   U-B =  0.139 B-V =  0.444 V-R =  0.441

ABS. MAG:     U =  -18.553 B =  -18.359 V =  -18.442
MBol =  12.990  Bol. Corr. =  -0.008  (MBol)o= -18.450
