        1     Ntot =  0.914D+09     Ne =  0.185D+10
        2     Ntot =  0.824D+09     Ne =  0.166D+10
        3     Ntot =  0.740D+09     Ne =  0.149D+10
        4     Ntot =  0.675D+09     Ne =  0.136D+10
        5     Ntot =  0.609D+09     Ne =  0.122D+10
        6     Ntot =  0.504D+09     Ne =  0.101D+10
        7     Ntot =  0.411D+09     Ne =  0.825D+09
        8     Ntot =  0.314D+09     Ne =  0.630D+09
        9     Ntot =  0.283D+09     Ne =  0.566D+09
       10     Ntot =  0.273D+09     Ne =  0.543D+09
       11     Ntot =  0.239D+09     Ne =  0.467D+09
       12     Ntot =  0.837D+08     Ne =  0.162D+09
       13     Ntot =  0.282D+08     Ne =  0.538D+08
       14     Ntot =  0.110D+08     Ne =  0.207D+08
       15     Ntot =  0.328D+07     Ne =  0.605D+07
       16     Ntot =  0.585D+06     Ne =  0.107D+07
       17     Ntot =  0.829D+05     Ne =  0.152D+06
       18     Ntot =  0.870D+04     Ne =  0.163D+05
       19     Ntot =  0.607D+03     Ne =  0.115D+04
       20     Ntot =  0.234D+02     Ne =  0.448D+02

  6   C                                       I           II          III         IV   
    0.98   8429.1  -13.3534  0.185D+10     0.9977D-07  0.4808D+00  0.5192D+00  0.3492D-09
    0.94   8811.7  -13.3985  0.166D+10     0.1267D-06  0.5476D+00  0.4524D+00  0.1922D-09
    0.89   9230.8  -13.4454  0.149D+10     0.1600D-06  0.6165D+00  0.3835D+00  0.9934D-10
    0.85   9691.6  -13.4853  0.136D+10     0.2109D-06  0.6975D+00  0.3025D+00  0.4063D-10
    0.81  10200.9  -13.5301  0.122D+10     0.2618D-06  0.7613D+00  0.2387D+00  0.1733D-10
    0.77  10766.7  -13.6118  0.101D+10     0.2973D-06  0.8092D+00  0.1908D+00  0.7295D-11
    0.72  11399.0  -13.7003  0.825D+09     0.3255D-06  0.8464D+00  0.1536D+00  0.3090D-11
    0.68  12110.1  -13.8170  0.630D+09     0.3062D-06  0.8567D+00  0.1433D+00  0.1920D-11
    0.64  12915.9  -13.8628  0.566D+09     0.3479D-06  0.8853D+00  0.1147D+00  0.8202D-12
    0.60  13836.5  -13.8783  0.543D+09     0.5197D-06  0.9393D+00  0.6075D-01  0.1073D-12
    0.55  14898.4  -13.9357  0.467D+09     0.9739D-06  0.9827D+00  0.1731D-01  0.2293D-14
    0.51  16136.9  -14.3915  0.162D+09     0.1014D-05  0.9944D+00  0.5604D-02  0.3668D-16
    0.47  17600.0  -14.8647  0.538D+08     0.1238D-05  0.9988D+00  0.1193D-02  0.1880D-18
    0.43  19354.8  -15.2732  0.207D+08     0.1855D-05  0.9998D+00  0.1885D-03  0.4783D-21
    0.38  21498.4  -15.7988  0.605D+07     0.2236D-05  0.1000D+01  0.3424D-04  0.1432D-23
    0.34  24175.8  -16.5475  0.107D+07     0.1668D-05  0.1000D+01  0.9709D-05  0.9741D-26
    0.30  27615.1  -17.3959  0.152D+06     0.8785D-06  0.1000D+01  0.4600D-05  0.2252D-27
    0.26  32195.1  -18.3747  0.163D+05     0.2723D-06  0.1000D+01  0.5122D-05  0.4239D-28
    0.21  38596.5  -19.5315  0.115D+04     0.5165D-07  0.1000D+01  0.1078D-04  0.3027D-28
    0.17  48175.2  -20.9455  0.448D+02     0.5976D-08  0.1000D+01  0.3630D-04  0.3914D-28

  8   O                                       I           II          III         IV   
    0.98   8429.1  -13.3534  0.185D+10     0.3996D-05  0.9998D+00  0.2140D-03  0.2596D-16
    0.94   8811.7  -13.3985  0.166D+10     0.4722D-05  0.9998D+00  0.1485D-03  0.1089D-16
    0.89   9230.8  -13.4454  0.149D+10     0.5610D-05  0.9999D+00  0.1001D-03  0.4278D-17
    0.85   9691.6  -13.4853  0.136D+10     0.6926D-05  0.9999D+00  0.6017D-04  0.1243D-17
    0.81  10200.9  -13.5301  0.122D+10     0.8276D-05  0.1000D+01  0.3743D-04  0.3927D-18
    0.77  10766.7  -13.6118  0.101D+10     0.9265D-05  0.1000D+01  0.2343D-04  0.1201D-18
    0.72  11399.0  -13.7003  0.825D+09     0.1007D-04  0.1000D+01  0.1481D-04  0.3703D-19
    0.68  12110.1  -13.8170  0.630D+09     0.9520D-05  0.1000D+01  0.1147D-04  0.1823D-19
    0.64  12915.9  -13.8628  0.566D+09     0.1059D-04  0.1000D+01  0.7325D-05  0.5877D-20
    0.60  13836.5  -13.8783  0.543D+09     0.1564D-04  0.1000D+01  0.2603D-05  0.4408D-21
    0.55  14898.4  -13.9357  0.467D+09     0.3146D-04  0.1000D+01  0.3857D-06  0.3468D-23
    0.51  16136.9  -14.3915  0.162D+09     0.3935D-04  0.1000D+01  0.5132D-07  0.1319D-25
    0.47  17600.0  -14.8647  0.538D+08     0.6151D-04  0.9999D+00  0.3939D-08  0.1243D-28
    0.43  19354.8  -15.2732  0.207D+08     0.1211D-03  0.9999D+00  0.2161D-09  0.5374D-32
    0.38  21498.4  -15.7988  0.605D+07     0.1955D-03  0.9998D+00  0.1303D-10  0.2523D-35
    0.34  24175.8  -16.5475  0.107D+07     0.1962D-03  0.9998D+00  0.1193D-11  0.2577D-38
    0.30  27615.1  -17.3959  0.152D+06     0.1319D-03  0.9999D+00  0.1962D-12  0.1049D-40
    0.26  32195.1  -18.3747  0.163D+05     0.4693D-04  0.1000D+01  0.8703D-13  0.4686D-42
    0.21  38596.5  -19.5315  0.115D+04     0.9550D-05  0.1000D+01  0.7234D-13  0.8394D-43
    0.17  48175.2  -20.9455  0.448D+02     0.1139D-05  0.1000D+01  0.7981D-13  0.2188D-43

 12   MG                                      I           II          III         IV   
    0.98   8429.1  -13.3534  0.185D+10     0.5994D-13  0.1532D-04  0.1000D+01  0.8435D-23
    0.94   8811.7  -13.3985  0.166D+10     0.8917D-13  0.1963D-04  0.1000D+01  0.4336D-23
    0.89   9230.8  -13.4454  0.149D+10     0.1415D-12  0.2597D-04  0.1000D+01  0.2146D-23
    0.85   9691.6  -13.4853  0.136D+10     0.2403D-12  0.3598D-04  0.1000D+01  0.8053D-24
    0.81  10200.9  -13.5301  0.122D+10     0.4072D-12  0.4947D-04  0.1000D+01  0.3260D-24
    0.77  10766.7  -13.6118  0.101D+10     0.6325D-12  0.6555D-04  0.9999D+00  0.1210D-24
    0.72  11399.0  -13.7003  0.825D+09     0.9735D-12  0.8629D-04  0.9999D+00  0.4453D-25
    0.68  12110.1  -13.8170  0.630D+09     0.1246D-11  0.1016D-03  0.9999D+00  0.2351D-25
    0.64  12915.9  -13.8628  0.566D+09     0.2280D-11  0.1435D-03  0.9999D+00  0.9560D-26
    0.60  13836.5  -13.8783  0.543D+09     0.6681D-11  0.2720D-03  0.9997D+00  0.1130D-26
    0.55  14898.4  -13.9357  0.467D+09     0.3087D-10  0.7184D-03  0.9993D+00  0.1743D-28
    0.51  16136.9  -14.3915  0.162D+09     0.4248D-10  0.1153D-02  0.9988D+00  0.7194D-31
    0.47  17600.0  -14.8647  0.538D+08     0.6948D-10  0.2147D-02  0.9979D+00  0.8219D-34
    0.43  19354.8  -15.2732  0.207D+08     0.1644D-09  0.4893D-02  0.9951D+00  0.5154D-37
    0.38  21498.4  -15.7988  0.605D+07     0.2528D-09  0.9126D-02  0.9909D+00  0.2778D-40
    0.34  24175.8  -16.5475  0.107D+07     0.1559D-09  0.1085D-01  0.9891D+00  0.2026D-43
    0.30  27615.1  -17.3959  0.152D+06     0.5564D-10  0.9361D-02  0.9906D+00  0.4439D-46
    0.26  32195.1  -18.3747  0.163D+05     0.8624D-11  0.4877D-02  0.9951D+00  0.7050D-48
    0.21  38596.5  -19.5315  0.115D+04     0.6148D-12  0.1655D-02  0.9983D+00  0.3002D-49
    0.17  48175.2  -20.9455  0.448D+02     0.2158D-13  0.3936D-03  0.9996D+00  0.1240D-50

 14   SI                                      I           II          III         IV   
    0.98   8429.1  -13.3534  0.185D+10     0.1295D-11  0.1716D-03  0.9982D+00  0.1666D-02
    0.94   8811.7  -13.3985  0.166D+10     0.1821D-11  0.2195D-03  0.9986D+00  0.1154D-02
    0.89   9230.8  -13.4454  0.149D+10     0.2669D-11  0.2884D-03  0.9989D+00  0.7723D-03
    0.85   9691.6  -13.4853  0.136D+10     0.4236D-11  0.3976D-03  0.9991D+00  0.4625D-03
    0.81  10200.9  -13.5301  0.122D+10     0.6542D-11  0.5393D-03  0.9992D+00  0.2843D-03
    0.77  10766.7  -13.6118  0.101D+10     0.9116D-11  0.7001D-03  0.9991D+00  0.1751D-03
    0.72  11399.0  -13.7003  0.825D+09     0.1234D-10  0.8937D-03  0.9990D+00  0.1079D-03
    0.68  12110.1  -13.8170  0.630D+09     0.1333D-10  0.9980D-03  0.9989D+00  0.7977D-04
    0.64  12915.9  -13.8628  0.566D+09     0.2023D-10  0.1317D-02  0.9986D+00  0.4799D-04
    0.60  13836.5  -13.8783  0.543D+09     0.5063D-10  0.2360D-02  0.9976D+00  0.1645D-04
    0.55  14898.4  -13.9357  0.467D+09     0.2101D-09  0.6073D-02  0.9939D+00  0.2488D-05
    0.51  16136.9  -14.3915  0.162D+09     0.2868D-09  0.1011D-01  0.9899D+00  0.3704D-06
    0.47  17600.0  -14.8647  0.538D+08     0.5199D-09  0.2087D-01  0.9791D+00  0.3433D-07
    0.43  19354.8  -15.2732  0.207D+08     0.1384D-08  0.5306D-01  0.9469D+00  0.2274D-08
    0.38  21498.4  -15.7988  0.605D+07     0.2349D-08  0.1089D+00  0.8911D+00  0.1620D-09
    0.34  24175.8  -16.5475  0.107D+07     0.1593D-08  0.1441D+00  0.8559D+00  0.1772D-10
    0.30  27615.1  -17.3959  0.152D+06     0.5826D-09  0.1362D+00  0.8638D+00  0.3489D-11
    0.26  32195.1  -18.3747  0.163D+05     0.8020D-10  0.7288D-01  0.9271D+00  0.1822D-11
    0.21  38596.5  -19.5315  0.115D+04     0.4137D-11  0.2217D-01  0.9778D+00  0.1648D-11
    0.17  48175.2  -20.9455  0.448D+02     0.7968D-13  0.3901D-02  0.9961D+00  0.1745D-11

 16   S                                       I           II          III         IV   
    0.98   8429.1  -13.3534  0.185D+10     0.2304D-08  0.2998D-01  0.9699D+00  0.1265D-03
    0.94   8811.7  -13.3985  0.166D+10     0.3350D-08  0.3837D-01  0.9615D+00  0.8620D-04
    0.89   9230.8  -13.4454  0.149D+10     0.4990D-08  0.4970D-01  0.9502D+00  0.5661D-04
    0.85   9691.6  -13.4853  0.136D+10     0.8217D-08  0.6859D-01  0.9314D+00  0.3286D-04
    0.81  10200.9  -13.5301  0.122D+10     0.1277D-07  0.9093D-01  0.9091D+00  0.1954D-04
    0.77  10766.7  -13.6118  0.101D+10     0.1790D-07  0.1153D+00  0.8847D+00  0.1159D-04
    0.72  11399.0  -13.7003  0.825D+09     0.2400D-07  0.1421D+00  0.8579D+00  0.6857D-05
    0.68  12110.1  -13.8170  0.630D+09     0.2471D-07  0.1501D+00  0.8499D+00  0.4995D-05
    0.64  12915.9  -13.8628  0.566D+09     0.3476D-07  0.1828D+00  0.8172D+00  0.2876D-05
    0.60  13836.5  -13.8783  0.543D+09     0.8389D-07  0.3014D+00  0.6986D+00  0.8258D-06
    0.55  14898.4  -13.9357  0.467D+09     0.3027D-06  0.5953D+00  0.4047D+00  0.6889D-07
    0.51  16136.9  -14.3915  0.162D+09     0.4150D-06  0.8047D+00  0.1953D+00  0.4550D-08
    0.47  17600.0  -14.8647  0.538D+08     0.5596D-06  0.9448D+00  0.5517D-01  0.1076D-09
    0.43  19354.8  -15.2732  0.207D+08     0.8122D-06  0.9896D+00  0.1037D-01  0.1226D-11
    0.38  21498.4  -15.7988  0.605D+07     0.9013D-06  0.9978D+00  0.2163D-02  0.1703D-13
    0.34  24175.8  -16.5475  0.107D+07     0.6125D-06  0.9993D+00  0.6987D-03  0.5494D-15
    0.30  27615.1  -17.3959  0.152D+06     0.3015D-06  0.9996D+00  0.3715D-03  0.5074D-16
    0.26  32195.1  -18.3747  0.163D+05     0.9204D-07  0.9995D+00  0.4546D-03  0.2769D-16
    0.21  38596.5  -19.5315  0.115D+04     0.1792D-07  0.9990D+00  0.1045D-02  0.5072D-16
    0.17  48175.2  -20.9455  0.448D+02     0.2232D-08  0.9961D+00  0.3861D-02  0.1813D-15

 20   CA                                      I           II          III         IV   
    0.98   8429.1  -13.3534  0.185D+10     0.1027D-14  0.1147D-05  0.1000D+01  0.8825D-10
    0.94   8811.7  -13.3985  0.166D+10     0.1419D-14  0.1414D-05  0.1000D+01  0.5466D-10
    0.89   9230.8  -13.4454  0.149D+10     0.2066D-14  0.1791D-05  0.1000D+01  0.3267D-10
    0.85   9691.6  -13.4853  0.136D+10     0.3164D-14  0.2338D-05  0.1000D+01  0.1643D-10
    0.81  10200.9  -13.5301  0.122D+10     0.4810D-14  0.3022D-05  0.1000D+01  0.8640D-11
    0.77  10766.7  -13.6118  0.101D+10     0.6556D-14  0.3704D-05  0.1000D+01  0.4404D-11
    0.72  11399.0  -13.7003  0.825D+09     0.8739D-14  0.4462D-05  0.1000D+01  0.2241D-11
    0.68  12110.1  -13.8170  0.630D+09     0.9689D-14  0.4805D-05  0.1000D+01  0.1461D-11
    0.64  12915.9  -13.8628  0.566D+09     0.1501D-13  0.6080D-05  0.1000D+01  0.7603D-12
    0.60  13836.5  -13.8783  0.543D+09     0.3417D-13  0.9664D-05  0.1000D+01  0.1754D-12
    0.55  14898.4  -13.9357  0.467D+09     0.1056D-12  0.1920D-04  0.1000D+01  0.1133D-13
    0.51  16136.9  -14.3915  0.162D+09     0.8581D-13  0.2122D-04  0.1000D+01  0.4428D-15
    0.47  17600.0  -14.8647  0.538D+08     0.8042D-13  0.2680D-04  0.1000D+01  0.7994D-17
    0.43  19354.8  -15.2732  0.207D+08     0.1089D-12  0.4157D-04  0.1000D+01  0.9486D-19
    0.38  21498.4  -15.7988  0.605D+07     0.9413D-13  0.5237D-04  0.9999D+00  0.1134D-20
    0.34  24175.8  -16.5475  0.107D+07     0.3193D-13  0.4145D-04  0.1000D+01  0.1960D-22
    0.30  27615.1  -17.3959  0.152D+06     0.6226D-14  0.2363D-04  0.1000D+01  0.7147D-24
    0.26  32195.1  -18.3747  0.163D+05     0.5181D-15  0.7953D-05  0.1000D+01  0.9674D-25
    0.21  38596.5  -19.5315  0.115D+04     0.1775D-16  0.1598D-05  0.1000D+01  0.2701D-25
    0.17  48175.2  -20.9455  0.448D+02     0.2305D-18  0.1855D-06  0.1000D+01  0.8420D-26

 22   TI                                      I           II          III         IV   
    0.98   8429.1  -13.3534  0.185D+10     0.7121D-14  0.5206D-05  0.8789D+00  0.1211D+00
    0.94   8811.7  -13.3985  0.166D+10     0.1071D-13  0.6774D-05  0.9093D+00  0.9072D-01
    0.89   9230.8  -13.4454  0.149D+10     0.1689D-13  0.9014D-05  0.9345D+00  0.6546D-01
    0.85   9691.6  -13.4853  0.136D+10     0.2812D-13  0.1242D-04  0.9569D+00  0.4308D-01
    0.81  10200.9  -13.5301  0.122D+10     0.4582D-13  0.1678D-04  0.9712D+00  0.2877D-01
    0.77  10766.7  -13.6118  0.101D+10     0.6693D-13  0.2154D-04  0.9805D+00  0.1944D-01
    0.72  11399.0  -13.7003  0.825D+09     0.9504D-13  0.2717D-04  0.9868D+00  0.1320D-01
    0.68  12110.1  -13.8170  0.630D+09     0.1102D-12  0.3039D-04  0.9894D+00  0.1054D-01
    0.64  12915.9  -13.8628  0.566D+09     0.1790D-12  0.4024D-04  0.9930D+00  0.6975D-02
    0.60  13836.5  -13.8783  0.543D+09     0.4467D-12  0.6928D-04  0.9970D+00  0.2888D-02
    0.55  14898.4  -13.9357  0.467D+09     0.1631D-11  0.1579D-03  0.9992D+00  0.6185D-03
    0.51  16136.9  -14.3915  0.162D+09     0.1679D-11  0.2111D-03  0.9996D+00  0.1515D-03
    0.47  17600.0  -14.8647  0.538D+08     0.2059D-11  0.3299D-03  0.9996D+00  0.2511D-04
    0.43  19354.8  -15.2732  0.207D+08     0.3655D-11  0.6352D-03  0.9994D+00  0.3123D-05
    0.38  21498.4  -15.7988  0.605D+07     0.4153D-11  0.9978D-03  0.9990D+00  0.4430D-06
    0.34  24175.8  -16.5475  0.107D+07     0.1846D-11  0.9877D-03  0.9990D+00  0.9634D-07
    0.30  27615.1  -17.3959  0.152D+06     0.4559D-12  0.6945D-03  0.9993D+00  0.3394D-07
    0.26  32195.1  -18.3747  0.163D+05     0.4561D-13  0.2821D-03  0.9997D+00  0.2676D-07
    0.21  38596.5  -19.5315  0.115D+04     0.1844D-14  0.6851D-04  0.9999D+00  0.3675D-07
    0.17  48175.2  -20.9455  0.448D+02     0.2847D-16  0.9831D-05  0.1000D+01  0.6975D-07

 24   CR                                      I           II          III         IV   
    0.98   8429.1  -13.3534  0.185D+10     0.5619D-13  0.2362D-04  0.9917D+00  0.8293D-02
    0.94   8811.7  -13.3985  0.166D+10     0.8430D-13  0.3019D-04  0.9941D+00  0.5896D-02
    0.89   9230.8  -13.4454  0.149D+10     0.1337D-12  0.3973D-04  0.9959D+00  0.4056D-02
    0.85   9691.6  -13.4853  0.136D+10     0.2265D-12  0.5470D-04  0.9974D+00  0.2526D-02
    0.81  10200.9  -13.5301  0.122D+10     0.3780D-12  0.7435D-04  0.9983D+00  0.1613D-02
    0.77  10766.7  -13.6118  0.101D+10     0.5717D-12  0.9688D-04  0.9989D+00  0.1040D-02
    0.72  11399.0  -13.7003  0.825D+09     0.8445D-12  0.1246D-03  0.9992D+00  0.6738D-03
    0.68  12110.1  -13.8170  0.630D+09     0.1013D-11  0.1416D-03  0.9993D+00  0.5199D-03
    0.64  12915.9  -13.8628  0.566D+09     0.1709D-11  0.1910D-03  0.9995D+00  0.3299D-03
    0.60  13836.5  -13.8783  0.543D+09     0.4601D-11  0.3453D-03  0.9995D+00  0.1251D-03
    0.55  14898.4  -13.9357  0.467D+09     0.1951D-10  0.8766D-03  0.9991D+00  0.2263D-04
    0.51  16136.9  -14.3915  0.162D+09     0.2517D-10  0.1396D-02  0.9986D+00  0.4305D-05
    0.47  17600.0  -14.8647  0.538D+08     0.4039D-10  0.2712D-02  0.9973D+00  0.5258D-06
    0.43  19354.8  -15.2732  0.207D+08     0.9516D-10  0.6621D-02  0.9934D+00  0.4709D-07
    0.38  21498.4  -15.7988  0.605D+07     0.1456D-09  0.1345D-01  0.9866D+00  0.4694D-08
    0.34  24175.8  -16.5475  0.107D+07     0.8837D-10  0.1754D-01  0.9825D+00  0.7097D-09
    0.30  27615.1  -17.3959  0.152D+06     0.2936D-10  0.1609D-01  0.9839D+00  0.1801D-09
    0.26  32195.1  -18.3747  0.163D+05     0.3808D-11  0.8251D-02  0.9917D+00  0.1095D-09
    0.21  38596.5  -19.5315  0.115D+04     0.1986D-12  0.2517D-02  0.9975D+00  0.1168D-09
    0.17  48175.2  -20.9455  0.448D+02     0.4096D-14  0.4687D-03  0.9995D+00  0.1612D-09

 26   FE                                      I           II          III         IV   
    0.98   8429.1  -13.3534  0.185D+10     0.2394D-12  0.5774D-04  0.9976D+00  0.2338D-02
    0.94   8811.7  -13.3985  0.166D+10     0.3706D-12  0.7459D-04  0.9983D+00  0.1674D-02
    0.89   9230.8  -13.4454  0.149D+10     0.6110D-12  0.9954D-04  0.9987D+00  0.1164D-02
    0.85   9691.6  -13.4853  0.136D+10     0.1082D-11  0.1395D-03  0.9991D+00  0.7343D-03
    0.81  10200.9  -13.5301  0.122D+10     0.1898D-11  0.1939D-03  0.9993D+00  0.4768D-03
    0.77  10766.7  -13.6118  0.101D+10     0.3052D-11  0.2601D-03  0.9994D+00  0.3143D-03
    0.72  11399.0  -13.7003  0.825D+09     0.4841D-11  0.3469D-03  0.9994D+00  0.2095D-03
    0.68  12110.1  -13.8170  0.630D+09     0.6301D-11  0.4126D-03  0.9994D+00  0.1679D-03
    0.64  12915.9  -13.8628  0.566D+09     0.1171D-10  0.5895D-03  0.9993D+00  0.1115D-03
    0.60  13836.5  -13.8783  0.543D+09     0.3568D-10  0.1146D-02  0.9988D+00  0.4431D-04
    0.55  14898.4  -13.9357  0.467D+09     0.1780D-09  0.3183D-02  0.9968D+00  0.8354D-05
    0.51  16136.9  -14.3915  0.162D+09     0.2731D-09  0.5504D-02  0.9945D+00  0.1622D-05
    0.47  17600.0  -14.8647  0.538D+08     0.5039D-09  0.1116D-01  0.9888D+00  0.1961D-06
    0.43  19354.8  -15.2732  0.207D+08     0.1329D-08  0.2756D-01  0.9724D+00  0.1712D-07
    0.38  21498.4  -15.7988  0.605D+07     0.2251D-08  0.5537D-01  0.9446D+00  0.1652D-08
    0.34  24175.8  -16.5475  0.107D+07     0.1536D-08  0.7179D-01  0.9282D+00  0.2460D-09
    0.30  27615.1  -17.3959  0.152D+06     0.6029D-09  0.6824D-01  0.9318D+00  0.6364D-10
    0.26  32195.1  -18.3747  0.163D+05     0.1011D-09  0.3954D-01  0.9605D+00  0.4139D-10
    0.21  38596.5  -19.5315  0.115D+04     0.7586D-11  0.1494D-01  0.9851D+00  0.4884D-10
    0.17  48175.2  -20.9455  0.448D+02     0.2751D-12  0.4057D-02  0.9959D+00  0.7945D-10

 27   CO                                      I           II          III         IV   
    0.98   8429.1  -13.3534  0.185D+10     0.5407D-12  0.1161D-03  0.9994D+00  0.5200D-03
    0.94   8811.7  -13.3985  0.166D+10     0.7853D-12  0.1450D-03  0.9995D+00  0.3638D-03
    0.89   9230.8  -13.4454  0.149D+10     0.1185D-11  0.1843D-03  0.9996D+00  0.2467D-03
    0.85   9691.6  -13.4853  0.136D+10     0.1922D-11  0.2457D-03  0.9996D+00  0.1501D-03
    0.81  10200.9  -13.5301  0.122D+10     0.3008D-11  0.3188D-03  0.9996D+00  0.9413D-04
    0.77  10766.7  -13.6118  0.101D+10     0.4208D-11  0.3920D-03  0.9995D+00  0.5947D-04
    0.72  11399.0  -13.7003  0.825D+09     0.5657D-11  0.4696D-03  0.9995D+00  0.3787D-04
    0.68  12110.1  -13.8170  0.630D+09     0.5973D-11  0.4845D-03  0.9995D+00  0.2918D-04
    0.64  12915.9  -13.8628  0.566D+09     0.8777D-11  0.5880D-03  0.9994D+00  0.1852D-04
    0.60  13836.5  -13.8783  0.543D+09     0.2147D-10  0.9832D-03  0.9990D+00  0.6734D-05
    0.55  14898.4  -13.9357  0.467D+09     0.8886D-10  0.2423D-02  0.9976D+00  0.1080D-05
    0.51  16136.9  -14.3915  0.162D+09     0.1245D-09  0.4030D-02  0.9960D+00  0.1662D-06
    0.47  17600.0  -14.8647  0.538D+08     0.2395D-09  0.8740D-02  0.9913D+00  0.1541D-07
    0.43  19354.8  -15.2732  0.207D+08     0.6919D-09  0.2403D-01  0.9760D+00  0.1022D-08
    0.38  21498.4  -15.7988  0.605D+07     0.1294D-08  0.5430D-01  0.9457D+00  0.7387D-10
    0.34  24175.8  -16.5475  0.107D+07     0.9501D-09  0.7778D-01  0.9222D+00  0.8135D-11
    0.30  27615.1  -17.3959  0.152D+06     0.3580D-09  0.7499D-01  0.9250D+00  0.1604D-11
    0.26  32195.1  -18.3747  0.163D+05     0.4715D-10  0.3761D-01  0.9624D+00  0.8396D-12
    0.21  38596.5  -19.5315  0.115D+04     0.2277D-11  0.1043D-01  0.9896D+00  0.7919D-12
    0.17  48175.2  -20.9455  0.448D+02     0.4150D-13  0.1691D-02  0.9983D+00  0.9635D-12

 28   NI                                      I           II          III         IV   
    0.98   8429.1  -13.3534  0.185D+10     0.1172D-11  0.2089D-03  0.9996D+00  0.1658D-03
    0.94   8811.7  -13.3985  0.166D+10     0.1707D-11  0.2653D-03  0.9996D+00  0.1143D-03
    0.89   9230.8  -13.4454  0.149D+10     0.2585D-11  0.3441D-03  0.9996D+00  0.7625D-04
    0.85   9691.6  -13.4853  0.136D+10     0.4234D-11  0.4699D-03  0.9995D+00  0.4533D-04
    0.81  10200.9  -13.5301  0.122D+10     0.6698D-11  0.6262D-03  0.9993D+00  0.2779D-04
    0.77  10766.7  -13.6118  0.101D+10     0.9519D-11  0.7953D-03  0.9992D+00  0.1708D-04
    0.72  11399.0  -13.7003  0.825D+09     0.1304D-10  0.9869D-03  0.9990D+00  0.1055D-04
    0.68  12110.1  -13.8170  0.630D+09     0.1401D-10  0.1056D-02  0.9989D+00  0.7910D-05
    0.64  12915.9  -13.8628  0.566D+09     0.2100D-10  0.1330D-02  0.9987D+00  0.4856D-05
    0.60  13836.5  -13.8783  0.543D+09     0.5317D-10  0.2329D-02  0.9977D+00  0.1664D-05
    0.55  14898.4  -13.9357  0.467D+09     0.2337D-09  0.6125D-02  0.9939D+00  0.2403D-06
    0.51  16136.9  -14.3915  0.162D+09     0.3573D-09  0.1107D-01  0.9889D+00  0.3200D-07
    0.47  17600.0  -14.8647  0.538D+08     0.7556D-09  0.2612D-01  0.9739D+00  0.2509D-08
    0.43  19354.8  -15.2732  0.207D+08     0.2347D-08  0.7643D-01  0.9236D+00  0.1364D-09
    0.38  21498.4  -15.7988  0.605D+07     0.4528D-08  0.1767D+00  0.8233D+00  0.7653D-11
    0.34  24175.8  -16.5475  0.107D+07     0.3442D-08  0.2609D+00  0.7391D+00  0.6517D-12
    0.30  27615.1  -17.3959  0.152D+06     0.1416D-08  0.2756D+00  0.7244D+00  0.1069D-12
    0.26  32195.1  -18.3747  0.163D+05     0.2266D-09  0.1698D+00  0.8302D+00  0.5390D-13
    0.21  38596.5  -19.5315  0.115D+04     0.1327D-10  0.5801D-01  0.9420D+00  0.4904D-13
    0.17  48175.2  -20.9455  0.448D+02     0.2785D-12  0.1101D-01  0.9890D+00  0.5212D-13

 31   GA                                      I           II          III         IV   
    0.98   8429.1  -13.3534  0.185D+10     0.9706D-22  0.2473D-13  0.2287D-10  0.1513D-12
    0.94   8811.7  -13.3985  0.166D+10     0.2430D-21  0.5236D-13  0.3682D-10  0.1722D-12
    0.89   9230.8  -13.4454  0.149D+10     0.6791D-21  0.1207D-12  0.6278D-10  0.2009D-12
    0.85   9691.6  -13.4853  0.136D+10     0.2251D-20  0.3256D-12  0.1175D-09  0.2327D-12
    0.81  10200.9  -13.5301  0.122D+10     0.7114D-20  0.8405D-12  0.2148D-09  0.2702D-12
    0.77  10766.7  -13.6118  0.101D+10     0.1885D-19  0.1933D-11  0.3621D-09  0.2919D-12
    0.72  11399.0  -13.7003  0.825D+09     0.4755D-19  0.4290D-11  0.5979D-09  0.3108D-12
    0.68  12110.1  -13.8170  0.630D+09     0.7499D-19  0.6472D-11  0.7783D-09  0.3112D-12
    0.64  12915.9  -13.8628  0.566D+09     0.2369D-18  0.1657D-10  0.1445D-08  0.3654D-12
    0.60  13836.5  -13.8783  0.543D+09     0.2303D-17  0.1113D-09  0.4863D-08  0.4622D-12
    0.55  14898.4  -13.9357  0.467D+09     0.7811D-16  0.2386D-08  0.3236D-07  0.5465D-12
    0.51  16136.9  -14.3915  0.162D+09     0.3505D-15  0.1432D-07  0.8253D-07  0.2589D-12
    0.47  17600.0  -14.8647  0.538D+08     0.3001D-14  0.1627D-06  0.2969D-06  0.1114D-12
    0.43  19354.8  -15.2732  0.207D+08     0.5882D-13  0.3628D-05  0.1624D-05  0.5389D-13
    0.38  21498.4  -15.7988  0.605D+07     0.5116D-12  0.4604D-04  0.5970D-05  0.1970D-13
    0.34  24175.8  -16.5475  0.107D+07     0.7028D-12  0.1494D-03  0.8780D-05  0.4385D-14
    0.30  27615.1  -17.3959  0.152D+06     0.2480D-12  0.1588D-03  0.6485D-05  0.8225D-15
    0.26  32195.1  -18.3747  0.163D+05     0.1040D-13  0.2832D-04  0.1627D-05  0.1251D-15
    0.21  38596.5  -19.5315  0.115D+04     0.6836D-16  0.1168D-05  0.1656D-06  0.1359D-16
    0.17  48175.2  -20.9455  0.448D+02     0.8695D-19  0.1450D-07  0.8082D-08  0.9242D-18

 32   GE                                      I           II          III         IV   
    0.98   8429.1  -13.3534  0.185D+10     0.8013D-12  0.1168D-03  0.9992D+00  0.7265D-03
    0.94   8811.7  -13.3985  0.166D+10     0.1216D-11  0.1481D-03  0.9994D+00  0.5017D-03
    0.89   9230.8  -13.4454  0.149D+10     0.1937D-11  0.1924D-03  0.9995D+00  0.3351D-03
    0.85   9691.6  -13.4853  0.136D+10     0.3300D-11  0.2616D-03  0.9995D+00  0.1998D-03
    0.81  10200.9  -13.5301  0.122D+10     0.5479D-11  0.3490D-03  0.9995D+00  0.1226D-03
    0.77  10766.7  -13.6118  0.101D+10     0.8191D-11  0.4437D-03  0.9995D+00  0.7541D-04
    0.72  11399.0  -13.7003  0.825D+09     0.1184D-10  0.5528D-03  0.9994D+00  0.4654D-04
    0.68  12110.1  -13.8170  0.630D+09     0.1360D-10  0.6001D-03  0.9994D+00  0.3467D-04
    0.64  12915.9  -13.8628  0.566D+09     0.2178D-10  0.7671D-03  0.9992D+00  0.2110D-04
    0.60  13836.5  -13.8783  0.543D+09     0.5678D-10  0.1324D-02  0.9987D+00  0.7243D-05
    0.55  14898.4  -13.9357  0.467D+09     0.2423D-09  0.3258D-02  0.9967D+00  0.1072D-05
    0.51  16136.9  -14.3915  0.162D+09     0.3331D-09  0.5172D-02  0.9948D+00  0.1510D-06
    0.47  17600.0  -14.8647  0.538D+08     0.5983D-09  0.1029D-01  0.9897D+00  0.1294D-07
    0.43  19354.8  -15.2732  0.207D+08     0.1586D-08  0.2561D-01  0.9744D+00  0.7965D-09
    0.38  21498.4  -15.7988  0.605D+07     0.2709D-08  0.5218D-01  0.9478D+00  0.5347D-10
    0.34  24175.8  -16.5475  0.107D+07     0.1829D-08  0.6775D-01  0.9322D+00  0.5472D-11
    0.30  27615.1  -17.3959  0.152D+06     0.6536D-09  0.6070D-01  0.9393D+00  0.9991D-12
    0.26  32195.1  -18.3747  0.163D+05     0.8543D-10  0.2935D-01  0.9706D+00  0.4794D-12
    0.21  38596.5  -19.5315  0.115D+04     0.4206D-11  0.8024D-02  0.9920D+00  0.4086D-12
    0.17  48175.2  -20.9455  0.448D+02     0.7846D-13  0.1281D-02  0.9987D+00  0.4274D-12
