 31  1
       1             6   1              10.938         9
       2             6   2               6.080         6
       3             6   3               1.026         1
       4             8   1               9.857         9
       5             8   2               4.625         4
       6            12   1               3.814         1
       7            12   2               2.077         2
       8            14   1              13.944         9
       9            14   2               5.960         6
      10            14   3               1.025         1
      11            16   1              10.827         9
      12            16   2               6.424         4
      13            16   3               9.998         9
      14            20   1               8.103         1
      15            20   2               4.547         2
      16            22   1             109.831        21
      17            22   2             101.094        28
      18            22   3              27.527        21
      19            24   1              58.127         7
      20            24   2              33.645         6
      21            24   3              39.332        25
      22            26   1              84.887        25
      23            26   2              86.695        30
      24            26   3              34.622        25
      25            27   1              79.325        28
      26            27   2              64.324        21
      27            27   3              34.546        28
      28            28   1              48.003        21
      29            28   2              25.392        10
      30            28   3              22.397        21
 31  2
       1             6   1              10.837         9
       2             6   2               6.064         6
       3             6   3               1.022         1
       4             8   1               9.803         9
       5             8   2               4.568         4
       6            12   1               3.228         1
       7            12   2               2.062         2
       8            14   1              13.280         9
       9            14   2               5.938         6
      10            14   3               1.021         1
      11            16   1              10.723         9
      12            16   2               6.292         4
      13            16   3               9.922         9
      14            20   1               6.943         1
      15            20   2               4.394         2
      16            22   1             101.595        21
      17            22   2              98.683        28
      18            22   3              27.223        21
      19            24   1              52.805         7
      20            24   2              31.424         6
      21            24   3              38.255        25
      22            26   1              79.237        25
      23            26   2              83.958        30
      24            26   3              33.749        25
      25            27   1              75.428        28
      26            27   2              62.532        21
      27            27   3              33.889        28
      28            28   1              46.274        21
      29            28   2              24.635        10
      30            28   3              22.124        21
 31  3
       1             6   1              10.740         9
       2             6   2               6.049         6
       3             6   3               1.018         1
       4             8   1               9.749         9
       5             8   2               4.513         4
       6            12   1               2.750         1
       7            12   2               2.049         2
       8            14   1              12.737         9
       9            14   2               5.919         6
      10            14   3               1.017         1
      11            16   1              10.625         9
      12            16   2               6.160         4
      13            16   3               9.844         9
      14            20   1               5.939         1
      15            20   2               4.247         2
      16            22   1              94.018        21
      17            22   2              96.330        28
      18            22   3              26.915        21
      19            24   1              47.980         7
      20            24   2              29.304         6
      21            24   3              37.196        25
      22            26   1              74.061        25
      23            26   2              81.307        30
      24            26   3              32.898        25
      25            27   1              71.836        28
      26            27   2              60.769        21
      27            27   3              33.239        28
      28            28   1              44.718        21
      29            28   2              23.887        10
      30            28   3              21.853        21
 31  4
       1             6   1              10.654         9
       2             6   2               6.036         6
       3             6   3               1.014         1
       4             8   1               9.699         9
       5             8   2               4.464         4
       6            12   1               2.376         1
       7            12   2               2.038         2
       8            14   1              12.311         9
       9            14   2               5.903         6
      10            14   3               1.013         1
      11            16   1              10.539         9
      12            16   2               6.038         4
      13            16   3               9.770         9
      14            20   1               5.094         1
      15            20   2               4.113         2
      16            22   1              87.242        21
      17            22   2              94.170        28
      18            22   3              26.626        21
      19            24   1              43.802         7
      20            24   2              27.425         6
      21            24   3              36.232        25
      22            26   1              69.513        25
      23            26   2              78.913        30
      24            26   3              32.130        25
      25            27   1              68.656        28
      26            27   2              59.153        21
      27            27   3              32.643        28
      28            28   1              43.362        21
      29            28   2              23.198        10
      30            28   3              21.602        21
 31  5
       1             6   1              10.570         9
       2             6   2               6.024         6
       3             6   3               1.012         1
       4             8   1               9.648         9
       5             8   2               4.417         4
       6            12   1               2.067         1
       7            12   2               2.029         2
       8            14   1              11.953         9
       9            14   2               5.889         6
      10            14   3               1.011         1
      11            16   1              10.455         9
      12            16   2               5.914         4
      13            16   3               9.694         9
      14            20   1               4.341         1
      15            20   2               3.981         2
      16            22   1              80.802        21
      17            22   2              92.018        28
      18            22   3              26.332        21
      19            24   1              39.922         7
      20            24   2              25.610         6
      21            24   3              35.275        25
      22            26   1              65.230        25
      23            26   2              76.557        30
      24            26   3              31.374        25
      25            27   1              65.640        28
      26            27   2              57.537        21
      27            27   3              32.048        28
      28            28   1              42.104        21
      29            28   2              22.507        10
      30            28   3              21.348        21
 31  6
       1             6   1              10.475         9
       2             6   2               6.012         6
       3             6   3               1.009         1
       4             8   1               9.590         9
       5             8   2               4.364         4
       6            12   1               1.796         1
       7            12   2               2.020         2
       8            14   1              11.630         9
       9            14   2               5.875         6
      10            14   3               1.008         1
      11            16   1              10.360         9
      12            16   2               5.770         4
      13            16   3               9.602         9
      14            20   1               3.637         1
      15            20   2               3.832         2
      16            22   1              74.236        21
      17            22   2              89.575        28
      18            22   3              25.983        21
      19            24   1              35.961         7
      20            24   2              23.604         6
      21            24   3              34.183        25
      22            26   1              60.807        25
      23            26   2              73.899        30
      24            26   3              30.521        25
      25            27   1              62.494        28
      26            27   2              55.677        21
      27            27   3              31.361        28
      28            28   1              40.845        21
      29            28   2              21.707        10
      30            28   3              21.052        21
 31  7
       1             6   1              10.372         9
       2             6   2               6.001         6
       3             6   3               1.006         1
       4             8   1               9.525         9
       5             8   2               4.310         4
       6            12   1               1.586         1
       7            12   2               2.013         2
       8            14   1              11.361         9
       9            14   2               5.862         6
      10            14   3               1.006         1
      11            16   1              10.258         9
      12            16   2               5.613         4
      13            16   3               9.496         9
      14            20   1               3.051         1
      15            20   2               3.676         2
      16            22   1              68.109        21
      17            22   2              86.943        28
      18            22   3              25.592        21
      19            24   1              32.217         7
      20            24   2              21.519         6
      21            24   3              33.007        25
      22            26   1              56.572        25
      23            26   2              71.059        30
      24            26   3              29.613        25
      25            27   1              59.436        28
      26            27   2              53.644        21
      27            27   3              30.613        28
      28            28   1              39.686        21
      29            28   2              20.826        10
      30            28   3              20.723        21
 31  8
       1             6   1              10.269         9
       2             6   2               5.991         6
       3             6   3               1.004         1
       4             8   1               9.461         9
       5             8   2               4.260         4
       6            12   1               1.443         1
       7            12   2               2.009         2
       8            14   1              11.156         9
       9            14   2               5.851         6
      10            14   3               1.004         1
      11            16   1              10.158         9
      12            16   2               5.456         4
      13            16   3               9.387         9
      14            20   1               2.630         1
      15            20   2               3.526         2
      16            22   1              63.034        21
      17            22   2              84.359        28
      18            22   3              25.194        21
      19            24   1              29.035         7
      20            24   2              19.568         6
      21            24   3              31.867        25
      22            26   1              52.921        25
      23            26   2              68.312        30
      24            26   3              28.745        25
      25            27   1              56.744        28
      26            27   2              51.627        21
      27            27   3              29.875        28
      28            28   1              38.730        21
      29            28   2              19.946        10
      30            28   3              20.392        21
 31  9
       1             6   1              10.168         9
       2             6   2               5.982         6
       3             6   3               1.003         1
       4             8   1               9.398         9
       5             8   2               4.215         4
       6            12   1               1.345         1
       7            12   2               2.006         2
       8            14   1              10.990         9
       9            14   2               5.840         6
      10            14   3               1.003         1
      11            16   1              10.057         9
      12            16   2               5.303         4
      13            16   3               9.275         9
      14            20   1               2.330         1
      15            20   2               3.382         2
      16            22   1              58.799        21
      17            22   2              81.821        28
      18            22   3              24.794        21
      19            24   1              26.316         7
      20            24   2              17.770         6
      21            24   3              30.778        25
      22            26   1              49.744        25
      23            26   2              65.677        30
      24            26   3              27.929        25
      25            27   1              54.338        28
      26            27   2              49.640        21
      27            27   3              29.158        28
      28            28   1              37.924        21
      29            28   2              19.076        10
      30            28   3              20.062        21
 31 10
       1             6   1              10.072         9
       2             6   2               5.975         6
       3             6   3               1.002         1
       4             8   1               9.338         9
       5             8   2               4.176         4
       6            12   1               1.273         1
       7            12   2               2.004         2
       8            14   1              10.847         9
       9            14   2               5.831         6
      10            14   3               1.002         1
      11            16   1               9.959         9
      12            16   2               5.161         4
      13            16   3               9.163         9
      14            20   1               2.103         1
      15            20   2               3.248         2
      16            22   1              55.134        21
      17            22   2              79.389        28
      18            22   3              24.406        21
      19            24   1              23.987         7
      20            24   2              16.176         6
      21            24   3              29.782        25
      22            26   1              46.955        25
      23            26   2              63.235        30
      24            26   3              27.192        25
      25            27   1              52.166        28
      26            27   2              47.751        21
      27            27   3              28.488        28
      28            28   1              37.219        21
      29            28   2              18.246        10
      30            28   3              19.745        21
 31 11
       1             6   1               9.983         9
       2             6   2               5.970         6
       3             6   3               1.001         1
       4             8   1               9.284         9
       5             8   2               4.143         4
       6            12   1               1.220         1
       7            12   2               2.003         2
       8            14   1              10.722         9
       9            14   2               5.822         6
      10            14   3               1.001         1
      11            16   1               9.866         9
      12            16   2               5.033         4
      13            16   3               9.058         9
      14            20   1               1.925         1
      15            20   2               3.126         2
      16            22   1              51.941        21
      17            22   2              77.134        28
      18            22   3              24.045        21
      19            24   1              22.025         7
      20            24   2              14.818         6
      21            24   3              28.907        25
      22            26   1              44.538        25
      23            26   2              61.053        30
      24            26   3              26.554        25
      25            27   1              50.227        28
      26            27   2              46.018        21
      27            27   3              27.885        28
      28            28   1              36.598        21
      29            28   2              17.484        10
      30            28   3              19.451        21
 31 12
       1             6   1               9.888         9
       2             6   2               5.964         6
       3             6   3               1.001         1
       4             8   1               9.227         9
       5             8   2               4.113         4
       6            12   1               1.175         1
       7            12   2               2.002         2
       8            14   1              10.591         9
       9            14   2               5.812         6
      10            14   3               1.001         1
      11            16   1               9.764         9
      12            16   2               4.901         4
      13            16   3               8.942         9
      14            20   1               1.767         1
      15            20   2               2.999         2
      16            22   1              48.757        21
      17            22   2              74.713        28
      18            22   3              23.656        21
      19            24   1              20.121         7
      20            24   2              13.486         6
      21            24   3              28.022        25
      22            26   1              42.124        25
      23            26   2              58.796        30
      24            26   3              25.918        25
      25            27   1              48.225        28
      26            27   2              44.177        21
      27            27   3              27.257        28
      28            28   1              35.964        21
      29            28   2              16.675        10
      30            28   3              19.136        21
 31 13
       1             6   1               9.793         9
       2             6   2               5.960         6
       3             6   3               1.001         1
       4             8   1               9.172         9
       5             8   2               4.087         4
       6            12   1               1.137         1
       7            12   2               2.001         2
       8            14   1              10.459         9
       9            14   2               5.801         6
      10            14   3               1.000         1
      11            16   1               9.659         9
      12            16   2               4.774         4
      13            16   3               8.821         9
      14            20   1               1.631         1
      15            20   2               2.875         2
      16            22   1              45.719        21
      17            22   2              72.270        28
      18            22   3              23.264        21
      19            24   1              18.385         7
      20            24   2              12.274         6
      21            24   3              27.190        25
      22            26   1              39.845        25
      23            26   2              56.611        30
      24            26   3              25.328        25
      25            27   1              46.264        28
      26            27   2              42.341        21
      27            27   3              26.646        28
      28            28   1              35.341        21
      29            28   2              15.871        10
      30            28   3              18.818        21
 31 14
       1             6   1               9.721         9
       2             6   2               5.956         6
       3             6   3               1.000         1
       4             8   1               9.131         9
       5             8   2               4.070         4
       6            12   1               1.112         1
       7            12   2               2.001         2
       8            14   1              10.357         9
       9            14   2               5.792         6
      10            14   3               1.000         1
      11            16   1               9.576         9
      12            16   2               4.682         4
      13            16   3               8.727         9
      14            20   1               1.535         1
      15            20   2               2.782         2
      16            22   1              43.421        21
      17            22   2              70.387        28
      18            22   3              22.963        21
      19            24   1              17.152         7
      20            24   2              11.429         6
      21            24   3              26.592        25
      22            26   1              38.168        25
      23            26   2              54.989        30
      24            26   3              24.908        25
      25            27   1              44.774        28
      26            27   2              40.940        21
      27            27   3              26.191        28
      28            28   1              34.861        21
      29            28   2              15.262        10
      30            28   3              18.572        21
 31 15
       1             6   1               9.672         9
       2             6   2               5.954         6
       3             6   3               1.000         1
       4             8   1               9.103         9
       5             8   2               4.059         4
       6            12   1               1.097         1
       7            12   2               2.001         2
       8            14   1              10.285         9
       9            14   2               5.785         6
      10            14   3               1.000         1
      11            16   1               9.518         9
      12            16   2               4.620         4
      13            16   3               8.660         9
      14            20   1               1.469         1
      15            20   2               2.719         2
      16            22   1              41.817        21
      17            22   2              69.074        28
      18            22   3              22.753        21
      19            24   1              16.340         7
      20            24   2              10.884         6
      21            24   3              26.198        25
      22            26   1              37.033        25
      23            26   2              53.890        30
      24            26   3              24.634        25
      25            27   1              43.741        28
      26            27   2              39.971        21
      27            27   3              25.882        28
      28            28   1              34.524        21
      29            28   2              14.843        10
      30            28   3              18.401        21
 31 16
       1             6   1               9.636         9
       2             6   2               5.952         6
       3             6   3               1.000         1
       4             8   1               9.083         9
       5             8   2               4.052         4
       6            12   1               1.086         1
       7            12   2               2.001         2
       8            14   1              10.231         9
       9            14   2               5.780         6
      10            14   3               1.000         1
      11            16   1               9.475         9
      12            16   2               4.577         4
      13            16   3               8.610         9
      14            20   1               1.422         1
      15            20   2               2.674         2
      16            22   1              40.638        21
      17            22   2              68.113        28
      18            22   3              22.600        21
      19            24   1              15.770         7
      20            24   2              10.508         6
      21            24   3              25.921        25
      22            26   1              36.219        25
      23            26   2              53.100        30
      24            26   3              24.442        25
      25            27   1              42.987        28
      26            27   2              39.265        21
      27            27   3              25.659        28
      28            28   1              34.274        21
      29            28   2              14.540        10
      30            28   3              18.276        21
 31 17
       1             6   1               9.606         9
       2             6   2               5.951         6
       3             6   3               1.000         1
       4             8   1               9.066         9
       5             8   2               4.047         4
       6            12   1               1.077         1
       7            12   2               2.000         2
       8            14   1              10.186         9
       9            14   2               5.775         6
      10            14   3               1.000         1
      11            16   1               9.438         9
      12            16   2               4.542         4
      13            16   3               8.568         9
      14            20   1               1.383         1
      15            20   2               2.637         2
      16            22   1              39.657        21
      17            22   2              67.306        28
      18            22   3              22.472        21
      19            24   1              15.309         7
      20            24   2              10.206         6
      21            24   3              25.696        25
      22            26   1              35.549        25
      23            26   2              52.447        30
      24            26   3              24.286        25
      25            27   1              42.358        28
      26            27   2              38.673        21
      27            27   3              25.475        28
      28            28   1              34.064        21
      29            28   2              14.287        10
      30            28   3              18.170        21
 31 18
       1             6   1               9.575         9
       2             6   2               5.950         6
       3             6   3               1.000         1
       4             8   1               9.050         9
       5             8   2               4.041         4
       6            12   1               1.069         1
       7            12   2               2.000         2
       8            14   1              10.139         9
       9            14   2               5.770         6
      10            14   3               1.000         1
      11            16   1               9.401         9
      12            16   2               4.506         4
      13            16   3               8.524         9
      14            20   1               1.348         1
      15            20   2               2.600         2
      16            22   1              38.689        21
      17            22   2              66.475        28
      18            22   3              22.340        21
      19            24   1              14.855         7
      20            24   2               9.909         6
      21            24   3              25.471        25
      22            26   1              34.882        25
      23            26   2              51.781        30
      24            26   3              24.131        25
      25            27   1              41.718        28
      26            27   2              38.064        21
      27            27   3              25.287        28
      28            28   1              33.851        21
      29            28   2              14.028        10
      30            28   3              18.061        21
 31 19
       1             6   1               9.540         9
       2             6   2               5.948         6
       3             6   3               1.000         1
       4             8   1               9.031         9
       5             8   2               4.036         4
       6            12   1               1.061         1
       7            12   2               2.000         2
       8            14   1              10.085         9
       9            14   2               5.765         6
      10            14   3               1.000         1
      11            16   1               9.358         9
      12            16   2               4.467         4
      13            16   3               8.474         9
      14            20   1               1.312         1
      15            20   2               2.558         2
      16            22   1              37.651        21
      17            22   2              65.539        28
      18            22   3              22.191        21
      19            24   1              14.369         7
      20            24   2               9.589         6
      21            24   3              25.226        25
      22            26   1              34.159        25
      23            26   2              51.039        30
      24            26   3              23.962        25
      25            27   1              41.007        28
      26            27   2              37.378        21
      27            27   3              25.077        28
      28            28   1              33.612        21
      29            28   2              13.739        10
      30            28   3              17.937        21
 31 20
       1             6   1               9.506         9
       2             6   2               5.946         6
       3             6   3               1.000         1
       4             8   1               9.013         9
       5             8   2               4.031         4
       6            12   1               1.054         1
       7            12   2               2.000         2
       8            14   1              10.030         9
       9            14   2               5.759         6
      10            14   3               1.000         1
      11            16   1               9.315         9
      12            16   2               4.430         4
      13            16   3               8.423         9
      14            20   1               1.279         1
      15            20   2               2.518         2
      16            22   1              36.641        21
      17            22   2              64.601        28
      18            22   3              22.043        21
      19            24   1              13.903         7
      20            24   2               9.284         6
      21            24   3              24.990        25
      22            26   1              33.455        25
      23            26   2              50.305        30
      24            26   3              23.799        25
      25            27   1              40.300        28
      26            27   2              36.692        21
      27            27   3              24.869        28
      28            28   1              33.372        21
      29            28   2              13.451        10
      30            28   3              17.811        21
