
     NP4 =     9     ITT =  4     JS = 20      KB = 501 XE1= 0.210

     Day = 10.40     Log Taug = -3.700

     CHL(eV) = 25.0     NC =  5

     WVM1 = 0.2500    WVM2 = 1.2000       KG =  1500

                  LOG R/RS     LOG L/LS         VEL LB          TB

                   4.179       9.250           11700.0       10000.0


                     1.0000



       RADIUS    VELOCITY  DENSITY    MASS    TOT. MASS   NEWMASS NEWTOT. MASS Kin. En.
   1  0.53D+14    193.09  0.19D-12  0.582D-04  0.582D-04  0.152D-02  0.152D-02  0.284D+12
   2  0.46D+15   1699.64  0.12D-12  0.204D-01  0.205D-01  0.508D-01  0.523D-01  0.734D+15
   3  0.76D+15   2779.51  0.82D-13  0.566D-01  0.770D-01  0.808D-01  0.133D+00  0.385D+16
   4  0.10D+16   3736.92  0.58D-13  0.754D-01  0.152D+00  0.907D-01  0.224D+00  0.102D+17
   5  0.12D+16   4553.08  0.43D-13  0.773D-01  0.230D+00  0.910D-01  0.315D+00  0.196D+17
   6  0.15D+16   5334.55  0.32D-13  0.790D-01  0.309D+00  0.943D-01  0.409D+00  0.330D+17
   7  0.17D+16   6153.91  0.24D-13  0.826D-01  0.391D+00  0.986D-01  0.508D+00  0.517D+17
   8  0.19D+16   7036.23  0.17D-13  0.841D-01  0.475D+00  0.115D+00  0.623D+00  0.802D+17
   9  0.22D+16   8256.81  0.11D-13  0.102D+00  0.577D+00  0.105D+00  0.728D+00  0.116D+18
  10  0.25D+16   9216.44  0.86D-14  0.808D-01  0.658D+00  0.891D-01  0.817D+00  0.154D+18
  11  0.28D+16  10159.20  0.72D-14  0.812D-01  0.739D+00  0.101D+00  0.918D+00  0.206D+18
  12  0.31D+16  11337.24  0.49D-14  0.853D-01  0.825D+00  0.882D-01  0.101D+01  0.263D+18
  13  0.34D+16  12358.60  0.33D-14  0.613D-01  0.886D+00  0.721D-01  0.108D+01  0.318D+18
  14  0.37D+16  13539.64  0.32D-14  0.820D-01  0.968D+00  0.716D-01  0.115D+01  0.383D+18
  15  0.39D+16  14262.30  0.31D-14  0.552D-01  0.102D+01  0.653D-01  0.122D+01  0.450D+18
  16  0.41D+16  15158.44  0.27D-14  0.662D-01  0.109D+01  0.985D-01  0.131D+01  0.563D+18
  17  0.46D+16  16746.85  0.54D-15  0.277D-01  0.112D+01  0.555D-01  0.137D+01  0.641D+18
  18  0.57D+16  20745.14  0.64D-16  0.116D-01  0.113D+01  0.989D-02  0.138D+01  0.662D+18
  19  0.61D+16  22490.48  0.20D-16  0.205D-02  0.113D+01  0.109D-02  0.138D+01  0.665D+18
 /, Kin. En. =    51.121343040386641     

      XS      VS        LOG RH      TE       TR       W    SH M    TOTM

      0.98  11935.73    -12.96   8676.68   9640.75  0.401  0.034  0.034
      0.94  12436.89    -13.03   8676.68   9640.75  0.330  0.034  0.069
      0.90  12981.97    -13.04   8676.68   9640.75  0.283  0.040  0.109
      0.86  13577.02    -13.05   8676.68   9640.75  0.246  0.047  0.157
      0.82  14229.25    -13.06   8676.68   9640.75  0.215  0.055  0.211
      0.78  14947.30    -13.11   8676.68   9640.75  0.189  0.060  0.271
      0.74  15741.68    -13.39   8676.68   9640.75  0.165  0.039  0.310
      0.70  16625.22    -13.77   8676.68   9640.75  0.145  0.020  0.330
      0.66  17613.85    -14.04   8676.68   9640.75  0.126  0.014  0.343
      0.62  18727.49    -14.31   8676.68   9640.75  0.110  0.009  0.353
      0.59  19991.46    -14.59   8676.68   9640.75  0.095  0.006  0.359
      0.55  21438.39    -14.96   8676.68   9640.75  0.081  0.004  0.363
      0.51  23111.11    -15.43   8676.68   9640.75  0.069  0.002  0.364
      0.47  25066.95    -15.95   8676.68   9640.75  0.058  0.001  0.365
      0.43  27384.44    -16.52   8676.68   9640.75  0.048  0.000  0.365
      0.39  30174.08    -17.14   8676.68   9640.75  0.039  0.000  0.365
      0.35  33596.55    -17.82   8676.68   9640.75  0.031  0.000  0.365
      0.31  37894.74    -18.59   8676.68   9640.75  0.024  0.000  0.365
      0.27  43454.04    -19.46   8676.68   9640.75  0.018  0.000  0.365
      0.23  50924.92    -20.47   8676.68   9640.75  0.013  0.000  0.365

        XS        VS          LOG RH       TE          TR         W

        0.98    11935.73      -12.96     8676.68     9640.75    0.401
        0.94    12436.89      -13.03     8676.68     9640.75    0.330
        0.90    12981.97      -13.04     8676.68     9640.75    0.283
        0.86    13577.02      -13.05     8676.68     9640.75    0.246
        0.82    14229.25      -13.06     8676.68     9640.75    0.215
        0.78    14947.30      -13.11     8676.68     9640.75    0.189
        0.74    15741.68      -13.39     8676.68     9640.75    0.165
        0.70    16625.22      -13.77     8676.68     9640.75    0.145
        0.66    17613.85      -14.04     8676.68     9640.75    0.126
        0.62    18727.49      -14.31     8676.68     9640.75    0.110
        0.59    19991.46      -14.59     8676.68     9640.75    0.095
        0.55    21438.39      -14.96     8676.68     9640.75    0.081
        0.51    23111.11      -15.43     8676.68     9640.75    0.069
        0.47    25066.95      -15.95     8676.68     9640.75    0.058
        0.43    27384.44      -16.52     8676.68     9640.75    0.048
        0.39    30174.08      -17.14     8676.68     9640.75    0.039
        0.35    33596.55      -17.82     8676.68     9640.75    0.031
        0.31    37894.74      -18.59     8676.68     9640.75    0.024
        0.27    43454.04      -19.46     8676.68     9640.75    0.018
        0.23    50924.92      -20.47     8676.68     9640.75    0.013

     No. of ions =  30            Total No. Included = 57533


         En consv. check  -0.109D-13


      NPK        ABS      ESC      event      no event            out of rg

     90000     57819     32181     18831     13350         0         0


                         No. pkts   =   90000
                         Esc to inf =   32181
                         No line ev =       0
  PW(2)=    30948.735248908619       RQ(JS,5)=    30948.735248908619     
  TB=   10000.000000000000       CLP=  1.28621664520336392E-005  CL=  3.23114980937795900E-005

     JP       LP       KP        KJ         L        NUJ        BT        NPK

  2.03382  0.69992  0.67150  0.253E+00   1.15305  0.810E+15   0.0398   1 1.381E+05
  1.64686  0.71470  0.55504  0.234E+00   1.13268  0.790E+15   0.0415   2 1.244E+05
  1.34445  0.72367  0.46136  0.225E+00   1.11429  0.776E+15   0.0433   3 1.131E+05
  1.06042  0.73913  0.36878  0.219E+00   1.09377  0.768E+15   0.0453   4 9.929E+04
  0.79291  0.76347  0.28171  0.212E+00   1.07178  0.753E+15   0.0475   5 8.369E+04
  0.55157  0.79618  0.19980  0.191E+00   1.04794  0.724E+15   0.0499   6 6.588E+04
  0.35541  0.83208  0.13923  0.166E+00   1.02811  0.685E+15   0.0525   7 5.058E+04
  0.23766  0.85370  0.10462  0.136E+00   1.01586  0.642E+15   0.0555   8 4.170E+04
  0.17500  0.86048  0.08545  0.101E+00   1.00913  0.598E+15   0.0588   9 3.737E+04
  0.13107  0.86351  0.07236  0.693E-01   1.00494  0.562E+15   0.0625  10 3.484E+04
  0.10232  0.86137  0.06247  0.478E-01   1.00244  0.534E+15   0.0667  11 3.344E+04
  0.08092  0.85662  0.05425  0.260E-01   1.00103  0.509E+15   0.0715  12 3.265E+04
  0.06529  0.84838  0.04698  0.163E-01   1.00035  0.495E+15   0.0771  13 3.233E+04
  0.05268  0.83764  0.04025  0.112E-01   1.00010  0.485E+15   0.0836  14 3.221E+04
  0.04219  0.82428  0.03388  0.909E-02   1.00004  0.479E+15   0.0913  15 3.219E+04
  0.03331  0.80789  0.02786  0.821E-02   1.00001  0.473E+15   0.1006  16 3.219E+04
  0.02571  0.78781  0.02227  0.722E-02   1.00000  0.466E+15   0.1121  17 3.218E+04
  0.01926  0.76277  0.01719  0.629E-02   1.00000  0.457E+15   0.1264  18 3.218E+04
  0.01385  0.73086  0.01268  0.522E-02   1.00000  0.447E+15   0.1449  19 3.218E+04
  0.00940  0.68897  0.00880  0.458E-02   1.00000  0.433E+15   0.1699  20 3.218E+04
                                         0.39807

     Scale:  L = 42.833     L+ = 43.296

               TB1 = 12589.6          Log EP0 = 38.342102
  TEMP IT no:           1

    16.5    -24.1770      0.3439   T* =  9640.8   TB = 12589.6

        XS        VS          LOG RH       TE          TR         W

        0.98    11935.73      -12.96     8954.10     9949.01    1.765
        0.94    12436.89      -13.03     8845.88     9828.75    1.536
        0.90    12981.97      -13.04     8737.65     9708.50    1.307
        0.86    13577.02      -13.05     8650.25     9611.38    1.072
        0.82    14229.25      -13.06     8517.39     9463.77    0.852
        0.78    14947.30      -13.11     8295.81     9217.57    0.660
        0.74    15741.68      -13.39     8000.73     8889.70    0.506
        0.70    16625.22      -13.77     7667.48     8519.42    0.403
        0.66    17613.85      -14.04     7337.90     8153.22    0.346
        0.62    18727.49      -14.31     7055.16     7839.06    0.305
        0.59    19991.46      -14.59     6823.74     7581.94    0.270
        0.55    21438.39      -14.96     6639.50     7377.22    0.238
        0.51    23111.11      -15.43     6514.96     7238.85    0.207
        0.47    25066.95      -15.95     6437.73     7153.04    0.175
        0.43    27384.44      -16.52     6382.91     7092.12    0.145
        0.39    30174.08      -17.14     6331.94     7035.49    0.118
        0.35    33596.55      -17.82     6274.25     6971.39    0.095
        0.31    37894.74      -18.59     6206.64     6896.27    0.074
        0.27    43454.04      -19.46     6122.52     6802.80    0.056
        0.23    50924.92      -20.47     6038.40     6709.33    0.039

         En consv. check   0.143D-13


      NPK        ABS      ESC      event      no event            out of rg

     90000     60010     29990     18875     11115         0         0


                         No. pkts   =   90000
                         Esc to inf =   29990
                         No line ev =       0
  PW(2)=    28426.484945890610       RQ(JS,5)=    28426.484945890610     
  TB=   12589.565513254867       CLP=  3.23114980937796442E-005  CL=  3.51784612801577486E-005

     JP       LP       KP        KJ         L        NUJ        BT        NPK

  2.22476  0.69584  0.72971  0.194E+00   1.19037  0.957E+15   0.0398   1 1.382E+05
  1.84036  0.70480  0.60433  0.158E+00   1.16841  0.913E+15   0.0415   2 1.251E+05
  1.48446  0.71892  0.50449  0.138E+00   1.14871  0.886E+15   0.0433   3 1.143E+05
  1.22575  0.72231  0.42298  0.135E+00   1.13061  0.874E+15   0.0453   4 1.054E+05
  0.97028  0.73496  0.33804  0.121E+00   1.10900  0.857E+15   0.0475   5 9.314E+04
  0.73768  0.75417  0.25557  0.108E+00   1.08474  0.830E+15   0.0499   6 7.838E+04
  0.49544  0.79447  0.18378  0.917E-01   1.06074  0.802E+15   0.0525   7 6.270E+04
  0.35918  0.81190  0.13984  0.753E-01   1.04432  0.769E+15   0.0555   8 5.298E+04
  0.26524  0.82217  0.11006  0.615E-01   1.03202  0.740E+15   0.0588   9 4.631E+04
  0.19295  0.83102  0.08703  0.495E-01   1.02145  0.704E+15   0.0625  10 4.080E+04
  0.13868  0.83804  0.06930  0.319E-01   1.01272  0.657E+15   0.0667  11 3.630E+04
  0.09853  0.84318  0.05613  0.238E-01   1.00629  0.613E+15   0.0715  12 3.295E+04
  0.07276  0.84193  0.04684  0.136E-01   1.00272  0.574E+15   0.0771  13 3.119E+04
  0.05606  0.83443  0.03955  0.970E-02   1.00100  0.550E+15   0.0836  14 3.041E+04
  0.04372  0.82287  0.03318  0.367E-02   1.00028  0.530E+15   0.0913  15 3.008E+04
  0.03416  0.80700  0.02737  0.242E-02   1.00009  0.520E+15   0.1006  16 3.002E+04
  0.02613  0.78742  0.02196  0.163E-02   1.00003  0.509E+15   0.1121  17 3.000E+04
  0.01949  0.76256  0.01700  0.152E-02   1.00001  0.499E+15   0.1264  18 2.999E+04
  0.01398  0.73073  0.01258  0.141E-02   1.00000  0.487E+15   0.1449  19 2.999E+04
  0.00946  0.68889  0.00874  0.126E-02   1.00000  0.472E+15   0.1699  20 2.999E+04
                                         0.91850

     Scale:  L = 42.833     L+ = 43.333

               TB1 = 12860.0          Log EP0 = 38.379022
  TEMP IT no:           2

     7.4    -24.1770      0.3158   T* =  9640.8   TB = 12860.0

        XS        VS          LOG RH       TE          TR         W

        0.98    11935.73      -12.96    10138.30    11264.77    1.189
        0.94    12436.89      -13.03     9889.48    10988.31    1.086
        0.90    12981.97      -13.04     9640.67    10711.86    0.984
        0.86    13577.02      -13.05     9476.63    10529.59    0.857
        0.82    14229.25      -13.06     9292.58    10325.09    0.735
        0.78    14947.30      -13.11     9033.31    10037.01    0.616
        0.74    15741.68      -13.39     8718.49     9687.21    0.502
        0.70    16625.22      -13.77     8379.01     9310.01    0.418
        0.66    17613.85      -14.04     8031.59     8923.99    0.362
        0.62    18727.49      -14.31     7653.48     8503.86    0.320
        0.59    19991.46      -14.59     7240.13     8044.59    0.287
        0.55    21438.39      -14.96     6842.79     7603.10    0.259
        0.51    23111.11      -15.43     6516.54     7240.60    0.232
        0.47    25066.95      -15.95     6279.04     6976.71    0.206
        0.43    27384.44      -16.52     6114.02     6793.35    0.179
        0.39    30174.08      -17.14     5997.90     6664.33    0.150
        0.35    33596.55      -17.82     5898.92     6554.36    0.123
        0.31    37894.74      -18.59     5794.79     6438.65    0.098
        0.27    43454.04      -19.46     5674.84     6305.38    0.077
        0.23    50924.92      -20.47     5554.89     6172.10    0.055

         En consv. check  -0.926D-14


      NPK        ABS      ESC      event      no event            out of rg

     90000     57309     32691     19407     13284         0         0


                         No. pkts   =   90000
                         Esc to inf =   32691
                         No line ev =       0
  PW(2)=    31070.243917592907       RQ(JS,5)=    31070.243917592907     
  TB=   12859.991408232378       CLP=  3.51784612801577350E-005  CL=  3.21851351618700972E-005

     JP       LP       KP        KJ         L        NUJ        BT        NPK

  2.00430  0.72131  0.65982  0.223E+00   1.16769  0.101E+16   0.0398   1 1.364E+05
  1.61432  0.73760  0.54179  0.190E+00   1.14709  0.967E+15   0.0415   2 1.223E+05
  1.32315  0.74533  0.45377  0.172E+00   1.12989  0.940E+15   0.0433   3 1.122E+05
  1.08051  0.75130  0.37305  0.160E+00   1.11197  0.919E+15   0.0453   4 1.015E+05
  0.84152  0.76645  0.29700  0.144E+00   1.09280  0.904E+15   0.0475   5 8.934E+04
  0.61787  0.79030  0.22261  0.137E+00   1.07116  0.887E+15   0.0499   6 7.428E+04
  0.43176  0.81735  0.16395  0.111E+00   1.05189  0.849E+15   0.0525   7 6.059E+04
  0.30969  0.83399  0.12786  0.934E-01   1.03891  0.822E+15   0.0555   8 5.229E+04
  0.23913  0.83696  0.10591  0.874E-01   1.03073  0.803E+15   0.0588   9 4.804E+04
  0.18717  0.83614  0.08773  0.650E-01   1.02336  0.778E+15   0.0625  10 4.437E+04
  0.14072  0.83790  0.07239  0.530E-01   1.01660  0.742E+15   0.0667  11 4.104E+04
  0.10576  0.83727  0.05894  0.381E-01   1.01004  0.702E+15   0.0715  12 3.772E+04
  0.07745  0.83687  0.04834  0.234E-01   1.00510  0.657E+15   0.0771  13 3.514E+04
  0.05786  0.83193  0.04017  0.121E-01   1.00222  0.617E+15   0.0836  14 3.371E+04
  0.04447  0.82145  0.03340  0.754E-02   1.00081  0.592E+15   0.0913  15 3.304E+04
  0.03433  0.80656  0.02741  0.349E-02   1.00021  0.573E+15   0.1006  16 3.276E+04
  0.02618  0.78724  0.02197  0.234E-02   1.00005  0.560E+15   0.1121  17 3.271E+04
  0.01950  0.76248  0.01701  0.214E-02   1.00001  0.548E+15   0.1264  18 3.269E+04
  0.01398  0.73070  0.01258  0.149E-02   1.00000  0.535E+15   0.1449  19 3.269E+04
  0.00946  0.68888  0.00874  0.109E-02   1.00000  0.518E+15   0.1699  20 3.269E+04
                                         1.09300

     Scale:  L = 42.833     L+ = 43.295

               TB1 = 12577.2          Log EP0 = 38.340400
  TEMP IT no:           3

     7.3    -24.1770      0.3452   T* =  9640.8   TB = 12577.2

        XS        VS          LOG RH       TE          TR         W

        0.98    11935.73      -12.96    10930.95    12145.50    0.783
        0.94    12436.89      -13.03    10630.22    11811.36    0.722
        0.90    12981.97      -13.04    10329.49    11477.21    0.660
        0.86    13577.02      -13.05    10105.57    11228.41    0.584
        0.82    14229.25      -13.06     9910.48    11011.64    0.492
        0.78    14947.30      -13.11     9664.16    10737.96    0.401
        0.74    15741.68      -13.39     9335.15    10372.39    0.328
        0.70    16625.22      -13.77     9013.99    10015.54    0.273
        0.66    17613.85      -14.04     8731.07     9701.18    0.235
        0.62    18727.49      -14.31     8410.85     9345.39    0.211
        0.59    19991.46      -14.59     8021.93     8913.26    0.193
        0.55    21438.39      -14.96     7588.78     8431.98    0.180
        0.51    23111.11      -15.43     7155.05     7950.06    0.169
        0.47    25066.95      -15.95     6786.79     7540.88    0.156
        0.43    27384.44      -16.52     6520.32     7244.80    0.140
        0.39    30174.08      -17.14     6332.91     7036.57    0.121
        0.35    33596.55      -17.82     6188.96     6876.62    0.102
        0.31    37894.74      -18.59     6058.13     6731.25    0.082
        0.27    43454.04      -19.46     5914.70     6571.89    0.065
        0.23    50924.92      -20.47     5771.27     6412.52    0.047

         En consv. check   0.332D-14


      NPK        ABS      ESC      event      no event            out of rg

     90000     56354     33646     18635     15011         0         0


                         No. pkts   =   90000
                         Esc to inf =   33646
                         No line ev =       0
  PW(2)=    32199.484059769758       RQ(JS,5)=    32199.827838949364     
  TB=   12577.238687729903       CLP=  3.21851351618701920E-005  CL=  3.10560666659958324E-005

     JP       LP       KP        KJ         L        NUJ        BT        NPK

  1.91373  0.72590  0.64095  0.254E+00   1.15411  0.102E+16   0.0398   1 1.371E+05
  1.56576  0.73670  0.53001  0.224E+00   1.13483  0.984E+15   0.0415   2 1.238E+05
  1.27909  0.74509  0.44170  0.208E+00   1.11764  0.962E+15   0.0433   3 1.130E+05
  1.03679  0.75276  0.36104  0.191E+00   1.09980  0.936E+15   0.0453   4 1.016E+05
  0.80472  0.76806  0.28513  0.183E+00   1.08070  0.921E+15   0.0475   5 8.858E+04
  0.58299  0.79354  0.21033  0.160E+00   1.05900  0.893E+15   0.0499   6 7.251E+04
  0.39556  0.82371  0.15221  0.146E+00   1.03997  0.862E+15   0.0525   7 5.798E+04
  0.27793  0.84167  0.11630  0.130E+00   1.02713  0.828E+15   0.0555   8 4.891E+04
  0.20756  0.84821  0.09529  0.998E-01   1.01947  0.788E+15   0.0588   9 4.422E+04
  0.15560  0.85192  0.07942  0.750E-01   1.01359  0.749E+15   0.0625  10 4.074E+04
  0.12088  0.85007  0.06709  0.652E-01   1.00919  0.723E+15   0.0667  11 3.841E+04
  0.09178  0.84849  0.05668  0.426E-01   1.00566  0.682E+15   0.0715  12 3.645E+04
  0.07168  0.84231  0.04799  0.267E-01   1.00320  0.652E+15   0.0771  13 3.519E+04
  0.05558  0.83436  0.04043  0.210E-01   1.00155  0.622E+15   0.0836  14 3.434E+04
  0.04357  0.82240  0.03374  0.947E-02   1.00064  0.602E+15   0.0913  15 3.391E+04
  0.03384  0.80716  0.02768  0.627E-02   1.00022  0.585E+15   0.1006  16 3.372E+04
  0.02596  0.78744  0.02213  0.471E-02   1.00006  0.574E+15   0.1121  17 3.367E+04
  0.01938  0.76261  0.01710  0.423E-02   1.00001  0.562E+15   0.1264  18 3.365E+04
  0.01391  0.73078  0.01263  0.369E-02   1.00000  0.549E+15   0.1449  19 3.365E+04
  0.00943  0.68890  0.00877  0.311E-02   1.00000  0.533E+15   0.1699  20 3.365E+04
                                         1.03636

     Scale:  L = 42.833     L+ = 43.279

               TB1 = 12465.5          Log EP0 = 38.324896
  TEMP IT no:           4

     2.6    -24.1770      0.3578   T* =  9640.8   TB = 12465.5

        XS        VS          LOG RH       TE          TR         W

        0.98    11935.73      -12.96    11287.03    12541.15    0.664
        0.94    12436.89      -13.03    10986.24    12206.94    0.611
        0.90    12981.97      -13.04    10685.45    11872.73    0.557
        0.86    13577.02      -13.05    10438.87    11598.75    0.492
        0.82    14229.25      -13.06    10210.43    11344.92    0.417
        0.78    14947.30      -13.11     9933.52    11037.25    0.338
        0.74    15741.68      -13.39     9598.39    10664.88    0.270
        0.70    16625.22      -13.77     9231.39    10257.10    0.222
        0.66    17613.85      -14.04     8838.18     9820.20    0.194
        0.62    18727.49      -14.31     8455.10     9394.55    0.175
        0.59    19991.46      -14.59     8079.52     8977.24    0.160
        0.55    21438.39      -14.96     7679.09     8532.32    0.151
        0.51    23111.11      -15.43     7295.52     8106.14    0.144
        0.47    25066.95      -15.95     6970.94     7745.49    0.134
        0.43    27384.44      -16.52     6716.96     7463.29    0.122
        0.39    30174.08      -17.14     6529.95     7255.50    0.106
        0.35    33596.55      -17.82     6383.11     7092.35    0.089
        0.31    37894.74      -18.59     6246.50     6940.55    0.072
        0.27    43454.04      -19.46     6097.18     6774.64    0.057
        0.23    50924.92      -20.47     5947.86     6608.74    0.042

         En consv. check  -0.137D-14


      NPK        ABS      ESC      event      no event            out of rg

     90000     56511     33489     17987     15502         0         0


                         No. pkts   =   90000
                         Esc to inf =   33489
                         No line ev =       0
  PW(2)=    32054.681853429895       RQ(JS,5)=    32054.681853429895     
  TB=   12465.463429505869       CLP=  3.10561661371475188E-005  CL=  3.11966908476116588E-005

     JP       LP       KP        KJ         L        NUJ        BT        NPK

  1.95340  0.71911  0.64365  0.267E+00   1.15433  0.103E+16   0.0398   1 1.373E+05
  1.57255  0.73511  0.53549  0.243E+00   1.13553  0.100E+16   0.0415   2 1.245E+05
  1.28358  0.74373  0.44304  0.226E+00   1.11751  0.975E+15   0.0433   3 1.129E+05
  1.02437  0.75545  0.36106  0.211E+00   1.09947  0.950E+15   0.0453   4 1.009E+05
  0.80519  0.76763  0.28348  0.194E+00   1.07993  0.927E+15   0.0475   5 8.777E+04
  0.57896  0.79458  0.21013  0.177E+00   1.05867  0.899E+15   0.0499   6 7.199E+04
  0.38575  0.82729  0.15164  0.150E+00   1.03962  0.859E+15   0.0525   7 5.744E+04
  0.27666  0.84206  0.11746  0.127E+00   1.02748  0.824E+15   0.0555   8 4.925E+04
  0.20904  0.84712  0.09612  0.106E+00   1.01961  0.788E+15   0.0588   9 4.441E+04
  0.15460  0.85224  0.07960  0.778E-01   1.01339  0.743E+15   0.0625  10 4.059E+04
  0.11921  0.85105  0.06692  0.636E-01   1.00873  0.712E+15   0.0667  11 3.809E+04
  0.09139  0.84857  0.05640  0.428E-01   1.00509  0.671E+15   0.0715  12 3.608E+04
  0.07089  0.84303  0.04776  0.261E-01   1.00268  0.641E+15   0.0771  13 3.482E+04
  0.05477  0.83545  0.04027  0.147E-01   1.00115  0.607E+15   0.0836  14 3.399E+04
  0.04325  0.82295  0.03371  0.102E-01   1.00049  0.592E+15   0.0913  15 3.368E+04
  0.03378  0.80727  0.02769  0.674E-02   1.00021  0.579E+15   0.1006  16 3.356E+04
  0.02594  0.78749  0.02214  0.515E-02   1.00006  0.568E+15   0.1121  17 3.350E+04
  0.01937  0.76260  0.01711  0.474E-02   1.00000  0.557E+15   0.1264  18 3.349E+04
  0.01391  0.73078  0.01264  0.436E-02   1.00000  0.543E+15   0.1449  19 3.349E+04
  0.00943  0.68893  0.00877  0.308E-02   1.00000  0.526E+15   0.1699  20 3.349E+04
                                         0.99550

     Scale:  L = 42.833     L+ = 43.281

               TB1 = 12479.5          Log EP0 = 38.326853
  TEMP IT no:           5

     0.8    -24.1770      0.3562   T* =  9640.8   TB = 12479.5

        XS        VS          LOG RH       TE          TR         W

        0.98    11935.73      -12.96    11505.13    12783.47    0.625
        0.94    12436.89      -13.03    11205.65    12450.72    0.569
        0.90    12981.97      -13.04    10906.17    12117.97    0.513
        0.86    13577.02      -13.05    10632.70    11814.12    0.455
        0.82    14229.25      -13.06    10361.93    11513.26    0.390
        0.78    14947.30      -13.11    10042.52    11158.35    0.321
        0.74    15741.68      -13.39     9663.19    10736.88    0.259
        0.70    16625.22      -13.77     9265.73    10295.26    0.217
        0.66    17613.85      -14.04     8849.17     9832.42    0.193
        0.62    18727.49      -14.31     8424.03     9360.03    0.177
        0.59    19991.46      -14.59     8017.54     8908.37    0.164
        0.55    21438.39      -14.96     7618.37     8464.86    0.155
        0.51    23111.11      -15.43     7241.22     8045.80    0.146
        0.47    25066.95      -15.95     6923.75     7693.05    0.136
        0.43    27384.44      -16.52     6694.99     7438.87    0.122
        0.39    30174.08      -17.14     6532.68     7258.54    0.105
        0.35    33596.55      -17.82     6394.90     7105.45    0.088
        0.31    37894.74      -18.59     6260.34     6955.94    0.072
        0.27    43454.04      -19.46     6108.90     6787.67    0.057
        0.23    50924.92      -20.47     5957.46     6619.40    0.042

         En consv. check  -0.116D-13


      NPK        ABS      ESC      event      no event            out of rg

     90000     56651     33349     18106     15243         0         0


                         No. pkts   =   90000
                         Esc to inf =   33349
                         No line ev =       0
  PW(2)=    31903.651362171582       RQ(JS,5)=    31903.825658600486     
  TB=   12479.540675237769       CLP=  3.11966908476117333E-005  CL=  3.13442033786448003E-005

     JP       LP       KP        KJ         L        NUJ        BT        NPK

  1.95373  0.71921  0.64886  0.269E+00   1.15536  0.104E+16   0.0398   1 1.377E+05
  1.58284  0.73324  0.53818  0.254E+00   1.13610  0.101E+16   0.0415   2 1.246E+05
  1.28275  0.74398  0.44176  0.230E+00   1.11732  0.978E+15   0.0433   3 1.119E+05
  1.02422  0.75559  0.35857  0.208E+00   1.09896  0.950E+15   0.0453   4 9.983E+04
  0.79173  0.77161  0.28073  0.204E+00   1.07936  0.943E+15   0.0475   5 8.626E+04
  0.57294  0.79683  0.21039  0.175E+00   1.05904  0.895E+15   0.0499   6 7.174E+04
  0.39466  0.82410  0.15230  0.158E+00   1.04006  0.869E+15   0.0525   7 5.753E+04
  0.27433  0.84332  0.11730  0.128E+00   1.02763  0.821E+15   0.0555   8 4.882E+04
  0.20848  0.84769  0.09656  0.107E+00   1.02013  0.792E+15   0.0588   9 4.430E+04
  0.15883  0.84970  0.08043  0.824E-01   1.01409  0.755E+15   0.0625  10 4.089E+04
  0.12103  0.84976  0.06726  0.615E-01   1.00913  0.718E+15   0.0667  11 3.810E+04
  0.09177  0.84830  0.05657  0.417E-01   1.00536  0.674E+15   0.0715  12 3.602E+04
  0.07092  0.84306  0.04774  0.297E-01   1.00273  0.642E+15   0.0771  13 3.465E+04
  0.05475  0.83555  0.04023  0.145E-01   1.00117  0.610E+15   0.0836  14 3.381E+04
  0.04328  0.82294  0.03370  0.110E-01   1.00053  0.596E+15   0.0913  15 3.354E+04
  0.03379  0.80727  0.02768  0.750E-02   1.00021  0.583E+15   0.1006  16 3.341E+04
  0.02598  0.78736  0.02214  0.589E-02   1.00006  0.572E+15   0.1121  17 3.337E+04
  0.01938  0.76262  0.01711  0.507E-02   1.00002  0.559E+15   0.1264  18 3.335E+04
  0.01391  0.73078  0.01263  0.469E-02   1.00000  0.546E+15   0.1449  19 3.335E+04
  0.00943  0.68890  0.00877  0.383E-02   1.00000  0.529E+15   0.1699  20 3.335E+04
                                         0.99529

     Scale:  L = 42.833     L+ = 43.283

               TB1 = 12494.3          Log EP0 = 38.328905
  TEMP IT no:           6

     0.6    -24.1770      0.3545   T* =  9640.8   TB = 12494.3

        XS        VS          LOG RH       TE          TR         W

        0.98    11935.73      -12.96    11660.26    12955.85    0.596
        0.94    12436.89      -13.03    11330.52    12589.47    0.546
        0.90    12981.97      -13.04    11000.78    12223.09    0.496
        0.86    13577.02      -13.05    10726.86    11918.73    0.438
        0.82    14229.25      -13.06    10465.53    11628.36    0.371
        0.78    14947.30      -13.11    10113.80    11237.55    0.310
        0.74    15741.68      -13.39     9711.76    10790.85    0.255
        0.70    16625.22      -13.77     9295.27    10328.08    0.214
        0.66    17613.85      -14.04     8887.78     9875.31    0.190
        0.62    18727.49      -14.31     8485.87     9428.74    0.174
        0.59    19991.46      -14.59     8058.01     8953.34    0.163
        0.55    21438.39      -14.96     7628.09     8475.65    0.155
        0.51    23111.11      -15.43     7240.76     8045.29    0.147
        0.47    25066.95      -15.95     6931.69     7701.88    0.136
        0.43    27384.44      -16.52     6716.76     7463.07    0.121
        0.39    30174.08      -17.14     6563.70     7293.00    0.104
        0.35    33596.55      -17.82     6427.76     7141.95    0.086
        0.31    37894.74      -18.59     6288.55     6987.28    0.070
        0.27    43454.04      -19.46     6134.22     6815.80    0.056
        0.23    50924.92      -20.47     5979.88     6644.32    0.041

         En consv. check   0.405D-14


      NPK        ABS      ESC      event      no event            out of rg

     90000     56874     33126     17809     15317         0         0


                         No. pkts   =   90000
                         Esc to inf =   33126
                         No line ev =       0
  PW(2)=    31694.495203443941       RQ(JS,5)=    31694.688844802025     
  TB=   12494.271983039614       CLP=  3.13442547505849426E-005  CL=  3.15510275206251593E-005

     JP       LP       KP        KJ         L        NUJ        BT        NPK

  1.99808  0.71264  0.65968  0.276E+00   1.15793  0.105E+16   0.0398   1 1.394E+05
  1.60652  0.72928  0.54560  0.254E+00   1.13798  0.102E+16   0.0415   2 1.256E+05
  1.30811  0.73875  0.45123  0.236E+00   1.11951  0.988E+15   0.0433   3 1.138E+05
  1.03398  0.75316  0.36164  0.220E+00   1.09966  0.963E+15   0.0453   4 1.003E+05
  0.80235  0.76842  0.28428  0.199E+00   1.08015  0.934E+15   0.0475   5 8.694E+04
  0.60008  0.78775  0.20986  0.172E+00   1.05860  0.895E+15   0.0499   6 7.115E+04
  0.38924  0.82605  0.15094  0.156E+00   1.03943  0.861E+15   0.0525   7 5.654E+04
  0.28166  0.83996  0.11722  0.144E+00   1.02751  0.842E+15   0.0555   8 4.860E+04
  0.20662  0.84861  0.09638  0.110E+00   1.01996  0.797E+15   0.0588   9 4.400E+04
  0.15797  0.85022  0.07990  0.850E-01   1.01372  0.755E+15   0.0625  10 4.036E+04
  0.12002  0.85053  0.06715  0.636E-01   1.00903  0.720E+15   0.0667  11 3.779E+04
  0.09208  0.84797  0.05673  0.429E-01   1.00548  0.678E+15   0.0715  12 3.591E+04
  0.07067  0.84333  0.04780  0.255E-01   1.00276  0.640E+15   0.0771  13 3.445E+04
  0.05500  0.83511  0.04032  0.157E-01   1.00124  0.613E+15   0.0836  14 3.368E+04
  0.04317  0.82310  0.03372  0.945E-02   1.00050  0.594E+15   0.0913  15 3.331E+04
  0.03389  0.80695  0.02768  0.634E-02   1.00017  0.583E+15   0.1006  16 3.317E+04
  0.02593  0.78749  0.02214  0.487E-02   1.00005  0.570E+15   0.1121  17 3.314E+04
  0.01937  0.76263  0.01711  0.451E-02   1.00000  0.559E+15   0.1264  18 3.313E+04
  0.01391  0.73077  0.01264  0.395E-02   1.00000  0.546E+15   0.1449  19 3.313E+04
  0.00945  0.68871  0.00877  0.470E-02   1.00000  0.538E+15   0.1699  20 3.313E+04
                                         0.99345

     Scale:  L = 42.833     L+ = 43.286

               TB1 = 12514.8          Log EP0 = 38.331761
  TEMP IT no:           7

     0.4    -24.1770      0.3522   T* =  9640.8   TB = 12514.8

        XS        VS          LOG RH       TE          TR         W

        0.98    11935.73      -12.96    11738.36    13042.62    0.591
        0.94    12436.89      -13.03    11421.58    12690.65    0.538
        0.90    12981.97      -13.04    11104.80    12338.67    0.486
        0.86    13577.02      -13.05    10809.40    12010.45    0.430
        0.82    14229.25      -13.06    10481.52    11646.13    0.375
        0.78    14947.30      -13.11    10099.90    11222.11    0.319
        0.74    15741.68      -13.39     9733.37    10814.85    0.257
        0.70    16625.22      -13.77     9380.52    10422.80    0.209
        0.66    17613.85      -14.04     8960.96     9956.62    0.184
        0.62    18727.49      -14.31     8514.10     9460.11    0.171
        0.59    19991.46      -14.59     8083.70     8981.89    0.160
        0.55    21438.39      -14.96     7648.89     8498.77    0.153
        0.51    23111.11      -15.43     7249.55     8055.06    0.146
        0.47    25066.95      -15.95     6939.35     7710.38    0.135
        0.43    27384.44      -16.52     6723.08     7470.09    0.120
        0.39    30174.08      -17.14     6567.93     7297.70    0.103
        0.35    33596.55      -17.82     6430.79     7145.33    0.086
        0.31    37894.74      -18.59     6292.48     6991.65    0.070
        0.27    43454.04      -19.46     6157.18     6841.31    0.055
        0.23    50924.92      -20.47     6021.88     6690.98    0.040

         En consv. check  -0.274D-14


      NPK        ABS      ESC      event      no event            out of rg

     90000     57003     32997     17620     15377         0         0


                         No. pkts   =   90000
                         Esc to inf =   32997
                         No line ev =       0
  PW(2)=    31557.942382460828       RQ(JS,5)=    31558.174238886691     
  TB=   12514.832590398060       CLP=  3.15510853499799217E-005  CL=  3.16875112112087102E-005

     JP       LP       KP        KJ         L        NUJ        BT        NPK

  2.00739  0.71148  0.66468  0.283E+00   1.15914  0.106E+16   0.0398   1 1.394E+05
  1.62715  0.72577  0.54913  0.261E+00   1.13899  0.103E+16   0.0415   2 1.258E+05
  1.29960  0.74097  0.44929  0.234E+00   1.11951  0.986E+15   0.0433   3 1.126E+05
  1.04946  0.74988  0.36491  0.220E+00   1.10095  0.967E+15   0.0453   4 1.006E+05
  0.80889  0.76699  0.28744  0.206E+00   1.08144  0.945E+15   0.0475   5 8.754E+04
  0.57943  0.79486  0.20991  0.177E+00   1.05902  0.901E+15   0.0499   6 7.079E+04
  0.38993  0.82606  0.15100  0.157E+00   1.03973  0.866E+15   0.0525   7 5.648E+04
  0.27760  0.84200  0.11794  0.136E+00   1.02806  0.836E+15   0.0555   8 4.869E+04
  0.20729  0.84843  0.09667  0.117E+00   1.02029  0.803E+15   0.0588   9 4.393E+04
  0.15900  0.84966  0.08036  0.848E-01   1.01411  0.759E+15   0.0625  10 4.050E+04
  0.12108  0.84973  0.06765  0.653E-01   1.00944  0.723E+15   0.0667  11 3.799E+04
  0.09214  0.84792  0.05667  0.405E-01   1.00542  0.678E+15   0.0715  12 3.573E+04
  0.07064  0.84339  0.04772  0.247E-01   1.00270  0.641E+15   0.0771  13 3.429E+04
  0.05500  0.83515  0.04027  0.178E-01   1.00120  0.615E+15   0.0836  14 3.351E+04
  0.04318  0.82315  0.03368  0.959E-02   1.00050  0.594E+15   0.0913  15 3.316E+04
  0.03382  0.80719  0.02770  0.757E-02   1.00026  0.583E+15   0.1006  16 3.309E+04
  0.02596  0.78742  0.02214  0.575E-02   1.00006  0.572E+15   0.1121  17 3.302E+04
  0.01938  0.76261  0.01711  0.493E-02   1.00000  0.560E+15   0.1264  18 3.300E+04
  0.01391  0.73078  0.01264  0.446E-02   1.00000  0.547E+15   0.1449  19 3.300E+04
  0.00943  0.68890  0.00877  0.366E-02   1.00000  0.531E+15   0.1699  20 3.300E+04
                                         0.99569

     Scale:  L = 42.833     L+ = 43.288

               TB1 = 12528.4          Log EP0 = 38.333636
  TEMP IT no:           8

     0.4    -24.1770      0.3506   T* =  9640.8   TB = 12528.3

        XS        VS          LOG RH       TE          TR         W

        0.98    11935.73      -12.96    11857.65    13175.17    0.573
        0.94    12436.89      -13.03    11504.95    12783.28    0.526
        0.90    12981.97      -13.04    11152.25    12391.38    0.479
        0.86    13577.02      -13.05    10863.81    12070.90    0.424
        0.82    14229.25      -13.06    10553.82    11726.47    0.366
        0.78    14947.30      -13.11    10159.74    11288.60    0.307
        0.74    15741.68      -13.39     9765.94    10851.04    0.250
        0.70    16625.22      -13.77     9400.10    10444.56    0.206
        0.66    17613.85      -14.04     8998.95     9998.84    0.181
        0.62    18727.49      -14.31     8558.53     9509.48    0.168
        0.59    19991.46      -14.59     8111.45     9012.72    0.159
        0.55    21438.39      -14.96     7662.42     8513.80    0.152
        0.51    23111.11      -15.43     7259.57     8066.19    0.145
        0.47    25066.95      -15.95     6949.69     7721.88    0.134
        0.43    27384.44      -16.52     6727.89     7475.43    0.120
        0.39    30174.08      -17.14     6572.77     7303.08    0.103
        0.35    33596.55      -17.82     6440.99     7156.66    0.086
        0.31    37894.74      -18.59     6303.62     7004.03    0.070
        0.27    43454.04      -19.46     6154.64     6838.49    0.055
        0.23    50924.92      -20.47     6005.66     6672.95    0.040

         En consv. check   0.647D-14


      NPK        ABS      ESC      event      no event            out of rg

     90000     56997     33003     17565     15438         0         0


                         No. pkts   =   90000
                         Esc to inf =   33003
                         No line ev =       0
  PW(2)=    31577.614996956949       RQ(JS,5)=    31577.614996956949     
  TB=   12528.346044504817       CLP=  3.16875810535848282E-005  CL=  3.16680027955362455E-005

     JP       LP       KP        KJ         L        NUJ        BT        NPK

  2.01546  0.70930  0.66602  0.282E+00   1.15851  0.106E+16   0.0398   1 1.395E+05
  1.61669  0.72693  0.54663  0.259E+00   1.13772  0.103E+16   0.0415   2 1.253E+05
  1.29688  0.74077  0.45095  0.242E+00   1.11907  0.997E+15   0.0433   3 1.131E+05
  1.03292  0.75306  0.36360  0.226E+00   1.09977  0.971E+15   0.0453   4 1.002E+05
  0.79755  0.76948  0.28227  0.194E+00   1.07930  0.928E+15   0.0475   5 8.588E+04
  0.56998  0.79733  0.20830  0.175E+00   1.05789  0.902E+15   0.0499   6 7.035E+04
  0.38330  0.82808  0.14932  0.148E+00   1.03859  0.857E+15   0.0525   7 5.577E+04
  0.27282  0.84375  0.11567  0.122E+00   1.02666  0.818E+15   0.0555   8 4.759E+04
  0.20731  0.84815  0.09599  0.105E+00   1.01965  0.789E+15   0.0588   9 4.367E+04
  0.15774  0.85026  0.08036  0.833E-01   1.01390  0.756E+15   0.0625  10 4.048E+04
  0.12004  0.85036  0.06748  0.671E-01   1.00913  0.722E+15   0.0667  11 3.788E+04
  0.09185  0.84804  0.05657  0.400E-01   1.00518  0.678E+15   0.0715  12 3.569E+04
  0.07060  0.84330  0.04778  0.278E-01   1.00262  0.645E+15   0.0771  13 3.429E+04
  0.05496  0.83509  0.04029  0.136E-01   1.00110  0.614E+15   0.0836  14 3.350E+04
  0.04319  0.82301  0.03370  0.101E-01   1.00040  0.597E+15   0.0913  15 3.317E+04
  0.03368  0.80749  0.02768  0.586E-02   1.00012  0.582E+15   0.1006  16 3.304E+04
  0.02590  0.78758  0.02215  0.458E-02   1.00003  0.571E+15   0.1121  17 3.301E+04
  0.01936  0.76264  0.01712  0.423E-02   1.00000  0.560E+15   0.1264  18 3.300E+04
  0.01390  0.73079  0.01264  0.354E-02   1.00000  0.547E+15   0.1449  19 3.300E+04
  0.00943  0.68893  0.00878  0.264E-02   1.00000  0.530E+15   0.1699  20 3.300E+04
                                         1.00062

     Scale:  L = 42.833     L+ = 43.288

               TB1 = 12526.4          Log EP0 = 38.333366
  TEMP IT no:           9

     0.3    -24.1770      0.3509   T* =  9640.8   TB = 12526.4

        XS        VS          LOG RH       TE          TR         W

        0.98    11935.73      -12.96    11890.46    13211.63    0.567
        0.94    12436.89      -13.03    11557.35    12841.50    0.515
        0.90    12981.97      -13.04    11224.24    12471.37    0.464
        0.86    13577.02      -13.05    10886.22    12095.80    0.415
        0.82    14229.25      -13.06    10517.34    11685.93    0.365
        0.78    14947.30      -13.11    10129.09    11254.55    0.306
        0.74    15741.68      -13.39     9705.65    10784.06    0.251
        0.70    16625.22      -13.77     9289.89    10322.10    0.212
        0.66    17613.85      -14.04     8913.44     9903.82    0.187
        0.62    18727.49      -14.31     8531.06     9478.95    0.169
        0.59    19991.46      -14.59     8111.43     9012.70    0.158
        0.55    21438.39      -14.96     7672.23     8524.70    0.151
        0.51    23111.11      -15.43     7274.75     8083.06    0.144
        0.47    25066.95      -15.95     6961.09     7734.55    0.133
        0.43    27384.44      -16.52     6736.52     7485.02    0.119
        0.39    30174.08      -17.14     6573.29     7303.65    0.103
        0.35    33596.55      -17.82     6438.79     7154.21    0.086
        0.31    37894.74      -18.59     6307.42     7008.24    0.070
        0.27    43454.04      -19.46     6156.54     6840.60    0.055
        0.23    50924.92      -20.47     6005.66     6672.96    0.040

         En consv. check   0.293D-15


      NPK        ABS      ESC      event      no event            out of rg

     90000     57231     32769     17342     15427         0         0


                         No. pkts   =   90000
                         Esc to inf =   32769
                         No line ev =       0
  PW(2)=    31359.948602330394       RQ(JS,5)=    31359.948602330394     
  TB=   12526.410427814086       CLP=  3.16680027955362590E-005  CL=  3.18878073647636280E-005

     JP       LP       KP        KJ         L        NUJ        BT        NPK

  2.02206  0.70872  0.67300  0.288E+00   1.16019  0.106E+16   0.0398   1 1.403E+05
  1.65328  0.72047  0.55646  0.267E+00   1.13996  0.103E+16   0.0415   2 1.266E+05
  1.30943  0.73831  0.45401  0.238E+00   1.11994  0.996E+15   0.0433   3 1.131E+05
  1.04378  0.75054  0.36860  0.225E+00   1.10113  0.969E+15   0.0453   4 1.009E+05
  0.80841  0.76635  0.28810  0.205E+00   1.08086  0.942E+15   0.0475   5 8.702E+04
  0.57703  0.79479  0.21073  0.179E+00   1.05844  0.906E+15   0.0499   6 7.058E+04
  0.39005  0.82519  0.15098  0.153E+00   1.03889  0.864E+15   0.0525   7 5.607E+04
  0.27392  0.84292  0.11652  0.130E+00   1.02669  0.825E+15   0.0555   8 4.757E+04
  0.20483  0.84915  0.09540  0.102E+00   1.01902  0.785E+15   0.0588   9 4.291E+04
  0.15399  0.85252  0.07891  0.758E-01   1.01284  0.742E+15   0.0625  10 3.931E+04
  0.11993  0.85046  0.06693  0.630E-01   1.00871  0.716E+15   0.0667  11 3.721E+04
  0.09167  0.84830  0.05666  0.492E-01   1.00535  0.679E+15   0.0715  12 3.546E+04
  0.07003  0.84407  0.04768  0.264E-01   1.00259  0.635E+15   0.0771  13 3.395E+04
  0.05503  0.83507  0.04031  0.159E-01   1.00123  0.612E+15   0.0836  14 3.329E+04
  0.04317  0.82311  0.03372  0.840E-02   1.00052  0.592E+15   0.0913  15 3.295E+04
  0.03382  0.80715  0.02769  0.653E-02   1.00020  0.581E+15   0.1006  16 3.283E+04
  0.02595  0.78744  0.02215  0.529E-02   1.00005  0.570E+15   0.1121  17 3.279E+04
  0.01937  0.76261  0.01711  0.453E-02   1.00001  0.558E+15   0.1264  18 3.277E+04
  0.01391  0.73078  0.01264  0.384E-02   1.00000  0.545E+15   0.1449  19 3.277E+04
  0.00943  0.68892  0.00877  0.313E-02   1.00000  0.528E+15   0.1699  20 3.277E+04
                                         0.99311

     Scale:  L = 42.833     L+ = 43.291

               TB1 = 12548.1          Log EP0 = 38.336370
  TEMP IT no:          30

     0.4    -24.1770      0.3484   T* =  9640.8   TB = 12548.1

        XS        VS          LOG RH       TE          TR         W

        0.98    11935.73      -12.96    11970.62    13300.69    0.561
        0.94    12436.89      -13.03    11608.35    12898.17    0.513
        0.90    12981.97      -13.04    11246.09    12495.65    0.466
        0.86    13577.02      -13.05    10910.58    12122.86    0.416
        0.82    14229.25      -13.06    10571.30    11745.89    0.362
        0.78    14947.30      -13.11    10175.34    11305.93    0.304
        0.74    15741.68      -13.39     9736.71    10818.56    0.251
        0.70    16625.22      -13.77     9296.66    10329.63    0.213
        0.66    17613.85      -14.04     8860.10     9844.55    0.189
        0.62    18727.49      -14.31     8442.86     9380.96    0.174
        0.59    19991.46      -14.59     8059.11     8954.57    0.161
        0.55    21438.39      -14.96     7650.10     8500.11    0.152
        0.51    23111.11      -15.43     7241.44     8046.04    0.146
        0.47    25066.95      -15.95     6929.41     7699.35    0.136
        0.43    27384.44      -16.52     6713.54     7459.49    0.121
        0.39    30174.08      -17.14     6556.40     7284.89    0.104
        0.35    33596.55      -17.82     6424.75     7138.62    0.087
        0.31    37894.74      -18.59     6289.35     6988.16    0.070
        0.27    43454.04      -19.46     6136.92     6818.80    0.056
        0.23    50924.92      -20.47     5984.50     6649.45    0.041

         En consv. check  -0.273D-14


      NPK        ABS      ESC      event      no event            out of rg

     90000     56943     33057     17648     15409         0         0


                         No. pkts   =   90000
                         Esc to inf =   33057
                         No line ev =       0
  PW(2)=    31601.586298705854       RQ(JS,5)=    31601.586298705854     
  TB=   12548.090233339961       CLP=  3.18878073647637229E-005  CL=  3.16439811137250409E-005

     JP       LP       KP        KJ         L        NUJ        BT        NPK

  1.99637  0.71365  0.66536  0.285E+00   1.15960  0.106E+16   0.0398   1 1.397E+05
  1.59702  0.73184  0.54961  0.267E+00   1.13951  0.103E+16   0.0415   2 1.259E+05
  1.29895  0.74150  0.45188  0.248E+00   1.12045  0.101E+16   0.0433   3 1.136E+05
  1.05411  0.74905  0.36403  0.220E+00   1.10104  0.966E+15   0.0453   4 1.008E+05
  0.81047  0.76681  0.28634  0.205E+00   1.08140  0.945E+15   0.0475   5 8.743E+04
  0.57839  0.79544  0.20991  0.179E+00   1.05927  0.908E+15   0.0499   6 7.102E+04
  0.39370  0.82488  0.15229  0.160E+00   1.04047  0.876E+15   0.0525   7 5.715E+04
  0.28341  0.83962  0.11895  0.132E+00   1.02874  0.837E+15   0.0555   8 4.915E+04
  0.20958  0.84737  0.09725  0.110E+00   1.02076  0.799E+15   0.0588   9 4.428E+04
  0.16010  0.84907  0.08074  0.894E-01   1.01447  0.762E+15   0.0625  10 4.082E+04
  0.12293  0.84835  0.06775  0.695E-01   1.00958  0.730E+15   0.0667  11 3.821E+04
  0.09199  0.84809  0.05666  0.403E-01   1.00544  0.678E+15   0.0715  12 3.585E+04
  0.07042  0.84366  0.04770  0.257E-01   1.00269  0.639E+15   0.0771  13 3.434E+04
  0.05497  0.83520  0.04027  0.152E-01   1.00120  0.611E+15   0.0836  14 3.355E+04
  0.04316  0.82318  0.03370  0.766E-02   1.00051  0.592E+15   0.0913  15 3.323E+04
  0.03391  0.80695  0.02768  0.589E-02   1.00022  0.583E+15   0.1006  16 3.313E+04
  0.02594  0.78748  0.02214  0.469E-02   1.00005  0.570E+15   0.1121  17 3.307E+04
  0.01938  0.76261  0.01711  0.419E-02   1.00001  0.558E+15   0.1264  18 3.306E+04
  0.01391  0.73078  0.01264  0.354E-02   1.00000  0.545E+15   0.1449  19 3.306E+04
  0.00943  0.68892  0.00877  0.275E-02   1.00000  0.528E+15   0.1699  20 3.306E+04
                                         1.00771

     Scale:  L = 42.833     L+ = 43.287

               TB1 = 12524.0          Log EP0 = 38.333036

         En consv. check  -0.304D-14


      NPK        ABS      ESC      event      no event            out of rg

     90000     57407     32593     17414     15179         0         0


                         No. pkts   =   90000
                         Esc to inf =   32593
                         No line ev =       0
  PW(2)=    31163.058625424703       RQ(JS,5)=    31163.289804105167     
  TB=   12524.034282722860       CLP=  3.16439811137254339E-005  CL=  3.20890382974992972E-005

     JP       LP       KP        KJ         L        NUJ        BT        NPK

  2.02929  0.70872  0.67489  0.288E+00   1.16171  0.106E+16   0.0398   1 1.399E+05
  1.64456  0.72321  0.55809  0.264E+00   1.14138  0.103E+16   0.0415   2 1.260E+05
  1.33852  0.73319  0.45938  0.249E+00   1.12217  0.100E+16   0.0433   3 1.136E+05
  1.09891  0.73817  0.36859  0.209E+00   1.10218  0.959E+15   0.0453   4 1.002E+05
  0.81234  0.76631  0.28939  0.209E+00   1.08229  0.947E+15   0.0475   5 8.697E+04
  0.58207  0.79414  0.21467  0.188E+00   1.06073  0.919E+15   0.0499   6 7.154E+04
  0.39449  0.82435  0.15284  0.153E+00   1.04045  0.866E+15   0.0525   7 5.644E+04
  0.27786  0.84188  0.11777  0.130E+00   1.02799  0.828E+15   0.0555   8 4.803E+04
  0.21620  0.84361  0.09697  0.110E+00   1.02036  0.801E+15   0.0588   9 4.375E+04
  0.15859  0.84982  0.08034  0.811E-01   1.01400  0.754E+15   0.0625  10 4.002E+04
  0.12087  0.84986  0.06735  0.603E-01   1.00917  0.717E+15   0.0667  11 3.733E+04
  0.09217  0.84789  0.05656  0.488E-01   1.00531  0.683E+15   0.0715  12 3.521E+04
  0.07067  0.84335  0.04783  0.252E-01   1.00283  0.640E+15   0.0771  13 3.391E+04
  0.05501  0.83512  0.04028  0.152E-01   1.00121  0.613E+15   0.0836  14 3.311E+04
  0.04329  0.82288  0.03372  0.939E-02   1.00052  0.594E+15   0.0913  15 3.279E+04
  0.03383  0.80714  0.02769  0.660E-02   1.00020  0.582E+15   0.1006  16 3.267E+04
  0.02592  0.78754  0.02214  0.540E-02   1.00004  0.570E+15   0.1121  17 3.260E+04
  0.01937  0.76261  0.01711  0.459E-02   1.00000  0.559E+15   0.1264  18 3.260E+04
  0.01391  0.73077  0.01264  0.395E-02   1.00000  0.546E+15   0.1449  19 3.260E+04
  0.00943  0.68891  0.00877  0.320E-02   1.00000  0.529E+15   0.1699  20 3.260E+04
                                         0.98613

     Scale:  L = 42.833     L+ = 43.293

               TB1 = 12567.9          Log EP0 = 38.339105

         En consv. check  -0.470D-14


      NPK        ABS      ESC      event      no event            out of rg

     90000     57159     32841     17635     15206         0         0


                         No. pkts   =   90000
                         Esc to inf =   32841
                         No line ev =       0
  PW(2)=    31392.319802425205       RQ(JS,5)=    31392.319802425205     
  TB=   12567.863333922602       CLP=  3.20892763454274616E-005  CL=  3.18549252267347625E-005

     JP       LP       KP        KJ         L        NUJ        BT        NPK

  2.03569  0.70736  0.67133  0.285E+00   1.16081  0.106E+16   0.0398   1 1.401E+05
  1.62170  0.72734  0.54995  0.261E+00   1.13970  0.103E+16   0.0415   2 1.252E+05
  1.30678  0.73995  0.45302  0.242E+00   1.12082  0.100E+16   0.0433   3 1.130E+05
  1.09216  0.73983  0.36657  0.217E+00   1.10171  0.977E+15   0.0453   4 1.005E+05
  0.80248  0.76912  0.28648  0.207E+00   1.08151  0.948E+15   0.0475   5 8.676E+04
  0.57659  0.79609  0.20966  0.176E+00   1.05926  0.905E+15   0.0499   6 7.046E+04
  0.39188  0.82565  0.15295  0.164E+00   1.04080  0.875E+15   0.0525   7 5.683E+04
  0.27859  0.84189  0.11779  0.130E+00   1.02833  0.832E+15   0.0555   8 4.838E+04
  0.20897  0.84781  0.09707  0.103E+00   1.02078  0.794E+15   0.0588   9 4.393E+04
  0.15948  0.84958  0.08121  0.861E-01   1.01489  0.760E+15   0.0625  10 4.070E+04
  0.12350  0.84803  0.06774  0.621E-01   1.00969  0.725E+15   0.0667  11 3.785E+04
  0.09340  0.84683  0.05682  0.484E-01   1.00569  0.688E+15   0.0715  12 3.572E+04
  0.07125  0.84270  0.04787  0.268E-01   1.00292  0.647E+15   0.0771  13 3.428E+04
  0.05516  0.83492  0.04020  0.184E-01   1.00111  0.618E+15   0.0836  14 3.331E+04
  0.04332  0.82286  0.03366  0.889E-02   1.00043  0.597E+15   0.0913  15 3.301E+04
  0.03380  0.80723  0.02768  0.694E-02   1.00019  0.583E+15   0.1006  16 3.291E+04
  0.02595  0.78744  0.02214  0.519E-02   1.00006  0.572E+15   0.1121  17 3.286E+04
  0.01937  0.76263  0.01711  0.457E-02   1.00000  0.560E+15   0.1264  18 3.284E+04
  0.01391  0.73078  0.01264  0.393E-02   1.00000  0.547E+15   0.1449  19 3.284E+04
  0.00943  0.68893  0.00877  0.305E-02   1.00000  0.530E+15   0.1699  20 3.284E+04
                                         1.00736

     Scale:  L = 42.833     L+ = 43.290

               TB1 = 12544.9          Log EP0 = 38.335922

         En consv. check   0.292D-14


      NPK        ABS      ESC      event      no event            out of rg

     90000     57018     32982     17669     15313         0         0


                         No. pkts   =   90000
                         Esc to inf =   32982
                         No line ev =       0
  PW(2)=    31521.345312792218       RQ(JS,5)=    31521.345312792218     
  TB=   12544.854140002328       CLP=  3.18549252267349590E-005  CL=  3.17245342823033866E-005

     JP       LP       KP        KJ         L        NUJ        BT        NPK

  2.00387  0.71296  0.66755  0.278E+00   1.16051  0.106E+16   0.0398   1 1.398E+05
  1.62525  0.72695  0.55165  0.264E+00   1.14030  0.103E+16   0.0415   2 1.264E+05
  1.30772  0.73999  0.45130  0.236E+00   1.12069  0.996E+15   0.0433   3 1.131E+05
  1.05429  0.74925  0.36773  0.228E+00   1.10219  0.975E+15   0.0453   4 1.015E+05
  0.81675  0.76525  0.28828  0.204E+00   1.08214  0.943E+15   0.0475   5 8.775E+04
  0.57748  0.79583  0.21075  0.176E+00   1.05963  0.904E+15   0.0499   6 7.110E+04
  0.39886  0.82296  0.15357  0.161E+00   1.04100  0.877E+15   0.0525   7 5.755E+04
  0.28187  0.84028  0.11924  0.134E+00   1.02884  0.840E+15   0.0555   8 4.916E+04
  0.21034  0.84692  0.09728  0.112E+00   1.02073  0.803E+15   0.0588   9 4.421E+04
  0.16259  0.84746  0.08059  0.872E-01   1.01435  0.761E+15   0.0625  10 4.062E+04
  0.12197  0.84914  0.06746  0.629E-01   1.00939  0.724E+15   0.0667  11 3.782E+04
  0.09271  0.84746  0.05650  0.422E-01   1.00535  0.680E+15   0.0715  12 3.568E+04
  0.07102  0.84298  0.04776  0.317E-01   1.00279  0.648E+15   0.0771  13 3.433E+04
  0.05513  0.83498  0.04027  0.185E-01   1.00123  0.616E+15   0.0836  14 3.352E+04
  0.04339  0.82273  0.03369  0.132E-01   1.00051  0.600E+15   0.0913  15 3.318E+04
  0.03392  0.80694  0.02768  0.678E-02   1.00022  0.585E+15   0.1006  16 3.305E+04
  0.02596  0.78743  0.02214  0.594E-02   1.00007  0.573E+15   0.1121  17 3.300E+04
  0.01938  0.76259  0.01710  0.529E-02   1.00000  0.561E+15   0.1264  18 3.298E+04
  0.01391  0.73077  0.01263  0.443E-02   1.00000  0.548E+15   0.1449  19 3.298E+04
  0.00943  0.68892  0.00877  0.336E-02   1.00000  0.531E+15   0.1699  20 3.298E+04
                                         1.00411

     Scale:  L = 42.833     L+ = 43.288

               TB1 = 12532.0          Log EP0 = 38.334140
     POWER:   0.3152E+05    INPUT FLUX:   0.1509E-09    INT. FLUX:  0.1397E-09

UNREDD. MAGS: U=    12.698 B=    13.165 V=    13.198 R=    13.033
UNREDD. COL.: U-B = -0.467 B-V = -0.033 V-R =  0.165

REDD. MAGS:   U=    14.604 B=    14.716 V=    14.385 R=    14.017
REDD. COL.:   U-B = -0.112 B-V =  0.331 V-R =  0.368

ABS. MAG:     U =  -18.742 B =  -18.275 V =  -18.242
MBol =  13.065  Bol. Corr. =  -0.133  (MBol)o= -18.375
