
     NP4 =     9     ITT =  4     JS = 20      KB = 501 XE1= 0.150

     Day = 19.60     Log Taug = -3.700

     CHL(eV) = 25.0     NC =  5

     WVM1 = 0.2500    WVM2 = 1.2000       KG =  1500

                  LOG R/RS     LOG L/LS         VEL LB          TB

                   4.303       9.680            8250.0       10000.0


                     1.0000



       RADIUS    VELOCITY  DENSITY    MASS    TOT. MASS   NEWMASS NEWTOT. MASS Kin. En.
   1  0.53D+14    193.09  0.19D-12  0.582D-04  0.582D-04  0.152D-02  0.152D-02  0.284D+12
   2  0.46D+15   1699.64  0.12D-12  0.204D-01  0.205D-01  0.508D-01  0.523D-01  0.734D+15
   3  0.76D+15   2779.51  0.82D-13  0.566D-01  0.770D-01  0.808D-01  0.133D+00  0.385D+16
   4  0.10D+16   3736.92  0.58D-13  0.754D-01  0.152D+00  0.907D-01  0.224D+00  0.102D+17
   5  0.12D+16   4553.08  0.43D-13  0.773D-01  0.230D+00  0.910D-01  0.315D+00  0.196D+17
   6  0.15D+16   5334.55  0.32D-13  0.790D-01  0.309D+00  0.943D-01  0.409D+00  0.330D+17
   7  0.17D+16   6153.91  0.24D-13  0.826D-01  0.391D+00  0.986D-01  0.508D+00  0.517D+17
   8  0.19D+16   7036.23  0.17D-13  0.841D-01  0.475D+00  0.115D+00  0.623D+00  0.802D+17
   9  0.22D+16   8256.81  0.11D-13  0.102D+00  0.577D+00  0.105D+00  0.728D+00  0.116D+18
  10  0.25D+16   9216.44  0.86D-14  0.808D-01  0.658D+00  0.891D-01  0.817D+00  0.154D+18
  11  0.28D+16  10159.20  0.72D-14  0.812D-01  0.739D+00  0.101D+00  0.918D+00  0.206D+18
  12  0.31D+16  11337.24  0.49D-14  0.853D-01  0.825D+00  0.882D-01  0.101D+01  0.263D+18
  13  0.34D+16  12358.60  0.33D-14  0.613D-01  0.886D+00  0.721D-01  0.108D+01  0.318D+18
  14  0.37D+16  13539.64  0.32D-14  0.820D-01  0.968D+00  0.716D-01  0.115D+01  0.383D+18
  15  0.39D+16  14262.30  0.31D-14  0.552D-01  0.102D+01  0.653D-01  0.122D+01  0.450D+18
  16  0.41D+16  15158.44  0.27D-14  0.662D-01  0.109D+01  0.985D-01  0.131D+01  0.563D+18
  17  0.46D+16  16746.85  0.54D-15  0.277D-01  0.112D+01  0.555D-01  0.137D+01  0.641D+18
  18  0.57D+16  20745.14  0.64D-16  0.116D-01  0.113D+01  0.989D-02  0.138D+01  0.662D+18
  19  0.61D+16  22490.48  0.20D-16  0.205D-02  0.113D+01  0.109D-02  0.138D+01  0.665D+18
 /, Kin. En. =    51.121343040386641     

      XS      VS        LOG RH      TE       TR       W    SH M    TOTM

      0.98   8429.12    -13.35   9640.69  10711.87  0.397  0.035  0.035
      0.94   8811.75    -13.40   9640.69  10711.87  0.324  0.038  0.074
      0.89   9230.77    -13.45   9640.69  10711.87  0.276  0.041  0.115
      0.85   9691.63    -13.49   9640.69  10711.87  0.238  0.046  0.160
      0.81  10200.93    -13.53   9640.69  10711.87  0.206  0.051  0.211
      0.77  10766.72    -13.61   9640.69  10711.87  0.179  0.052  0.263
      0.72  11398.96    -13.70   9640.69  10711.87  0.155  0.053  0.317
      0.68  12110.09    -13.82   9640.69  10711.87  0.134  0.052  0.369
      0.64  12915.85    -13.86   9640.69  10711.87  0.115  0.061  0.429
      0.60  13836.48    -13.88   9640.69  10711.87  0.099  0.077  0.506
      0.55  14898.42    -13.94   9640.69  10711.87  0.084  0.091  0.597
      0.51  16136.92    -14.39   9640.69  10711.87  0.070  0.044  0.641
      0.47  17600.00    -14.86   9640.69  10711.87  0.058  0.021  0.661
      0.43  19354.84    -15.27   9640.69  10711.87  0.048  0.012  0.673
      0.38  21498.37    -15.80   9640.69  10711.87  0.038  0.005  0.679
      0.34  24175.82    -16.55   9640.69  10711.87  0.030  0.002  0.680
      0.30  27615.06    -17.40   9640.69  10711.87  0.023  0.000  0.681
      0.26  32195.12    -18.37   9640.69  10711.87  0.017  0.000  0.681
      0.21  38596.49    -19.53   9640.69  10711.87  0.012  0.000  0.681
      0.17  48175.18    -20.95   9640.69  10711.87  0.007  0.000  0.681

        XS        VS          LOG RH       TE          TR         W

        0.98     8429.12      -13.35     9640.69    10711.87    0.397
        0.94     8811.75      -13.40     9640.69    10711.87    0.324
        0.89     9230.77      -13.45     9640.69    10711.87    0.276
        0.85     9691.63      -13.49     9640.69    10711.87    0.238
        0.81    10200.93      -13.53     9640.69    10711.87    0.206
        0.77    10766.72      -13.61     9640.69    10711.87    0.179
        0.72    11398.96      -13.70     9640.69    10711.87    0.155
        0.68    12110.09      -13.82     9640.69    10711.87    0.134
        0.64    12915.85      -13.86     9640.69    10711.87    0.115
        0.60    13836.48      -13.88     9640.69    10711.87    0.099
        0.55    14898.42      -13.94     9640.69    10711.87    0.084
        0.51    16136.92      -14.39     9640.69    10711.87    0.070
        0.47    17600.00      -14.86     9640.69    10711.87    0.058
        0.43    19354.84      -15.27     9640.69    10711.87    0.048
        0.38    21498.37      -15.80     9640.69    10711.87    0.038
        0.34    24175.82      -16.55     9640.69    10711.87    0.030
        0.30    27615.06      -17.40     9640.69    10711.87    0.023
        0.26    32195.12      -18.37     9640.69    10711.87    0.017
        0.21    38596.49      -19.53     9640.69    10711.87    0.012
        0.17    48175.18      -20.95     9640.69    10711.87    0.007

     No. of ions =  30            Total No. Included = 46255


         En consv. check   0.101D-13


      NPK        ABS      ESC      event      no event            out of rg

     90000     46074     43926     22986     20940         0         0


                         No. pkts   =   90000
                         Esc to inf =   43926
                         No line ev =       0
  PW(2)=    42092.355377152591       RQ(JS,5)=    42092.355377152591     
  TB=   10000.000000000000       CLP=  8.43909281356088012E-006  CL=  2.37572830277583443E-005

     JP       LP       KP        KJ         L        NUJ        BT        NPK

  1.41109  0.87571  0.47734  0.306E+00   1.09985  0.864E+15   0.0281   1 1.321E+05
  1.17953  0.87582  0.41251  0.297E+00   1.09200  0.857E+15   0.0294   2 1.243E+05
  0.98582  0.87464  0.35339  0.292E+00   1.08401  0.856E+15   0.0308   3 1.168E+05
  0.82509  0.87189  0.30219  0.286E+00   1.07622  0.849E+15   0.0323   4 1.100E+05
  0.67823  0.87033  0.25367  0.275E+00   1.06772  0.837E+15   0.0340   5 1.023E+05
  0.55320  0.86842  0.21098  0.272E+00   1.05924  0.833E+15   0.0359   6 9.463E+04
  0.44053  0.86807  0.17522  0.264E+00   1.05115  0.824E+15   0.0380   7 8.788E+04
  0.35124  0.86576  0.14474  0.261E+00   1.04325  0.815E+15   0.0404   8 8.174E+04
  0.28181  0.86080  0.11970  0.253E+00   1.03583  0.804E+15   0.0431   9 7.652E+04
  0.21286  0.86080  0.09459  0.236E+00   1.02666  0.785E+15   0.0462  10 6.886E+04
  0.15027  0.86555  0.07134  0.206E+00   1.01637  0.744E+15   0.0497  11 5.954E+04
  0.09488  0.87709  0.05260  0.135E+00   1.00694  0.667E+15   0.0538  12 4.993E+04
  0.06621  0.87705  0.04226  0.782E-01   1.00290  0.609E+15   0.0587  13 4.615E+04
  0.04919  0.86990  0.03485  0.545E-01   1.00132  0.578E+15   0.0646  14 4.487E+04
  0.03664  0.85925  0.02834  0.291E-01   1.00051  0.551E+15   0.0717  15 4.423E+04
  0.02730  0.84386  0.02246  0.205E-01   1.00016  0.538E+15   0.0806  16 4.401E+04
  0.01983  0.82352  0.01714  0.164E-01   1.00005  0.526E+15   0.0921  17 4.395E+04
  0.01381  0.79635  0.01241  0.143E-01   1.00001  0.515E+15   0.1074  18 4.393E+04
  0.00901  0.75888  0.00835  0.106E-01   1.00000  0.501E+15   0.1287  19 4.393E+04
  0.00530  0.70433  0.00504  0.848E-02   1.00000  0.482E+15   0.1607  20 4.393E+04
                                         0.35522

     Scale:  L = 43.263     L+ = 43.593

               TB1 = 12953.1          Log EP0 = 38.638542
  TEMP IT no:           1

    12.7    -24.1770      0.4677   T* = 10711.9   TB = 12953.1

        XS        VS          LOG RH       TE          TR         W

        0.98     8429.12      -13.35     9697.88    10775.42    1.355
        0.94     8811.75      -13.40     9665.82    10739.80    1.175
        0.89     9230.77      -13.45     9633.76    10704.18    0.996
        0.85     9691.63      -13.49     9581.64    10646.26    0.847
        0.81    10200.93      -13.53     9511.64    10568.49    0.720
        0.77    10766.72      -13.61     9453.88    10504.31    0.600
        0.72    11398.96      -13.70     9393.88    10437.65    0.494
        0.68    12110.09      -13.82     9318.14    10353.49    0.407
        0.64    12915.85      -13.86     9218.94    10243.27    0.335
        0.60    13836.48      -13.88     9041.64    10046.27    0.274
        0.55    14898.42      -13.94     8689.79     9655.32    0.224
        0.51    16136.92      -14.39     8190.04     9100.04    0.189
        0.47    17600.00      -14.86     7749.85     8610.95    0.162
        0.43    19354.84      -15.27     7461.80     8290.89    0.138
        0.38    21498.37      -15.80     7267.30     8074.78    0.115
        0.34    24175.82      -16.55     7138.69     7931.87    0.092
        0.30    27615.06      -17.40     7044.98     7827.75    0.070
        0.26    32195.12      -18.37     6949.54     7721.71    0.052
        0.21    38596.49      -19.53     6834.21     7593.56    0.036
        0.17    48175.18      -20.95     6718.87     7465.41    0.021

         En consv. check   0.793D-14


      NPK        ABS      ESC      event      no event            out of rg

     90000     51505     38495     22171     16324         0         0


                         No. pkts   =   90000
                         Esc to inf =   38495
                         No line ev =       0
  PW(2)=    36420.379195759488       RQ(JS,5)=    36420.379195759488     
  TB=   12953.145743993500       CLP=  2.37572830277583951E-005  CL=  2.74571550895997369E-005

     JP       LP       KP        KJ         L        NUJ        BT        NPK

  1.62290  0.87056  0.54439  0.224E+00   1.12748  0.102E+16   0.0281   1 1.307E+05
  1.31214  0.87684  0.45208  0.190E+00   1.11616  0.982E+15   0.0294   2 1.185E+05
  1.09475  0.87589  0.38228  0.175E+00   1.10656  0.963E+15   0.0308   3 1.102E+05
  0.89879  0.87612  0.32470  0.162E+00   1.09767  0.944E+15   0.0323   4 1.031E+05
  0.74285  0.87365  0.27568  0.159E+00   1.08913  0.931E+15   0.0340   5 9.711E+04
  0.61929  0.86816  0.23242  0.153E+00   1.08045  0.920E+15   0.0359   6 9.126E+04
  0.50663  0.86374  0.19630  0.144E+00   1.07218  0.911E+15   0.0380   7 8.645E+04
  0.41873  0.85582  0.16613  0.142E+00   1.06431  0.905E+15   0.0404   8 8.257E+04
  0.34825  0.84466  0.13971  0.136E+00   1.05625  0.899E+15   0.0431   9 7.908E+04
  0.27567  0.83809  0.11289  0.124E+00   1.04611  0.880E+15   0.0462  10 7.331E+04
  0.19347  0.84512  0.08381  0.102E+00   1.03205  0.843E+15   0.0497  11 6.276E+04
  0.12672  0.85626  0.06015  0.836E-01   1.01857  0.794E+15   0.0538  12 5.193E+04
  0.08259  0.86319  0.04537  0.505E-01   1.00986  0.733E+15   0.0587  13 4.522E+04
  0.05658  0.86175  0.03582  0.326E-01   1.00503  0.686E+15   0.0646  14 4.189E+04
  0.03919  0.85588  0.02816  0.165E-01   1.00173  0.634E+15   0.0717  15 3.953E+04
  0.02819  0.84261  0.02213  0.111E-01   1.00043  0.605E+15   0.0806  16 3.871E+04
  0.02018  0.82304  0.01693  0.583E-02   1.00011  0.587E+15   0.0921  17 3.854E+04
  0.01396  0.79615  0.01230  0.433E-02   1.00001  0.573E+15   0.1074  18 3.850E+04
  0.00907  0.75879  0.00830  0.330E-02   1.00000  0.557E+15   0.1287  19 3.850E+04
  0.00532  0.70429  0.00501  0.221E-02   1.00000  0.535E+15   0.1607  20 3.850E+04
                                         0.86525

     Scale:  L = 43.263     L+ = 43.656

               TB1 = 13430.4          Log EP0 = 38.701401
  TEMP IT no:           2

     6.2    -24.1770      0.4047   T* = 10711.9   TB = 13430.4

        XS        VS          LOG RH       TE          TR         W

        0.98     8429.12      -13.35    10876.99    12085.55    0.979
        0.94     8811.75      -13.40    10681.41    11868.23    0.881
        0.89     9230.77      -13.45    10485.82    11650.91    0.782
        0.85     9691.63      -13.49    10333.57    11481.74    0.685
        0.81    10200.93      -13.53    10204.58    11338.42    0.596
        0.77    10766.72      -13.61    10100.00    11222.22    0.515
        0.72    11398.96      -13.70    10011.81    11124.23    0.440
        0.68    12110.09      -13.82     9933.36    11037.06    0.374
        0.64    12915.85      -13.86     9825.75    10917.50    0.321
        0.60    13836.48      -13.88     9607.27    10674.75    0.273
        0.55    14898.42      -13.94     9225.06    10250.07    0.229
        0.51    16136.92      -14.39     8702.92     9669.91    0.193
        0.47    17600.00      -14.86     8145.72     9050.80    0.166
        0.43    19354.84      -15.27     7646.30     8495.89    0.145
        0.38    21498.37      -15.80     7231.99     8035.54    0.126
        0.34    24175.82      -16.55     6939.24     7710.26    0.106
        0.30    27615.06      -17.40     6751.94     7502.16    0.085
        0.26    32195.12      -18.37     6598.93     7332.14    0.064
        0.21    38596.49      -19.53     6432.36     7147.06    0.046
        0.17    48175.18      -20.95     6265.78     6961.98    0.028

         En consv. check   0.911D-14


      NPK        ABS      ESC      event      no event            out of rg

     90000     52753     37247     20077     17170         0         0


                         No. pkts   =   90000
                         Esc to inf =   37247
                         No line ev =       0
  PW(2)=    35365.920991005703       RQ(JS,5)=    35365.920991005703     
  TB=   13430.430796122091       CLP=  2.74571550895997200E-005  CL=  2.82758082351176705E-005

     JP       LP       KP        KJ         L        NUJ        BT        NPK

  1.70127  0.85499  0.56761  0.238E+00   1.12382  0.108E+16   0.0281   1 1.322E+05
  1.32437  0.86855  0.46270  0.210E+00   1.11091  0.104E+16   0.0294   2 1.175E+05
  1.07624  0.87205  0.38391  0.193E+00   1.10009  0.101E+16   0.0308   3 1.071E+05
  0.89035  0.87097  0.32227  0.183E+00   1.09055  0.992E+15   0.0323   4 9.916E+04
  0.72971  0.86987  0.26914  0.167E+00   1.08123  0.972E+15   0.0340   5 9.187E+04
  0.58354  0.87072  0.22441  0.161E+00   1.07229  0.958E+15   0.0359   6 8.533E+04
  0.48350  0.86472  0.18752  0.150E+00   1.06388  0.942E+15   0.0380   7 7.996E+04
  0.38640  0.86199  0.15575  0.146E+00   1.05559  0.929E+15   0.0404   8 7.479E+04
  0.31258  0.85550  0.12886  0.134E+00   1.04743  0.914E+15   0.0431   9 7.021E+04
  0.24364  0.85157  0.10394  0.125E+00   1.03829  0.894E+15   0.0462  10 6.482E+04
  0.17431  0.85552  0.07824  0.108E+00   1.02642  0.860E+15   0.0497  11 5.612E+04
  0.11226  0.86714  0.05780  0.773E-01   1.01561  0.800E+15   0.0538  12 4.753E+04
  0.07748  0.86816  0.04533  0.526E-01   1.00936  0.749E+15   0.0587  13 4.304E+04
  0.05537  0.86321  0.03617  0.343E-01   1.00528  0.701E+15   0.0646  14 4.048E+04
  0.03942  0.85513  0.02858  0.177E-01   1.00226  0.658E+15   0.0717  15 3.862E+04
  0.02815  0.84240  0.02231  0.931E-02   1.00062  0.624E+15   0.0806  16 3.756E+04
  0.02012  0.82300  0.01700  0.556E-02   1.00014  0.605E+15   0.0921  17 3.730E+04
  0.01392  0.79615  0.01233  0.409E-02   1.00002  0.590E+15   0.1074  18 3.726E+04
  0.00905  0.75880  0.00832  0.308E-02   1.00000  0.574E+15   0.1287  19 3.725E+04
  0.00531  0.70430  0.00502  0.189E-02   1.00000  0.551E+15   0.1607  20 3.725E+04
                                         0.97105

     Scale:  L = 43.263     L+ = 43.668

               TB1 = 13529.4          Log EP0 = 38.714160
  TEMP IT no:           3

     3.4    -24.1770      0.3930   T* = 10711.9   TB = 13529.4

        XS        VS          LOG RH       TE          TR         W

        0.98     8429.12      -13.35    11725.38    13028.20    0.750
        0.94     8811.75      -13.40    11441.87    12713.19    0.678
        0.89     9230.77      -13.45    11158.37    12398.18    0.605
        0.85     9691.63      -13.49    10933.04    12147.82    0.539
        0.81    10200.93      -13.53    10743.95    11937.72    0.473
        0.77    10766.72      -13.61    10585.68    11761.86    0.407
        0.72    11398.96      -13.70    10441.44    11601.60    0.350
        0.68    12110.09      -13.82    10301.92    11446.58    0.299
        0.64    12915.85      -13.86    10140.24    11266.93    0.255
        0.60    13836.48      -13.88     9895.05    10994.50    0.217
        0.55    14898.42      -13.94     9488.86    10543.18    0.183
        0.51    16136.92      -14.39     8935.38     9928.20    0.156
        0.47    17600.00      -14.86     8362.78     9291.98    0.139
        0.43    19354.84      -15.27     7841.40     8712.67    0.127
        0.38    21498.37      -15.80     7386.88     8207.64    0.115
        0.34    24175.82      -16.55     7041.81     7824.23    0.100
        0.30    27615.06      -17.40     6811.23     7568.03    0.081
        0.26    32195.12      -18.37     6633.50     7370.55    0.063
        0.21    38596.49      -19.53     6445.74     7161.93    0.046
        0.17    48175.18      -20.95     6257.98     6953.31    0.029

         En consv. check  -0.538D-14


      NPK        ABS      ESC      event      no event            out of rg

     90000     54452     35548     19041     16507         0         0


                         No. pkts   =   90000
                         Esc to inf =   35548
                         No line ev =       0
  PW(2)=    33732.514211524067       RQ(JS,5)=    33732.514211524067     
  TB=   13529.439847100626       CLP=  2.82758082351176299E-005  CL=  2.96449886222346607E-005

     JP       LP       KP        KJ         L        NUJ        BT        NPK

  1.85987  0.83859  0.60300  0.254E+00   1.13019  0.111E+16   0.0281   1 1.338E+05
  1.45108  0.85317  0.49872  0.240E+00   1.11736  0.109E+16   0.0294   2 1.210E+05
  1.15543  0.86086  0.41251  0.219E+00   1.10553  0.105E+16   0.0308   3 1.097E+05
  0.93916  0.86273  0.34133  0.206E+00   1.09442  0.103E+16   0.0323   4 1.003E+05
  0.76653  0.86226  0.28138  0.189E+00   1.08383  0.101E+16   0.0340   5 9.185E+04
  0.60517  0.86517  0.23087  0.176E+00   1.07361  0.978E+15   0.0359   6 8.388E+04
  0.48925  0.86259  0.19021  0.163E+00   1.06420  0.962E+15   0.0380   7 7.756E+04
  0.39322  0.85897  0.15764  0.152E+00   1.05560  0.941E+15   0.0404   8 7.236E+04
  0.31631  0.85314  0.13095  0.151E+00   1.04753  0.937E+15   0.0431   9 6.825E+04
  0.24003  0.85266  0.10369  0.135E+00   1.03738  0.910E+15   0.0462  10 6.166E+04
  0.17067  0.85720  0.07786  0.105E+00   1.02549  0.860E+15   0.0497  11 5.319E+04
  0.11188  0.86687  0.05774  0.793E-01   1.01498  0.801E+15   0.0538  12 4.520E+04
  0.07713  0.86802  0.04521  0.516E-01   1.00870  0.747E+15   0.0587  13 4.092E+04
  0.05440  0.86423  0.03586  0.295E-01   1.00447  0.693E+15   0.0646  14 3.816E+04
  0.03909  0.85557  0.02851  0.184E-01   1.00193  0.655E+15   0.0717  15 3.661E+04
  0.02806  0.84251  0.02235  0.908E-02   1.00059  0.622E+15   0.0806  16 3.583E+04
  0.02011  0.82295  0.01702  0.625E-02   1.00013  0.603E+15   0.0921  17 3.560E+04
  0.01391  0.79617  0.01234  0.377E-02   1.00002  0.588E+15   0.1074  18 3.555E+04
  0.00904  0.75881  0.00832  0.253E-02   1.00000  0.571E+15   0.1287  19 3.555E+04
  0.00531  0.70430  0.00502  0.192E-02   1.00000  0.549E+15   0.1607  20 3.555E+04
                                         0.95381

     Scale:  L = 43.263     L+ = 43.689

               TB1 = 13690.3          Log EP0 = 38.734696
  TEMP IT no:           4

     2.0    -24.1770      0.3748   T* = 10711.9   TB = 13690.3

        XS        VS          LOG RH       TE          TR         W

        0.98     8429.12      -13.35    12318.46    13687.18    0.680
        0.94     8811.75      -13.40    12000.44    13333.82    0.611
        0.89     9230.77      -13.45    11682.42    12980.46    0.541
        0.85     9691.63      -13.49    11401.33    12668.14    0.483
        0.81    10200.93      -13.53    11153.30    12392.55    0.426
        0.77    10766.72      -13.61    10919.05    12132.28    0.372
        0.72    11398.96      -13.70    10714.38    11904.87    0.322
        0.68    12110.09      -13.82    10548.79    11720.87    0.276
        0.64    12915.85      -13.86    10384.73    11538.59    0.233
        0.60    13836.48      -13.88    10091.05    11212.27    0.198
        0.55    14898.42      -13.94     9602.31    10669.24    0.171
        0.51    16136.92      -14.39     9007.84    10008.71    0.150
        0.47    17600.00      -14.86     8406.12     9340.13    0.135
        0.43    19354.84      -15.27     7857.88     8730.97    0.125
        0.38    21498.37      -15.80     7402.73     8225.26    0.113
        0.34    24175.82      -16.55     7055.48     7839.42    0.099
        0.30    27615.06      -17.40     6811.59     7568.43    0.081
        0.26    32195.12      -18.37     6623.27     7359.19    0.063
        0.21    38596.49      -19.53     6428.43     7142.70    0.046
        0.17    48175.18      -20.95     6233.58     6926.20    0.029

         En consv. check  -0.120D-14


      NPK        ABS      ESC      event      no event            out of rg

     90000     55510     34490     18493     15997         0         0


                         No. pkts   =   90000
                         Esc to inf =   34490
                         No line ev =       0
  PW(2)=    32694.596152027003       RQ(JS,5)=    32694.596152027003     
  TB=   13690.328878298951       CLP=  2.96449886222345828E-005  CL=  3.05860942692207541E-005

     JP       LP       KP        KJ         L        NUJ        BT        NPK

  1.90227  0.83526  0.63620  0.266E+00   1.13574  0.114E+16   0.0281   1 1.366E+05
  1.52780  0.84406  0.52647  0.257E+00   1.12226  0.113E+16   0.0294   2 1.236E+05
  1.22663  0.85052  0.43474  0.237E+00   1.10959  0.110E+16   0.0308   3 1.123E+05
  0.98218  0.85530  0.35525  0.218E+00   1.09715  0.106E+16   0.0323   4 1.012E+05
  0.79377  0.85651  0.28965  0.198E+00   1.08547  0.103E+16   0.0340   5 9.190E+04
  0.61616  0.86216  0.23502  0.187E+00   1.07430  0.101E+16   0.0359   6 8.279E+04
  0.49718  0.85988  0.19292  0.172E+00   1.06458  0.990E+15   0.0380   7 7.622E+04
  0.39284  0.85861  0.15875  0.160E+00   1.05549  0.965E+15   0.0404   8 7.064E+04
  0.31968  0.85124  0.13031  0.150E+00   1.04677  0.948E+15   0.0431   9 6.581E+04
  0.23756  0.85352  0.10331  0.129E+00   1.03676  0.907E+15   0.0462  10 5.952E+04
  0.16862  0.85818  0.07767  0.104E+00   1.02502  0.865E+15   0.0497  11 5.138E+04
  0.11164  0.86676  0.05731  0.863E-01   1.01431  0.809E+15   0.0538  12 4.349E+04
  0.07676  0.86823  0.04484  0.504E-01   1.00811  0.748E+15   0.0587  13 3.936E+04
  0.05441  0.86408  0.03601  0.304E-01   1.00455  0.699E+15   0.0646  14 3.712E+04
  0.03894  0.85576  0.02848  0.158E-01   1.00176  0.654E+15   0.0717  15 3.544E+04
  0.02789  0.84292  0.02235  0.708E-02   1.00053  0.621E+15   0.0806  16 3.472E+04
  0.02004  0.82318  0.01704  0.487E-02   1.00016  0.604E+15   0.0921  17 3.455E+04
  0.01390  0.79618  0.01235  0.365E-02   1.00003  0.590E+15   0.1074  18 3.450E+04
  0.00904  0.75882  0.00832  0.254E-02   1.00000  0.573E+15   0.1287  19 3.449E+04
  0.00531  0.70431  0.00503  0.199E-02   1.00000  0.551E+15   0.1607  20 3.449E+04
                                         0.96923

     Scale:  L = 43.263     L+ = 43.703

               TB1 = 13797.7          Log EP0 = 38.748269
  TEMP IT no:           5

     1.6    -24.1770      0.3633   T* = 10711.9   TB = 13797.7

        XS        VS          LOG RH       TE          TR         W

        0.98     8429.12      -13.35    12770.57    14189.52    0.612
        0.94     8811.75      -13.40    12460.85    13845.38    0.550
        0.89     9230.77      -13.45    12151.12    13501.25    0.488
        0.85     9691.63      -13.49    11817.16    13130.18    0.438
        0.81    10200.93      -13.53    11508.33    12787.04    0.389
        0.77    10766.72      -13.61    11242.59    12491.76    0.338
        0.72    11398.96      -13.70    11011.38    12234.87    0.292
        0.68    12110.09      -13.82    10794.13    11993.48    0.253
        0.64    12915.85      -13.86    10538.97    11709.97    0.220
        0.60    13836.48      -13.88    10168.17    11297.97    0.191
        0.55    14898.42      -13.94     9671.54    10746.15    0.165
        0.51    16136.92      -14.39     9075.79    10084.22    0.145
        0.47    17600.00      -14.86     8450.92     9389.91    0.132
        0.43    19354.84      -15.27     7887.09     8763.44    0.122
        0.38    21498.37      -15.80     7411.96     8235.52    0.112
        0.34    24175.82      -16.55     7053.29     7836.98    0.098
        0.30    27615.06      -17.40     6815.86     7573.17    0.081
        0.26    32195.12      -18.37     6633.65     7370.72    0.062
        0.21    38596.49      -19.53     6439.37     7154.86    0.046
        0.17    48175.18      -20.95     6245.09     6938.99    0.029

         En consv. check   0.123D-13


      NPK        ABS      ESC      event      no event            out of rg

     90000     56607     33393     17960     15433         0         0


                         No. pkts   =   90000
                         Esc to inf =   33393
                         No line ev =       0
  PW(2)=    31600.067569883358       RQ(JS,5)=    31600.067569883358     
  TB=   13797.711656615342       CLP=  3.05860942692207677E-005  CL=  3.16455019530735541E-005

     JP       LP       KP        KJ         L        NUJ        BT        NPK

  2.03056  0.82467  0.67346  0.278E+00   1.14459  0.117E+16   0.0281   1 1.396E+05
  1.62040  0.83555  0.55657  0.270E+00   1.13021  0.115E+16   0.0294   2 1.266E+05
  1.32997  0.83792  0.46055  0.248E+00   1.11691  0.112E+16   0.0308   3 1.152E+05
  1.05199  0.84555  0.37432  0.232E+00   1.10327  0.109E+16   0.0323   4 1.036E+05
  0.82848  0.85149  0.30107  0.205E+00   1.09005  0.105E+16   0.0340   5 9.262E+04
  0.66063  0.85302  0.24652  0.193E+00   1.07885  0.103E+16   0.0359   6 8.466E+04
  0.51239  0.85670  0.19985  0.182E+00   1.06782  0.100E+16   0.0380   7 7.666E+04
  0.40635  0.85481  0.16329  0.168E+00   1.05797  0.980E+15   0.0404   8 7.062E+04
  0.32418  0.84989  0.13310  0.152E+00   1.04850  0.950E+15   0.0431   9 6.526E+04
  0.24845  0.84813  0.10514  0.135E+00   1.03797  0.923E+15   0.0462  10 5.896E+04
  0.17073  0.85694  0.07763  0.106E+00   1.02512  0.866E+15   0.0497  11 4.998E+04
  0.10978  0.86844  0.05723  0.712E-01   1.01440  0.796E+15   0.0538  12 4.214E+04
  0.07667  0.86848  0.04492  0.487E-01   1.00836  0.744E+15   0.0587  13 3.822E+04
  0.05471  0.86373  0.03587  0.300E-01   1.00444  0.697E+15   0.0646  14 3.590E+04
  0.03914  0.85541  0.02854  0.166E-01   1.00193  0.654E+15   0.0717  15 3.444E+04
  0.02796  0.84274  0.02235  0.852E-02   1.00056  0.620E+15   0.0806  16 3.364E+04
  0.02007  0.82309  0.01704  0.451E-02   1.00014  0.602E+15   0.0921  17 3.345E+04
  0.01390  0.79621  0.01235  0.362E-02   1.00002  0.587E+15   0.1074  18 3.340E+04
  0.00904  0.75882  0.00832  0.280E-02   1.00000  0.571E+15   0.1287  19 3.339E+04
  0.00531  0.70431  0.00502  0.200E-02   1.00000  0.549E+15   0.1607  20 3.339E+04
                                         0.96652

     Scale:  L = 43.263     L+ = 43.717

               TB1 = 13915.7          Log EP0 = 38.763057
  TEMP IT no:           6

     1.2    -24.1770      0.3511   T* = 10711.9   TB = 13915.7

        XS        VS          LOG RH       TE          TR         W

        0.98     8429.12      -13.35    13132.14    14591.27    0.582
        0.94     8811.75      -13.40    12811.16    14234.63    0.526
        0.89     9230.77      -13.45    12490.19    13877.99    0.469
        0.85     9691.63      -13.49    12130.36    13478.18    0.421
        0.81    10200.93      -13.53    11781.31    13090.34    0.374
        0.77    10766.72      -13.61    11490.52    12767.25    0.327
        0.72    11398.96      -13.70    11232.15    12480.17    0.281
        0.68    12110.09      -13.82    10959.03    12176.70    0.245
        0.64    12915.85      -13.86    10657.04    11841.16    0.216
        0.60    13836.48      -13.88    10266.83    11407.59    0.189
        0.55    14898.42      -13.94     9703.36    10781.51    0.165
        0.51    16136.92      -14.39     9037.46    10041.62    0.146
        0.47    17600.00      -14.86     8419.29     9354.77    0.133
        0.43    19354.84      -15.27     7880.75     8756.38    0.123
        0.38    21498.37      -15.80     7412.26     8235.85    0.113
        0.34    24175.82      -16.55     7048.49     7831.66    0.099
        0.30    27615.06      -17.40     6803.61     7559.56    0.081
        0.26    32195.12      -18.37     6619.55     7355.06    0.063
        0.21    38596.49      -19.53     6426.55     7140.61    0.046
        0.17    48175.18      -20.95     6233.55     6926.16    0.029

         En consv. check   0.136D-14


      NPK        ABS      ESC      event      no event            out of rg

     90000     57017     32983     17732     15251         0         0


                         No. pkts   =   90000
                         Esc to inf =   32983
                         No line ev =       0
  PW(2)=    31164.704951580450       RQ(JS,5)=    31164.704951580450     
  TB=   13915.667921707714       CLP=  3.16455019530735880E-005  CL=  3.20875811772858481E-005

     JP       LP       KP        KJ         L        NUJ        BT        NPK

  2.08097  0.82214  0.69074  0.290E+00   1.15001  0.120E+16   0.0281   1 1.414E+05
  1.70352  0.82734  0.58378  0.278E+00   1.13681  0.118E+16   0.0294   2 1.310E+05
  1.37115  0.83404  0.47882  0.263E+00   1.12219  0.115E+16   0.0308   3 1.183E+05
  1.08808  0.84121  0.38873  0.237E+00   1.10794  0.111E+16   0.0323   4 1.063E+05
  0.86484  0.84556  0.31470  0.220E+00   1.09452  0.108E+16   0.0340   5 9.568E+04
  0.67469  0.85084  0.25143  0.201E+00   1.08132  0.105E+16   0.0359   6 8.538E+04
  0.53998  0.84968  0.20538  0.186E+00   1.07042  0.103E+16   0.0380   7 7.831E+04
  0.41541  0.85236  0.16555  0.168E+00   1.05947  0.992E+15   0.0404   8 7.086E+04
  0.32372  0.85076  0.13299  0.152E+00   1.04913  0.960E+15   0.0431   9 6.457E+04
  0.25043  0.84773  0.10596  0.134E+00   1.03903  0.931E+15   0.0462  10 5.883E+04
  0.18023  0.85130  0.07859  0.998E-01   1.02625  0.891E+15   0.0497  11 5.010E+04
  0.11289  0.86618  0.05777  0.743E-01   1.01515  0.812E+15   0.0538  12 4.230E+04
  0.07683  0.86848  0.04500  0.465E-01   1.00862  0.748E+15   0.0587  13 3.794E+04
  0.05430  0.86448  0.03590  0.283E-01   1.00465  0.698E+15   0.0646  14 3.552E+04
  0.03906  0.85569  0.02854  0.145E-01   1.00205  0.654E+15   0.0717  15 3.405E+04
  0.02805  0.84260  0.02234  0.783E-02   1.00063  0.623E+15   0.0806  16 3.326E+04
  0.02008  0.82310  0.01702  0.463E-02   1.00016  0.605E+15   0.0921  17 3.304E+04
  0.01393  0.79607  0.01234  0.363E-02   1.00003  0.591E+15   0.1074  18 3.299E+04
  0.00905  0.75881  0.00832  0.266E-02   1.00000  0.574E+15   0.1287  19 3.298E+04
  0.00531  0.70430  0.00502  0.227E-02   1.00000  0.551E+15   0.1607  20 3.298E+04
                                         0.98622

     Scale:  L = 43.263     L+ = 43.723

               TB1 = 13964.0          Log EP0 = 38.769082
  TEMP IT no:           7

     1.2    -24.1770      0.3463   T* = 10711.9   TB = 13964.0

        XS        VS          LOG RH       TE          TR         W

        0.98     8429.12      -13.35    13430.56    14922.84    0.553
        0.94     8811.75      -13.40    13119.97    14577.75    0.497
        0.89     9230.77      -13.45    12809.38    14232.65    0.440
        0.85     9691.63      -13.49    12436.66    13818.51    0.395
        0.81    10200.93      -13.53    12072.48    13413.86    0.352
        0.77    10766.72      -13.61    11747.31    13052.56    0.310
        0.72    11398.96      -13.70    11438.79    12709.77    0.271
        0.68    12110.09      -13.82    11113.48    12348.31    0.237
        0.64    12915.85      -13.86    10770.66    11967.40    0.208
        0.60    13836.48      -13.88    10390.85    11545.39    0.183
        0.55    14898.42      -13.94     9854.85    10949.84    0.161
        0.51    16136.92      -14.39     9148.88    10165.42    0.143
        0.47    17600.00      -14.86     8459.92     9399.91    0.132
        0.43    19354.84      -15.27     7889.60     8766.22    0.122
        0.38    21498.37      -15.80     7419.35     8243.73    0.112
        0.34    24175.82      -16.55     7064.92     7849.91    0.098
        0.30    27615.06      -17.40     6824.93     7583.26    0.080
        0.26    32195.12      -18.37     6639.52     7377.25    0.062
        0.21    38596.49      -19.53     6443.55     7159.50    0.046
        0.17    48175.18      -20.95     6247.58     6941.75    0.029

         En consv. check   0.123D-13


      NPK        ABS      ESC      event      no event            out of rg

     90000     57215     32785     17482     15303         0         0


                         No. pkts   =   90000
                         Esc to inf =   32785
                         No line ev =       0
  PW(2)=    30970.774349178741       RQ(JS,5)=    30970.774349178741     
  TB=   13964.014923285184       CLP=  3.20875811772859497E-005  CL=  3.22885049216251608E-005

     JP       LP       KP        KJ         L        NUJ        BT        NPK

  2.10078  0.82191  0.70437  0.295E+00   1.15371  0.121E+16   0.0281   1 1.431E+05
  1.77463  0.81968  0.60336  0.294E+00   1.14131  0.120E+16   0.0294   2 1.344E+05
  1.45006  0.82331  0.50091  0.273E+00   1.12704  0.117E+16   0.0308   3 1.231E+05
  1.14745  0.83148  0.40957  0.258E+00   1.11252  0.115E+16   0.0323   4 1.113E+05
  0.91715  0.83509  0.32910  0.237E+00   1.09793  0.111E+16   0.0340   5 9.959E+04
  0.70344  0.84380  0.25937  0.208E+00   1.08325  0.107E+16   0.0359   6 8.762E+04
  0.53955  0.84958  0.20727  0.197E+00   1.07075  0.104E+16   0.0380   7 7.854E+04
  0.41708  0.85152  0.16594  0.173E+00   1.05934  0.100E+16   0.0404   8 7.066E+04
  0.32374  0.85042  0.13320  0.155E+00   1.04889  0.972E+15   0.0431   9 6.425E+04
  0.24656  0.84946  0.10516  0.137E+00   1.03833  0.934E+15   0.0462  10 5.798E+04
  0.17424  0.85492  0.07782  0.103E+00   1.02550  0.870E+15   0.0497  11 4.932E+04
  0.11125  0.86746  0.05765  0.761E-01   1.01498  0.808E+15   0.0538  12 4.171E+04
  0.07814  0.86708  0.04499  0.622E-01   1.00861  0.766E+15   0.0587  13 3.764E+04
  0.05451  0.86418  0.03594  0.265E-01   1.00472  0.695E+15   0.0646  14 3.532E+04
  0.03893  0.85597  0.02848  0.132E-01   1.00196  0.651E+15   0.0717  15 3.375E+04
  0.02801  0.84274  0.02234  0.921E-02   1.00066  0.621E+15   0.0806  16 3.306E+04
  0.02011  0.82301  0.01701  0.569E-02   1.00014  0.604E+15   0.0921  17 3.283E+04
  0.01391  0.79616  0.01234  0.354E-02   1.00004  0.589E+15   0.1074  18 3.280E+04
  0.00905  0.75880  0.00832  0.234E-02   1.00000  0.572E+15   0.1287  19 3.278E+04
  0.00531  0.70430  0.00502  0.173E-02   1.00000  0.550E+15   0.1607  20 3.278E+04
                                         0.99378

     Scale:  L = 43.263     L+ = 43.726

               TB1 = 13985.8          Log EP0 = 38.771793
  TEMP IT no:           8

     1.0    -24.1770      0.3441   T* = 10711.9   TB = 13985.8

        XS        VS          LOG RH       TE          TR         W

        0.98     8429.12      -13.35    13613.26    15125.84    0.535
        0.94     8811.75      -13.40    13352.39    14835.99    0.480
        0.89     9230.77      -13.45    13091.53    14546.15    0.425
        0.85     9691.63      -13.49    12761.11    14179.02    0.376
        0.81    10200.93      -13.53    12373.06    13747.84    0.336
        0.77    10766.72      -13.61    11977.55    13308.39    0.297
        0.72    11398.96      -13.70    11616.26    12906.96    0.258
        0.68    12110.09      -13.82    11253.64    12504.04    0.226
        0.64    12915.85      -13.86    10878.43    12087.15    0.200
        0.60    13836.48      -13.88    10422.22    11580.24    0.178
        0.55    14898.42      -13.94     9813.28    10903.64    0.160
        0.51    16136.92      -14.39     9161.09    10178.99    0.141
        0.47    17600.00      -14.86     8531.82     9479.80    0.128
        0.43    19354.84      -15.27     7909.83     8788.70    0.122
        0.38    21498.37      -15.80     7398.40     8220.45    0.113
        0.34    24175.82      -16.55     7053.30     7837.00    0.099
        0.30    27615.06      -17.40     6819.50     7577.22    0.081
        0.26    32195.12      -18.37     6632.58     7369.53    0.062
        0.21    38596.49      -19.53     6434.80     7149.78    0.046
        0.17    48175.18      -20.95     6237.03     6930.03    0.029

         En consv. check   0.507D-14


      NPK        ABS      ESC      event      no event            out of rg

     90000     57506     32494     17252     15242         0         0


                         No. pkts   =   90000
                         Esc to inf =   32494
                         No line ev =       0
  PW(2)=    30670.913401982198       RQ(JS,5)=    30670.913401982198     
  TB=   13985.823500139220       CLP=  3.22885049216252489E-005  CL=  3.26041806089600198E-005

     JP       LP       KP        KJ         L        NUJ        BT        NPK

  2.16267  0.81765  0.71447  0.303E+00   1.15791  0.122E+16   0.0281   1 1.440E+05
  1.80461  0.81839  0.61767  0.296E+00   1.14597  0.121E+16   0.0294   2 1.363E+05
  1.48928  0.81965  0.51769  0.283E+00   1.13202  0.119E+16   0.0308   3 1.260E+05
  1.19304  0.82538  0.42453  0.268E+00   1.11724  0.116E+16   0.0323   4 1.144E+05
  0.94880  0.83009  0.34291  0.253E+00   1.10239  0.114E+16   0.0340   5 1.029E+05
  0.74059  0.83588  0.26984  0.226E+00   1.08698  0.109E+16   0.0359   6 9.063E+04
  0.56165  0.84399  0.21281  0.203E+00   1.07318  0.106E+16   0.0380   7 7.992E+04
  0.43333  0.84635  0.17162  0.187E+00   1.06182  0.103E+16   0.0404   8 7.280E+04
  0.33360  0.84646  0.13682  0.163E+00   1.05062  0.988E+15   0.0431   9 6.564E+04
  0.24943  0.84798  0.10581  0.138E+00   1.03867  0.937E+15   0.0462  10 5.790E+04
  0.16984  0.85781  0.07791  0.105E+00   1.02560  0.875E+15   0.0497  11 4.876E+04
  0.11101  0.86767  0.05764  0.733E-01   1.01498  0.810E+15   0.0538  12 4.137E+04
  0.07637  0.86895  0.04502  0.446E-01   1.00861  0.746E+15   0.0587  13 3.723E+04
  0.05531  0.86300  0.03602  0.300E-01   1.00477  0.708E+15   0.0646  14 3.514E+04
  0.03950  0.85477  0.02860  0.162E-01   1.00209  0.664E+15   0.0717  15 3.364E+04
  0.02797  0.84272  0.02234  0.807E-02   1.00054  0.624E+15   0.0806  16 3.275E+04
  0.02005  0.82316  0.01703  0.442E-02   1.00011  0.605E+15   0.0921  17 3.254E+04
  0.01390  0.79623  0.01235  0.307E-02   1.00002  0.590E+15   0.1074  18 3.250E+04
  0.00904  0.75882  0.00832  0.233E-02   1.00000  0.574E+15   0.1287  19 3.249E+04
  0.00531  0.70431  0.00502  0.199E-02   1.00000  0.552E+15   0.1607  20 3.249E+04
                                         0.99032

     Scale:  L = 43.263     L+ = 43.730

               TB1 = 14019.9          Log EP0 = 38.776018
  TEMP IT no:           9

     1.0    -24.1770      0.3408   T* = 10711.9   TB = 14019.9

        XS        VS          LOG RH       TE          TR         W

        0.98     8429.12      -13.35    13777.98    15308.87    0.520
        0.94     8811.75      -13.40    13544.94    15049.93    0.464
        0.89     9230.77      -13.45    13311.89    14790.99    0.408
        0.85     9691.63      -13.49    13011.23    14456.92    0.361
        0.81    10200.93      -13.53    12648.67    14054.08    0.320
        0.77    10766.72      -13.61    12229.18    13587.97    0.285
        0.72    11398.96      -13.70    11831.17    13145.74    0.250
        0.68    12110.09      -13.82    11462.13    12735.70    0.218
        0.64    12915.85      -13.86    11029.41    12254.89    0.194
        0.60    13836.48      -13.88    10484.73    11649.70    0.175
        0.55    14898.42      -13.94     9838.22    10931.36    0.156
        0.51    16136.92      -14.39     9143.24    10159.16    0.140
        0.47    17600.00      -14.86     8498.80     9443.11    0.129
        0.43    19354.84      -15.27     7956.33     8840.36    0.119
        0.38    21498.37      -15.80     7478.07     8308.96    0.110
        0.34    24175.82      -16.55     7088.09     7875.66    0.097
        0.30    27615.06      -17.40     6830.34     7589.27    0.080
        0.26    32195.12      -18.37     6643.49     7381.66    0.062
        0.21    38596.49      -19.53     6448.64     7165.16    0.045
        0.17    48175.18      -20.95     6253.79     6948.65    0.029

         En consv. check   0.238D-14


      NPK        ABS      ESC      event      no event            out of rg

     90000     57591     32409     17221     15188         0         0


                         No. pkts   =   90000
                         Esc to inf =   32409
                         No line ev =       0
  PW(2)=    30553.994452074439       RQ(JS,5)=    30553.994452074439     
  TB=   14019.882754573591       CLP=  3.26041806089599859E-005  CL=  3.27289448706470447E-005

     JP       LP       KP        KJ         L        NUJ        BT        NPK

  2.14038  0.82285  0.72259  0.306E+00   1.16146  0.123E+16   0.0281   1 1.450E+05
  1.83161  0.81724  0.62519  0.308E+00   1.14945  0.123E+16   0.0294   2 1.375E+05
  1.51994  0.81727  0.52966  0.298E+00   1.13622  0.122E+16   0.0308   3 1.285E+05
  1.27081  0.81350  0.44103  0.279E+00   1.12218  0.119E+16   0.0323   4 1.187E+05
  0.98668  0.82368  0.35379  0.261E+00   1.10614  0.115E+16   0.0340   5 1.059E+05
  0.75784  0.83284  0.27712  0.231E+00   1.08995  0.111E+16   0.0359   6 9.266E+04
  0.57589  0.84072  0.21591  0.208E+00   1.07494  0.106E+16   0.0380   7 8.108E+04
  0.44399  0.84326  0.17326  0.193E+00   1.06300  0.104E+16   0.0404   8 7.350E+04
  0.34059  0.84391  0.13739  0.174E+00   1.05126  0.999E+15   0.0431   9 6.599E+04
  0.25154  0.84713  0.10676  0.140E+00   1.03941  0.949E+15   0.0462  10 5.837E+04
  0.17578  0.85399  0.07846  0.103E+00   1.02598  0.886E+15   0.0497  11 4.922E+04
  0.11225  0.86659  0.05748  0.704E-01   1.01478  0.805E+15   0.0538  12 4.126E+04
  0.07616  0.86912  0.04481  0.461E-01   1.00834  0.744E+15   0.0587  13 3.702E+04
  0.05462  0.86402  0.03590  0.260E-01   1.00463  0.699E+15   0.0646  14 3.491E+04
  0.03925  0.85534  0.02857  0.140E-01   1.00212  0.659E+15   0.0717  15 3.350E+04
  0.02796  0.84286  0.02231  0.625E-02   1.00056  0.622E+15   0.0806  16 3.264E+04
  0.02009  0.82311  0.01702  0.438E-02   1.00017  0.606E+15   0.0921  17 3.246E+04
  0.01391  0.79619  0.01234  0.323E-02   1.00001  0.591E+15   0.1074  18 3.241E+04
  0.00905  0.75880  0.00832  0.263E-02   1.00000  0.575E+15   0.1287  19 3.241E+04
  0.00531  0.70430  0.00502  0.205E-02   1.00000  0.552E+15   0.1607  20 3.241E+04
                                         0.99619

     Scale:  L = 43.263     L+ = 43.732

               TB1 = 14033.3          Log EP0 = 38.777677
  TEMP IT no:          10

     0.8    -24.1770      0.3395   T* = 10711.9   TB = 14033.3

        XS        VS          LOG RH       TE          TR         W

        0.98     8429.12      -13.35    13914.79    15460.88    0.496
        0.94     8811.75      -13.40    13735.01    15261.12    0.443
        0.89     9230.77      -13.45    13555.23    15061.37    0.391
        0.85     9691.63      -13.49    13266.09    14740.10    0.349
        0.81    10200.93      -13.53    12880.13    14311.26    0.310
        0.77    10766.72      -13.61    12417.93    13797.70    0.276
        0.72    11398.96      -13.70    11975.82    13306.47    0.244
        0.68    12110.09      -13.82    11596.60    12885.11    0.213
        0.64    12915.85      -13.86    11164.64    12405.16    0.188
        0.60    13836.48      -13.88    10601.38    11779.31    0.171
        0.55    14898.42      -13.94     9903.04    11003.38    0.156
        0.51    16136.92      -14.39     9139.51    10155.01    0.142
        0.47    17600.00      -14.86     8461.28     9401.42    0.131
        0.43    19354.84      -15.27     7916.81     8796.45    0.121
        0.38    21498.37      -15.80     7455.38     8283.76    0.110
        0.34    24175.82      -16.55     7085.30     7872.56    0.097
        0.30    27615.06      -17.40     6836.74     7596.38    0.080
        0.26    32195.12      -18.37     6652.78     7391.98    0.062
        0.21    38596.49      -19.53     6457.90     7175.45    0.045
        0.17    48175.18      -20.95     6263.02     6958.92    0.029

         En consv. check   0.113D-13


      NPK        ABS      ESC      event      no event            out of rg

     90000     57424     32576     17278     15298         0         0


                         No. pkts   =   90000
                         Esc to inf =   32576
                         No line ev =       0
  PW(2)=    30677.857854218651       RQ(JS,5)=    30677.857854218651     
  TB=   14033.275790560027       CLP=  3.27289448706469838E-005  CL=  3.25968001009720255E-005

     JP       LP       KP        KJ         L        NUJ        BT        NPK

  2.13673  0.82509  0.71745  0.302E+00   1.16267  0.123E+16   0.0281   1 1.445E+05
  1.80636  0.82255  0.62369  0.312E+00   1.15118  0.124E+16   0.0294   2 1.376E+05
  1.54532  0.81522  0.53871  0.307E+00   1.13948  0.123E+16   0.0308   3 1.311E+05
  1.27687  0.81410  0.44798  0.293E+00   1.12510  0.121E+16   0.0323   4 1.212E+05
  1.01155  0.81996  0.36307  0.274E+00   1.10953  0.118E+16   0.0340   5 1.094E+05
  0.77399  0.82999  0.28553  0.250E+00   1.09311  0.113E+16   0.0359   6 9.603E+04
  0.58847  0.83788  0.22222  0.224E+00   1.07759  0.109E+16   0.0380   7 8.389E+04
  0.45305  0.84074  0.17703  0.203E+00   1.06495  0.105E+16   0.0404   8 7.543E+04
  0.34220  0.84370  0.13904  0.172E+00   1.05243  0.100E+16   0.0431   9 6.720E+04
  0.25506  0.84560  0.10725  0.142E+00   1.03997  0.948E+15   0.0462  10 5.909E+04
  0.17373  0.85555  0.07838  0.107E+00   1.02617  0.887E+15   0.0497  11 4.960E+04
  0.11431  0.86504  0.05803  0.830E-01   1.01540  0.829E+15   0.0538  12 4.199E+04
  0.07689  0.86844  0.04498  0.479E-01   1.00863  0.755E+15   0.0587  13 3.742E+04
  0.05507  0.86338  0.03600  0.294E-01   1.00478  0.707E+15   0.0646  14 3.524E+04
  0.03907  0.85570  0.02843  0.182E-01   1.00185  0.663E+15   0.0717  15 3.354E+04
  0.02797  0.84284  0.02229  0.710E-02   1.00053  0.626E+15   0.0806  16 3.279E+04
  0.02012  0.82298  0.01702  0.564E-02   1.00018  0.611E+15   0.0921  17 3.264E+04
  0.01391  0.79619  0.01233  0.333E-02   1.00001  0.595E+15   0.1074  18 3.258E+04
  0.00905  0.75881  0.00832  0.254E-02   1.00001  0.579E+15   0.1287  19 3.258E+04
  0.00531  0.70430  0.00502  0.216E-02   1.00000  0.556E+15   0.1607  20 3.258E+04
                                         1.00405

     Scale:  L = 43.263     L+ = 43.730

               TB1 = 14019.1          Log EP0 = 38.775920
  TEMP IT no:          11

     1.0    -24.1770      0.3409   T* = 10711.9   TB = 14019.1

        XS        VS          LOG RH       TE          TR         W

        0.98     8429.12      -13.35    13963.27    15514.74    0.483
        0.94     8811.75      -13.40    13850.52    15389.47    0.428
        0.89     9230.77      -13.45    13737.78    15264.20    0.373
        0.85     9691.63      -13.49    13482.60    14980.66    0.332
        0.81    10200.93      -13.53    13113.92    14571.02    0.294
        0.77    10766.72      -13.61    12673.53    14081.70    0.260
        0.72    11398.96      -13.70    12220.75    13578.61    0.230
        0.68    12110.09      -13.82    11761.34    13068.16    0.204
        0.64    12915.85      -13.86    11239.58    12488.42    0.185
        0.60    13836.48      -13.88    10636.94    11818.82    0.169
        0.55    14898.42      -13.94     9972.56    11080.62    0.152
        0.51    16136.92      -14.39     9257.93    10286.59    0.136
        0.47    17600.00      -14.86     8555.19     9505.77    0.127
        0.43    19354.84      -15.27     7966.98     8852.20    0.118
        0.38    21498.37      -15.80     7490.13     8322.37    0.108
        0.34    24175.82      -16.55     7119.48     7910.54    0.095
        0.30    27615.06      -17.40     6876.43     7640.48    0.078
        0.26    32195.12      -18.37     6690.67     7434.07    0.060
        0.21    38596.49      -19.53     6491.23     7212.48    0.044
        0.17    48175.18      -20.95     6291.80     6990.89    0.028

         En consv. check   0.271D-14


      NPK        ABS      ESC      event      no event            out of rg

     90000     57430     32570     17218     15352         0         0


                         No. pkts   =   90000
                         Esc to inf =   32570
                         No line ev =       0
  PW(2)=    30639.164588053183       RQ(JS,5)=    30639.164588053183     
  TB=   14019.089277789837       CLP=  3.25968001009721000E-005  CL=  3.26379656052998196E-005

     JP       LP       KP        KJ         L        NUJ        BT        NPK

  2.14434  0.82663  0.72100  0.307E+00   1.16553  0.123E+16   0.0281   1 1.452E+05
  1.82542  0.82233  0.63046  0.309E+00   1.15443  0.123E+16   0.0294   2 1.392E+05
  1.58215  0.81171  0.54481  0.309E+00   1.14259  0.123E+16   0.0308   3 1.326E+05
  1.28330  0.81493  0.45240  0.295E+00   1.12788  0.121E+16   0.0323   4 1.223E+05
  1.04789  0.81412  0.37396  0.283E+00   1.11352  0.119E+16   0.0340   5 1.126E+05
  0.81407  0.82146  0.29540  0.254E+00   1.09681  0.114E+16   0.0359   6 9.947E+04
  0.61764  0.83016  0.23124  0.245E+00   1.08096  0.112E+16   0.0380   7 8.751E+04
  0.46765  0.83597  0.17956  0.208E+00   1.06614  0.107E+16   0.0404   8 7.674E+04
  0.35385  0.83886  0.14131  0.180E+00   1.05347  0.102E+16   0.0431   9 6.848E+04
  0.25468  0.84575  0.10811  0.148E+00   1.04037  0.962E+15   0.0462  10 5.954E+04
  0.17511  0.85458  0.07868  0.118E+00   1.02628  0.902E+15   0.0497  11 4.975E+04
  0.11664  0.86311  0.05760  0.730E-01   1.01502  0.812E+15   0.0538  12 4.151E+04
  0.07757  0.86773  0.04510  0.490E-01   1.00876  0.763E+15   0.0587  13 3.762E+04
  0.05504  0.86343  0.03597  0.263E-01   1.00474  0.712E+15   0.0646  14 3.522E+04
  0.03896  0.85591  0.02852  0.141E-01   1.00202  0.663E+15   0.0717  15 3.361E+04
  0.02807  0.84255  0.02233  0.694E-02   1.00062  0.631E+15   0.0806  16 3.282E+04
  0.02010  0.82304  0.01703  0.489E-02   1.00019  0.612E+15   0.0921  17 3.263E+04
  0.01391  0.79621  0.01234  0.391E-02   1.00002  0.597E+15   0.1074  18 3.257E+04
  0.00905  0.75880  0.00832  0.310E-02   1.00000  0.580E+15   0.1287  19 3.257E+04
  0.00531  0.70430  0.00502  0.253E-02   1.00000  0.557E+15   0.1607  20 3.257E+04
                                         0.99874

     Scale:  L = 43.263     L+ = 43.731

               TB1 = 14023.5          Log EP0 = 38.776468
  TEMP IT no:          12

     0.7    -24.1770      0.3404   T* = 10711.9   TB = 14023.5

        XS        VS          LOG RH       TE          TR         W

        0.98     8429.12      -13.35    13975.56    15528.40    0.484
        0.94     8811.75      -13.40    13877.93    15419.92    0.429
        0.89     9230.77      -13.45    13780.30    15311.44    0.374
        0.85     9691.63      -13.49    13582.95    15092.16    0.328
        0.81    10200.93      -13.53    13268.44    14742.72    0.290
        0.77    10766.72      -13.61    12872.38    14302.64    0.256
        0.72    11398.96      -13.70    12447.19    13830.21    0.224
        0.68    12110.09      -13.82    11954.96    13283.29    0.199
        0.64    12915.85      -13.86    11392.09    12657.87    0.180
        0.60    13836.48      -13.88    10771.94    11968.83    0.163
        0.55    14898.42      -13.94    10044.90    11161.00    0.149
        0.51    16136.92      -14.39     9267.51    10297.24    0.138
        0.47    17600.00      -14.86     8593.22     9548.02    0.126
        0.43    19354.84      -15.27     8020.47     8911.64    0.116
        0.38    21498.37      -15.80     7518.54     8353.93    0.106
        0.34    24175.82      -16.55     7147.99     7942.22    0.094
        0.30    27615.06      -17.40     6901.88     7668.75    0.077
        0.26    32195.12      -18.37     6711.17     7456.86    0.060
        0.21    38596.49      -19.53     6512.25     7235.84    0.044
        0.17    48175.18      -20.95     6313.34     7014.82    0.028

         En consv. check   0.186D-13


      NPK        ABS      ESC      event      no event            out of rg

     90000     57375     32625     17160     15465         0         0


                         No. pkts   =   90000
                         Esc to inf =   32625
                         No line ev =       0
  PW(2)=    30692.183964189797       RQ(JS,5)=    30692.183964189797     
  TB=   14023.513253284376       CLP=  3.26379656052998602E-005  CL=  3.25815849783369347E-005

     JP       LP       KP        KJ         L        NUJ        BT        NPK

  2.13668  0.82805  0.72044  0.307E+00   1.16598  0.124E+16   0.0281   1 1.450E+05
  1.85545  0.81878  0.63069  0.309E+00   1.15495  0.124E+16   0.0294   2 1.395E+05
  1.56453  0.81489  0.54383  0.308E+00   1.14291  0.123E+16   0.0308   3 1.329E+05
  1.33833  0.80557  0.45893  0.318E+00   1.12950  0.127E+16   0.0323   4 1.243E+05
  1.06938  0.80999  0.38008  0.291E+00   1.11513  0.120E+16   0.0340   5 1.149E+05
  0.82349  0.81934  0.30040  0.272E+00   1.09821  0.117E+16   0.0359   6 1.017E+05
  0.62560  0.82795  0.23388  0.247E+00   1.08182  0.113E+16   0.0380   7 8.876E+04
  0.47255  0.83422  0.18348  0.222E+00   1.06747  0.109E+16   0.0404   8 7.848E+04
  0.35578  0.83792  0.14205  0.188E+00   1.05366  0.103E+16   0.0431   9 6.884E+04
  0.25775  0.84409  0.10865  0.152E+00   1.04058  0.971E+15   0.0462  10 6.003E+04
  0.17311  0.85586  0.07805  0.115E+00   1.02585  0.900E+15   0.0497  11 4.934E+04
  0.11185  0.86704  0.05760  0.829E-01   1.01501  0.824E+15   0.0538  12 4.160E+04
  0.07751  0.86780  0.04511  0.515E-01   1.00878  0.767E+15   0.0587  13 3.758E+04
  0.05512  0.86330  0.03614  0.308E-01   1.00497  0.715E+15   0.0646  14 3.540E+04
  0.03933  0.85515  0.02857  0.178E-01   1.00207  0.671E+15   0.0717  15 3.368E+04
  0.02803  0.84262  0.02236  0.934E-02   1.00066  0.633E+15   0.0806  16 3.290E+04
  0.02010  0.82301  0.01704  0.556E-02   1.00019  0.613E+15   0.0921  17 3.269E+04
  0.01390  0.79619  0.01234  0.378E-02   1.00002  0.598E+15   0.1074  18 3.263E+04
  0.00904  0.75881  0.00832  0.312E-02   1.00000  0.582E+15   0.1287  19 3.262E+04
  0.00531  0.70430  0.00502  0.269E-02   1.00000  0.559E+15   0.1607  20 3.262E+04
                                         1.00173

     Scale:  L = 43.263     L+ = 43.730

               TB1 = 14017.5          Log EP0 = 38.775717
  TEMP IT no:          13

     0.9    -24.1770      0.3410   T* = 10711.9   TB = 14017.5

        XS        VS          LOG RH       TE          TR         W

        0.98     8429.12      -13.35    13877.13    15419.04    0.492
        0.94     8811.75      -13.40    13902.59    15447.32    0.428
        0.89     9230.77      -13.45    13928.04    15475.60    0.364
        0.85     9691.63      -13.49    13887.54    15430.60    0.308
        0.81    10200.93      -13.53    13539.71    15044.12    0.273
        0.77    10766.72      -13.61    13074.72    14527.46    0.244
        0.72    11398.96      -13.70    12635.01    14038.90    0.213
        0.68    12110.09      -13.82    12134.04    13482.26    0.189
        0.64    12915.85      -13.86    11548.66    12831.84    0.172
        0.60    13836.48      -13.88    10866.67    12074.08    0.158
        0.55    14898.42      -13.94    10099.63    11221.82    0.144
        0.51    16136.92      -14.39     9326.54    10362.82    0.131
        0.47    17600.00      -14.86     8645.66     9606.29    0.121
        0.43    19354.84      -15.27     8066.04     8962.26    0.113
        0.38    21498.37      -15.80     7569.20     8410.22    0.104
        0.34    24175.82      -16.55     7183.45     7981.61    0.092
        0.30    27615.06      -17.40     6922.81     7692.01    0.076
        0.26    32195.12      -18.37     6729.23     7476.92    0.059
        0.21    38596.49      -19.53     6529.75     7255.28    0.043
        0.17    48175.18      -20.95     6330.28     7033.64    0.027

         En consv. check  -0.488D-14


      NPK        ABS      ESC      event      no event            out of rg

     90000     57227     32773     17319     15454         0         0


                         No. pkts   =   90000
                         Esc to inf =   32773
                         No line ev =       0
  PW(2)=    30792.765092579248       RQ(JS,5)=    30792.765092579248     
  TB=   14017.453078009217       CLP=  3.25815849783370160E-005  CL=  3.24751608695573161E-005

     JP       LP       KP        KJ         L        NUJ        BT        NPK

  2.14385  0.82909  0.71483  0.309E+00   1.16720  0.123E+16   0.0281   1 1.447E+05
  1.82382  0.82499  0.62719  0.316E+00   1.15645  0.124E+16   0.0294   2 1.395E+05
  1.70301  0.79553  0.54388  0.289E+00   1.14489  0.126E+16   0.0308   3 1.334E+05
  1.31335  0.81191  0.46275  0.307E+00   1.13207  0.123E+16   0.0323   4 1.258E+05
  1.07846  0.80984  0.38627  0.303E+00   1.11816  0.122E+16   0.0340   5 1.171E+05
  0.84715  0.81505  0.30770  0.277E+00   1.10150  0.118E+16   0.0359   6 1.045E+05
  0.64471  0.82351  0.24077  0.254E+00   1.08493  0.115E+16   0.0380   7 9.179E+04
  0.48231  0.83171  0.18732  0.235E+00   1.06969  0.110E+16   0.0404   8 8.040E+04
  0.36184  0.83594  0.14548  0.195E+00   1.05569  0.104E+16   0.0431   9 7.082E+04
  0.26400  0.84111  0.11015  0.156E+00   1.04162  0.977E+15   0.0462  10 6.108E+04
  0.17881  0.85225  0.07986  0.119E+00   1.02710  0.905E+15   0.0497  11 5.089E+04
  0.11209  0.86684  0.05755  0.787E-01   1.01497  0.824E+15   0.0538  12 4.180E+04
  0.07783  0.86743  0.04485  0.517E-01   1.00848  0.767E+15   0.0587  13 3.763E+04
  0.05425  0.86457  0.03576  0.273E-01   1.00447  0.705E+15   0.0646  14 3.521E+04
  0.03901  0.85586  0.02851  0.165E-01   1.00205  0.667E+15   0.0717  15 3.383E+04
  0.02807  0.84258  0.02231  0.818E-02   1.00060  0.632E+15   0.0806  16 3.301E+04
  0.02017  0.82277  0.01702  0.518E-02   1.00020  0.615E+15   0.0921  17 3.285E+04
  0.01391  0.79618  0.01233  0.318E-02   1.00002  0.598E+15   0.1074  18 3.278E+04
  0.00905  0.75881  0.00832  0.237E-02   1.00000  0.582E+15   0.1287  19 3.277E+04
  0.00531  0.70430  0.00502  0.196E-02   1.00000  0.559E+15   0.1607  20 3.277E+04
                                         1.00328

     Scale:  L = 43.263     L+ = 43.729

               TB1 = 14006.0          Log EP0 = 38.774296
  TEMP IT no:          14

     0.5    -24.1770      0.3421   T* = 10711.9   TB = 14006.0

        XS        VS          LOG RH       TE          TR         W

        0.98     8429.12      -13.35    13944.38    15493.76    0.483
        0.94     8811.75      -13.40    13983.86    15537.62    0.424
        0.89     9230.77      -13.45    14023.34    15581.48    0.365
        0.85     9691.63      -13.49    13908.83    15454.25    0.310
        0.81    10200.93      -13.53    13646.96    15163.29    0.267
        0.77    10766.72      -13.61    13258.54    14731.71    0.236
        0.72    11398.96      -13.70    12812.04    14235.60    0.207
        0.68    12110.09      -13.82    12300.16    13666.84    0.183
        0.64    12915.85      -13.86    11664.99    12961.10    0.168
        0.60    13836.48      -13.88    10942.98    12158.87    0.157
        0.55    14898.42      -13.94    10150.58    11278.42    0.144
        0.51    16136.92      -14.39     9354.42    10393.80    0.131
        0.47    17600.00      -14.86     8644.65     9605.17    0.121
        0.43    19354.84      -15.27     8034.72     8927.46    0.114
        0.38    21498.37      -15.80     7545.84     8384.27    0.105
        0.34    24175.82      -16.55     7187.03     7985.59    0.092
        0.30    27615.06      -17.40     6936.33     7707.03    0.076
        0.26    32195.12      -18.37     6739.11     7487.90    0.059
        0.21    38596.49      -19.53     6535.26     7261.40    0.043
        0.17    48175.18      -20.95     6331.41     7034.90    0.028

         En consv. check  -0.285D-14


      NPK        ABS      ESC      event      no event            out of rg

     90000     57133     32867     17089     15778         0         0


                         No. pkts   =   90000
                         Esc to inf =   32867
                         No line ev =       0
  PW(2)=    30856.921683682660       RQ(JS,5)=    30856.982934807689     
  TB=   14005.992419060040       CLP=  3.24751608695573907E-005  CL=  3.24075753651199380E-005

     JP       LP       KP        KJ         L        NUJ        BT        NPK

  2.11903  0.83345  0.71670  0.315E+00   1.16888  0.124E+16   0.0281   1 1.453E+05
  1.81993  0.82709  0.62335  0.323E+00   1.15751  0.125E+16   0.0294   2 1.387E+05
  1.54690  0.82130  0.54186  0.318E+00   1.14631  0.125E+16   0.0308   3 1.330E+05
  1.30768  0.81468  0.46527  0.320E+00   1.13428  0.125E+16   0.0323   4 1.266E+05
  1.09074  0.80895  0.38948  0.305E+00   1.12050  0.123E+16   0.0340   5 1.184E+05
  0.86490  0.81221  0.31241  0.287E+00   1.10416  0.119E+16   0.0359   6 1.065E+05
  0.68126  0.81412  0.24757  0.268E+00   1.08813  0.116E+16   0.0380   7 9.503E+04
  0.49863  0.82683  0.19056  0.232E+00   1.07161  0.110E+16   0.0404   8 8.239E+04
  0.37250  0.83203  0.14742  0.203E+00   1.05710  0.105E+16   0.0431   9 7.216E+04
  0.27259  0.83705  0.11272  0.166E+00   1.04336  0.999E+15   0.0462  10 6.287E+04
  0.17885  0.85245  0.08024  0.123E+00   1.02759  0.920E+15   0.0497  11 5.128E+04
  0.11437  0.86514  0.05807  0.804E-01   1.01556  0.834E+15   0.0538  12 4.244E+04
  0.07703  0.86842  0.04510  0.551E-01   1.00888  0.768E+15   0.0587  13 3.792E+04
  0.05490  0.86373  0.03605  0.335E-01   1.00495  0.716E+15   0.0646  14 3.561E+04
  0.03910  0.85569  0.02854  0.163E-01   1.00213  0.667E+15   0.0717  15 3.398E+04
  0.02803  0.84270  0.02230  0.873E-02   1.00056  0.632E+15   0.0806  16 3.309E+04
  0.02010  0.82306  0.01701  0.544E-02   1.00015  0.614E+15   0.0921  17 3.292E+04
  0.01392  0.79615  0.01234  0.430E-02   1.00002  0.600E+15   0.1074  18 3.288E+04
  0.00905  0.75881  0.00832  0.319E-02   1.00000  0.583E+15   0.1287  19 3.287E+04
  0.00531  0.70430  0.00502  0.266E-02   1.00000  0.560E+15   0.1607  20 3.287E+04
                                         1.00209

     Scale:  L = 43.263     L+ = 43.728

               TB1 = 13998.7          Log EP0 = 38.773392
  TEMP IT no:          15

     0.6    -24.1770      0.3429   T* = 10711.9   TB = 13998.7

        XS        VS          LOG RH       TE          TR         W

        0.98     8429.12      -13.35    14000.74    15556.38    0.472
        0.94     8811.75      -13.40    14019.91    15577.68    0.409
        0.89     9230.77      -13.45    14039.09    15598.99    0.346
        0.85     9691.63      -13.49    13955.89    15506.54    0.298
        0.81    10200.93      -13.53    13731.46    15257.17    0.263
        0.77    10766.72      -13.61    13396.69    14885.21    0.233
        0.72    11398.96      -13.70    12963.43    14403.81    0.206
        0.68    12110.09      -13.82    12411.75    13790.84    0.183
        0.64    12915.85      -13.86    11799.75    13110.83    0.166
        0.60    13836.48      -13.88    11114.11    12349.01    0.151
        0.55    14898.42      -13.94    10292.10    11435.67    0.138
        0.51    16136.92      -14.39     9432.65    10480.72    0.128
        0.47    17600.00      -14.86     8686.14     9651.26    0.119
        0.43    19354.84      -15.27     8073.26     8970.29    0.112
        0.38    21498.37      -15.80     7565.39     8405.99    0.104
        0.34    24175.82      -16.55     7186.61     7985.13    0.092
        0.30    27615.06      -17.40     6936.91     7707.68    0.075
        0.26    32195.12      -18.37     6746.77     7496.41    0.058
        0.21    38596.49      -19.53     6545.42     7272.68    0.043
        0.17    48175.18      -20.95     6344.06     7048.96    0.027

         En consv. check  -0.338D-14


      NPK        ABS      ESC      event      no event            out of rg

     90000     57093     32907     17090     15817         0         0


                         No. pkts   =   90000
                         Esc to inf =   32907
                         No line ev =       0
  PW(2)=    30905.696597140828       RQ(JS,5)=    30905.696597140828     
  TB=   13998.701685382355       CLP=  3.24075946638637612E-005  CL=  3.23564944364500344E-005

     JP       LP       KP        KJ         L        NUJ        BT        NPK

  2.12012  0.83357  0.71133  0.311E+00   1.16849  0.123E+16   0.0281   1 1.447E+05
  1.84324  0.82413  0.62537  0.329E+00   1.15795  0.125E+16   0.0294   2 1.397E+05
  1.58380  0.81565  0.54820  0.321E+00   1.14733  0.125E+16   0.0308   3 1.351E+05
  1.30969  0.81432  0.46327  0.314E+00   1.13393  0.124E+16   0.0323   4 1.264E+05
  1.08740  0.80979  0.38671  0.308E+00   1.12006  0.122E+16   0.0340   5 1.177E+05
  0.86035  0.81350  0.31191  0.288E+00   1.10421  0.119E+16   0.0359   6 1.065E+05
  0.66837  0.81803  0.24828  0.272E+00   1.08851  0.117E+16   0.0380   7 9.539E+04
  0.51045  0.82276  0.19294  0.243E+00   1.07249  0.112E+16   0.0404   8 8.379E+04
  0.37589  0.83048  0.14814  0.211E+00   1.05728  0.106E+16   0.0431   9 7.291E+04
  0.27022  0.83812  0.11099  0.176E+00   1.04230  0.999E+15   0.0462  10 6.225E+04
  0.17911  0.85219  0.07990  0.128E+00   1.02727  0.918E+15   0.0497  11 5.124E+04
  0.11509  0.86441  0.05800  0.831E-01   1.01538  0.838E+15   0.0538  12 4.246E+04
  0.07739  0.86787  0.04519  0.546E-01   1.00880  0.765E+15   0.0587  13 3.804E+04
  0.05438  0.86433  0.03589  0.274E-01   1.00459  0.705E+15   0.0646  14 3.544E+04
  0.03888  0.85604  0.02850  0.164E-01   1.00196  0.663E+15   0.0717  15 3.395E+04
  0.02801  0.84270  0.02231  0.103E-01   1.00054  0.631E+15   0.0806  16 3.313E+04
  0.02010  0.82306  0.01701  0.500E-02   1.00015  0.611E+15   0.0921  17 3.296E+04
  0.01391  0.79619  0.01234  0.379E-02   1.00001  0.596E+15   0.1074  18 3.291E+04
  0.00905  0.75881  0.00832  0.306E-02   1.00000  0.579E+15   0.1287  19 3.291E+04
  0.00531  0.70430  0.00502  0.258E-02   1.00000  0.557E+15   0.1607  20 3.291E+04
                                         1.00158

     Scale:  L = 43.263     L+ = 43.727

               TB1 = 13993.2          Log EP0 = 38.772706
  TEMP IT no:          16

     0.4    -24.1770      0.3434   T* = 10711.9   TB = 13993.2

        XS        VS          LOG RH       TE          TR         W

        0.98     8429.12      -13.35    14052.35    15613.72    0.470
        0.94     8811.75      -13.40    14055.03    15616.70    0.410
        0.89     9230.77      -13.45    14057.72    15619.68    0.349
        0.85     9691.63      -13.49    13951.34    15501.49    0.301
        0.81    10200.93      -13.53    13746.19    15273.54    0.261
        0.77    10766.72      -13.61    13445.06    14938.96    0.228
        0.72    11398.96      -13.70    13048.19    14497.99    0.199
        0.68    12110.09      -13.82    12525.60    13917.33    0.178
        0.64    12915.85      -13.86    11898.41    13220.45    0.162
        0.60    13836.48      -13.88    11170.86    12412.06    0.148
        0.55    14898.42      -13.94    10329.94    11477.71    0.136
        0.51    16136.92      -14.39     9462.90    10514.33    0.127
        0.47    17600.00      -14.86     8677.44     9641.60    0.120
        0.43    19354.84      -15.27     8028.91     8921.01    0.114
        0.38    21498.37      -15.80     7531.14     8367.94    0.105
        0.34    24175.82      -16.55     7168.95     7965.50    0.092
        0.30    27615.06      -17.40     6916.04     7684.49    0.076
        0.26    32195.12      -18.37     6721.90     7468.78    0.059
        0.21    38596.49      -19.53     6522.95     7247.73    0.043
        0.17    48175.18      -20.95     6324.01     7026.68    0.028

         En consv. check   0.828D-14


      NPK        ABS      ESC      event      no event            out of rg

     90000     56852     33148     17258     15890         0         0


                         No. pkts   =   90000
                         Esc to inf =   33148
                         No line ev =       0
  PW(2)=    31089.568952957703       RQ(JS,5)=    31089.568952957703     
  TB=   13993.180138545631       CLP=  3.23564944364500412E-005  CL=  3.21651291310317490E-005

     JP       LP       KP        KJ         L        NUJ        BT        NPK

  2.10333  0.83724  0.71017  0.313E+00   1.17006  0.124E+16   0.0281   1 1.451E+05
  1.82989  0.82760  0.62988  0.322E+00   1.16024  0.125E+16   0.0294   2 1.413E+05
  1.57026  0.81944  0.54630  0.316E+00   1.14874  0.125E+16   0.0308   3 1.353E+05
  1.32776  0.81273  0.46984  0.320E+00   1.13674  0.125E+16   0.0323   4 1.291E+05
  1.09482  0.80964  0.39132  0.309E+00   1.12243  0.123E+16   0.0340   5 1.199E+05
  0.88148  0.80948  0.31843  0.298E+00   1.10696  0.121E+16   0.0359   6 1.096E+05
  0.68328  0.81460  0.25198  0.278E+00   1.09049  0.118E+16   0.0380   7 9.738E+04
  0.51188  0.82304  0.19462  0.249E+00   1.07385  0.113E+16   0.0404   8 8.490E+04
  0.37129  0.83312  0.14871  0.211E+00   1.05823  0.107E+16   0.0431   9 7.341E+04
  0.27506  0.83623  0.11182  0.177E+00   1.04336  0.101E+16   0.0462  10 6.326E+04
  0.18345  0.84986  0.08128  0.142E+00   1.02864  0.941E+15   0.0497  11 5.257E+04
  0.11610  0.86399  0.05821  0.882E-01   1.01596  0.848E+15   0.0538  12 4.296E+04
  0.07869  0.86682  0.04534  0.523E-01   1.00931  0.772E+15   0.0587  13 3.855E+04
  0.05560  0.86285  0.03602  0.331E-01   1.00502  0.717E+15   0.0646  14 3.594E+04
  0.03947  0.85505  0.02855  0.150E-01   1.00221  0.668E+15   0.0717  15 3.431E+04
  0.02809  0.84258  0.02231  0.941E-02   1.00066  0.632E+15   0.0806  16 3.342E+04
  0.02014  0.82294  0.01701  0.582E-02   1.00016  0.613E+15   0.0921  17 3.321E+04
  0.01392  0.79618  0.01233  0.378E-02   1.00002  0.598E+15   0.1074  18 3.315E+04
  0.00905  0.75880  0.00831  0.296E-02   1.00000  0.581E+15   0.1287  19 3.315E+04
  0.00531  0.70430  0.00502  0.227E-02   1.00000  0.558E+15   0.1607  20 3.315E+04
                                         1.00595

     Scale:  L = 43.263     L+ = 43.724

               TB1 = 13972.4          Log EP0 = 38.770130
  TEMP IT no:          30

     0.5    -24.1770      0.3454   T* = 10711.9   TB = 13972.4

        XS        VS          LOG RH       TE          TR         W

        0.98     8429.12      -13.35    14064.86    15627.62    0.463
        0.94     8811.75      -13.40    14061.49    15623.87    0.405
        0.89     9230.77      -13.45    14058.11    15620.13    0.348
        0.85     9691.63      -13.49    13990.51    15545.01    0.299
        0.81    10200.93      -13.53    13823.45    15359.39    0.259
        0.77    10766.72      -13.61    13543.53    15048.37    0.225
        0.72    11398.96      -13.70    13157.35    14619.28    0.196
        0.68    12110.09      -13.82    12643.10    14047.89    0.173
        0.64    12915.85      -13.86    12001.97    13335.53    0.156
        0.60    13836.48      -13.88    11280.40    12533.78    0.144
        0.55    14898.42      -13.94    10466.91    11629.90    0.132
        0.51    16136.92      -14.39     9569.62    10632.91    0.123
        0.47    17600.00      -14.86     8747.97     9719.97    0.118
        0.43    19354.84      -15.27     8091.24     8990.27    0.113
        0.38    21498.37      -15.80     7567.04     8407.82    0.105
        0.34    24175.82      -16.55     7181.02     7978.91    0.092
        0.30    27615.06      -17.40     6925.56     7695.06    0.076
        0.26    32195.12      -18.37     6730.70     7478.55    0.059
        0.21    38596.49      -19.53     6530.02     7255.58    0.043
        0.17    48175.18      -20.95     6329.35     7032.61    0.028

         En consv. check  -0.340D-14


      NPK        ABS      ESC      event      no event            out of rg

     90000     56745     33255     17365     15890         0         0


                         No. pkts   =   90000
                         Esc to inf =   33255
                         No line ev =       0
  PW(2)=    31177.136174692034       RQ(JS,5)=    31177.136174692034     
  TB=   13972.444202828035       CLP=  3.21651291310317286E-005  CL=  3.20747869335012096E-005

     JP       LP       KP        KJ         L        NUJ        BT        NPK

  2.10942  0.83615  0.70617  0.321E+00   1.16922  0.124E+16   0.0281   1 1.449E+05
  1.80484  0.83065  0.62593  0.324E+00   1.15940  0.125E+16   0.0294   2 1.410E+05
  1.56657  0.81971  0.54343  0.329E+00   1.14800  0.125E+16   0.0308   3 1.354E+05
  1.31324  0.81508  0.46459  0.318E+00   1.13556  0.124E+16   0.0323   4 1.280E+05
  1.08816  0.81092  0.38945  0.314E+00   1.12193  0.124E+16   0.0340   5 1.198E+05
  0.88672  0.80820  0.31790  0.309E+00   1.10683  0.122E+16   0.0359   6 1.097E+05
  0.67029  0.81848  0.25007  0.286E+00   1.09004  0.118E+16   0.0380   7 9.684E+04
  0.53304  0.81582  0.19603  0.247E+00   1.07449  0.115E+16   0.0404   8 8.592E+04
  0.38853  0.82585  0.15094  0.228E+00   1.05917  0.109E+16   0.0431   9 7.491E+04
  0.27173  0.83791  0.11174  0.179E+00   1.04326  0.101E+16   0.0462  10 6.330E+04
  0.17907  0.85270  0.08002  0.137E+00   1.02783  0.929E+15   0.0497  11 5.182E+04
  0.11390  0.86586  0.05800  0.904E-01   1.01584  0.842E+15   0.0538  12 4.296E+04
  0.07830  0.86733  0.04525  0.606E-01   1.00931  0.777E+15   0.0587  13 3.860E+04
  0.05571  0.86278  0.03613  0.374E-01   1.00528  0.724E+15   0.0646  14 3.621E+04
  0.03930  0.85544  0.02858  0.185E-01   1.00234  0.672E+15   0.0717  15 3.449E+04
  0.02809  0.84264  0.02231  0.102E-01   1.00070  0.637E+15   0.0806  16 3.352E+04
  0.02020  0.82271  0.01702  0.826E-02   1.00024  0.620E+15   0.0921  17 3.336E+04
  0.01392  0.79616  0.01233  0.489E-02   1.00002  0.602E+15   0.1074  18 3.326E+04
  0.00905  0.75880  0.00831  0.388E-02   1.00000  0.585E+15   0.1287  19 3.326E+04
  0.00531  0.70430  0.00502  0.320E-02   1.00000  0.562E+15   0.1607  20 3.326E+04
                                         1.00282

     Scale:  L = 43.263     L+ = 43.723

               TB1 = 13962.6          Log EP0 = 38.768909

         En consv. check   0.707D-16


      NPK        ABS      ESC      event      no event            out of rg

     90000     56770     33230     17353     15877         0         0


                         No. pkts   =   90000
                         Esc to inf =   33230
                         No line ev =       0
  PW(2)=    31175.785116078136       RQ(JS,5)=    31175.785116078136     
  TB=   13962.622751263447       CLP=  3.20747869335014603E-005  CL=  3.20761769519727305E-005

     JP       LP       KP        KJ         L        NUJ        BT        NPK

  2.11635  0.83472  0.70201  0.311E+00   1.16811  0.124E+16   0.0281   1 1.444E+05
  1.81128  0.82917  0.62282  0.322E+00   1.15837  0.125E+16   0.0294   2 1.405E+05
  1.54965  0.82176  0.54205  0.319E+00   1.14722  0.125E+16   0.0308   3 1.349E+05
  1.34341  0.80913  0.46722  0.315E+00   1.13545  0.124E+16   0.0323   4 1.287E+05
  1.09542  0.80884  0.38954  0.312E+00   1.12138  0.124E+16   0.0340   5 1.198E+05
  0.87977  0.80939  0.31750  0.303E+00   1.10622  0.122E+16   0.0359   6 1.096E+05
  0.67693  0.81606  0.25148  0.285E+00   1.08996  0.119E+16   0.0380   7 9.753E+04
  0.51026  0.82328  0.19469  0.256E+00   1.07355  0.113E+16   0.0404   8 8.521E+04
  0.38230  0.82814  0.14950  0.222E+00   1.05822  0.108E+16   0.0431   9 7.440E+04
  0.27013  0.83847  0.11124  0.180E+00   1.04273  0.101E+16   0.0462  10 6.300E+04
  0.17911  0.85243  0.07979  0.132E+00   1.02744  0.924E+15   0.0497  11 5.166E+04
  0.11379  0.86575  0.05766  0.847E-01   1.01536  0.831E+15   0.0538  12 4.263E+04
  0.07825  0.86724  0.04514  0.604E-01   1.00905  0.777E+15   0.0587  13 3.848E+04
  0.05541  0.86310  0.03605  0.334E-01   1.00507  0.718E+15   0.0646  14 3.606E+04
  0.03940  0.85518  0.02852  0.180E-01   1.00215  0.672E+15   0.0717  15 3.436E+04
  0.02806  0.84266  0.02232  0.923E-02   1.00067  0.636E+15   0.0806  16 3.350E+04
  0.02017  0.82281  0.01702  0.618E-02   1.00021  0.618E+15   0.0921  17 3.331E+04
  0.01392  0.79616  0.01233  0.468E-02   1.00002  0.601E+15   0.1074  18 3.323E+04
  0.00905  0.75880  0.00832  0.363E-02   1.00000  0.585E+15   0.1287  19 3.323E+04
  0.00531  0.70430  0.00502  0.295E-02   1.00000  0.562E+15   0.1607  20 3.323E+04
                                         0.99996

     Scale:  L = 43.263     L+ = 43.723

               TB1 = 13962.8          Log EP0 = 38.768928

         En consv. check   0.848D-14


      NPK        ABS      ESC      event      no event            out of rg

     90000     56879     33121     17123     15998         0         0


                         No. pkts   =   90000
                         Esc to inf =   33121
                         No line ev =       0
  PW(2)=    31068.228286058569       RQ(JS,5)=    31068.228286058569     
  TB=   13962.774022635640       CLP=  3.20761769519726898E-005  CL=  3.21872232556220738E-005

     JP       LP       KP        KJ         L        NUJ        BT        NPK

  2.12600  0.83435  0.70824  0.310E+00   1.16961  0.124E+16   0.0281   1 1.448E+05
  1.83330  0.82694  0.62779  0.325E+00   1.15976  0.125E+16   0.0294   2 1.409E+05
  1.58233  0.81731  0.54804  0.327E+00   1.14874  0.126E+16   0.0308   3 1.358E+05
  1.32000  0.81394  0.46452  0.326E+00   1.13561  0.125E+16   0.0323   4 1.277E+05
  1.09421  0.80963  0.39109  0.323E+00   1.12224  0.125E+16   0.0340   5 1.201E+05
  0.86595  0.81324  0.31603  0.298E+00   1.10634  0.121E+16   0.0359   6 1.084E+05
  0.68348  0.81460  0.25210  0.281E+00   1.09058  0.118E+16   0.0380   7 9.750E+04
  0.52562  0.81826  0.19760  0.253E+00   1.07490  0.114E+16   0.0404   8 8.619E+04
  0.38304  0.82802  0.14994  0.223E+00   1.05860  0.108E+16   0.0431   9 7.417E+04
  0.26976  0.83880  0.11246  0.182E+00   1.04351  0.101E+16   0.0462  10 6.333E+04
  0.18211  0.85052  0.08119  0.139E+00   1.02838  0.935E+15   0.0497  11 5.246E+04
  0.11589  0.86396  0.05836  0.925E-01   1.01588  0.851E+15   0.0538  12 4.298E+04
  0.07859  0.86680  0.04532  0.584E-01   1.00916  0.778E+15   0.0587  13 3.843E+04
  0.05523  0.86330  0.03609  0.349E-01   1.00505  0.720E+15   0.0646  14 3.599E+04
  0.03927  0.85540  0.02861  0.172E-01   1.00230  0.670E+15   0.0717  15 3.432E+04
  0.02825  0.84211  0.02233  0.101E-01   1.00066  0.639E+15   0.0806  16 3.341E+04
  0.02014  0.82291  0.01702  0.601E-02   1.00020  0.616E+15   0.0921  17 3.320E+04
  0.01391  0.79617  0.01234  0.441E-02   1.00002  0.600E+15   0.1074  18 3.313E+04
  0.00905  0.75880  0.00832  0.335E-02   1.00000  0.583E+15   0.1287  19 3.312E+04
  0.00531  0.70430  0.00502  0.279E-02   1.00000  0.560E+15   0.1607  20 3.312E+04
                                         0.99655

     Scale:  L = 43.263     L+ = 43.725

               TB1 = 13974.8          Log EP0 = 38.770428

         En consv. check  -0.141D-13


      NPK        ABS      ESC      event      no event            out of rg

     90000     56994     33006     17151     15855         0         0


                         No. pkts   =   90000
                         Esc to inf =   33006
                         No line ev =       0
  PW(2)=    30929.073093734034       RQ(JS,5)=    30929.073093734034     
  TB=   13974.842991858626       CLP=  3.21872232556222432E-005  CL=  3.23320390808152456E-005

     JP       LP       KP        KJ         L        NUJ        BT        NPK

  2.12354  0.83641  0.71083  0.315E+00   1.17169  0.124E+16   0.0281   1 1.447E+05
  1.85995  0.82508  0.63470  0.320E+00   1.16240  0.125E+16   0.0294   2 1.418E+05
  1.58240  0.81893  0.55070  0.320E+00   1.15078  0.125E+16   0.0308   3 1.359E+05
  1.34814  0.81029  0.47379  0.319E+00   1.13865  0.125E+16   0.0323   4 1.299E+05
  1.11199  0.80713  0.39542  0.313E+00   1.12434  0.124E+16   0.0340   5 1.209E+05
  0.88490  0.80959  0.32148  0.300E+00   1.10866  0.121E+16   0.0359   6 1.099E+05
  0.70233  0.80998  0.25524  0.280E+00   1.09235  0.118E+16   0.0380   7 9.814E+04
  0.51723  0.82201  0.19815  0.257E+00   1.07592  0.114E+16   0.0404   8 8.610E+04
  0.38733  0.82694  0.15222  0.225E+00   1.06030  0.110E+16   0.0431   9 7.511E+04
  0.27367  0.83727  0.11316  0.182E+00   1.04438  0.102E+16   0.0462  10 6.376E+04
  0.18432  0.84950  0.08147  0.144E+00   1.02898  0.940E+15   0.0497  11 5.258E+04
  0.11535  0.86475  0.05852  0.959E-01   1.01635  0.850E+15   0.0538  12 4.308E+04
  0.07887  0.86675  0.04537  0.586E-01   1.00946  0.779E+15   0.0587  13 3.848E+04
  0.05585  0.86257  0.03617  0.381E-01   1.00531  0.726E+15   0.0646  14 3.607E+04
  0.03925  0.85552  0.02851  0.157E-01   1.00219  0.670E+15   0.0717  15 3.416E+04
  0.02814  0.84248  0.02232  0.977E-02   1.00072  0.636E+15   0.0806  16 3.332E+04
  0.02013  0.82300  0.01700  0.638E-02   1.00018  0.616E+15   0.0921  17 3.307E+04
  0.01393  0.79614  0.01233  0.477E-02   1.00001  0.601E+15   0.1074  18 3.301E+04
  0.00905  0.75880  0.00831  0.363E-02   1.00000  0.584E+15   0.1287  19 3.301E+04
  0.00532  0.70430  0.00502  0.290E-02   1.00000  0.561E+15   0.1607  20 3.301E+04
                                         0.99552

     Scale:  L = 43.263     L+ = 43.727

               TB1 = 13990.5          Log EP0 = 38.772378
     POWER:   0.3093E+05    INPUT FLUX:   0.4063E-09    INT. FLUX:  0.3783E-09

UNREDD. MAGS: U=    11.548 B=    12.164 V=    12.078 R=    11.975
UNREDD. COL.: U-B = -0.616 B-V =  0.086 V-R =  0.103

REDD. MAGS:   U=    13.460 B=    13.709 V=    13.267 R=    12.966
REDD. COL.:   U-B = -0.249 B-V =  0.442 V-R =  0.301

ABS. MAG:     U =  -19.892 B =  -19.276 V =  -19.362
MBol =  11.990  Bol. Corr. =  -0.088  (MBol)o= -19.450
