        1     Ntot =  0.326D+10     Ne =  0.430D+10
        2     Ntot =  0.279D+10     Ne =  0.367D+10
        3     Ntot =  0.275D+10     Ne =  0.361D+10
        4     Ntot =  0.270D+10     Ne =  0.355D+10
        5     Ntot =  0.259D+10     Ne =  0.340D+10
        6     Ntot =  0.231D+10     Ne =  0.302D+10
        7     Ntot =  0.121D+10     Ne =  0.158D+10
        8     Ntot =  0.504D+09     Ne =  0.654D+09
        9     Ntot =  0.272D+09     Ne =  0.352D+09
       10     Ntot =  0.148D+09     Ne =  0.191D+09
       11     Ntot =  0.776D+08     Ne =  0.998D+08
       12     Ntot =  0.332D+08     Ne =  0.426D+08
       13     Ntot =  0.110D+08     Ne =  0.141D+08
       14     Ntot =  0.334D+07     Ne =  0.425D+07
       15     Ntot =  0.911D+06     Ne =  0.116D+07
       16     Ntot =  0.219D+06     Ne =  0.279D+06
       17     Ntot =  0.453D+05     Ne =  0.579D+05
       18     Ntot =  0.772D+04     Ne =  0.992D+04
       19     Ntot =  0.103D+04     Ne =  0.133D+04
       20     Ntot =  0.101D+03     Ne =  0.130D+03

  6   C                                       I           II          III         IV   
    0.98  11935.7  -12.9633  0.430D+10     0.1441D-06  0.4782D+00  0.5218D+00  0.6000D-09
    0.94  12436.9  -13.0314  0.367D+10     0.1921D-06  0.5638D+00  0.4362D+00  0.2643D-09
    0.90  12982.0  -13.0379  0.361D+10     0.3070D-06  0.6832D+00  0.3168D+00  0.8406D-10
    0.86  13577.0  -13.0453  0.355D+10     0.4762D-06  0.7893D+00  0.2107D+00  0.2266D-10
    0.82  14229.2  -13.0635  0.340D+10     0.7487D-06  0.8807D+00  0.1193D+00  0.4012D-11
    0.78  14947.3  -13.1135  0.302D+10     0.1230D-05  0.9489D+00  0.5108D-01  0.3140D-12
    0.74  15741.7  -13.3923  0.158D+10     0.1340D-05  0.9749D+00  0.2511D-01  0.2447D-13
    0.70  16625.2  -13.7745  0.654D+09     0.1168D-05  0.9857D+00  0.1427D-01  0.2342D-14
    0.66  17613.9  -14.0424  0.352D+09     0.1289D-05  0.9936D+00  0.6418D-02  0.1423D-15
    0.62  18727.5  -14.3059  0.191D+09     0.1461D-05  0.9973D+00  0.2688D-02  0.7202D-17
    0.59  19991.5  -14.5866  0.998D+08     0.1836D-05  0.9991D+00  0.8538D-03  0.1629D-18
    0.55  21438.4  -14.9553  0.426D+08     0.2272D-05  0.9998D+00  0.2209D-03  0.1750D-20
    0.51  23111.1  -15.4346  0.141D+08     0.2235D-05  0.9999D+00  0.6922D-04  0.2597D-22
    0.47  25067.0  -15.9527  0.425D+07     0.2026D-05  0.1000D+01  0.2317D-04  0.4260D-24
    0.43  27384.4  -16.5168  0.116D+07     0.1550D-05  0.1000D+01  0.9914D-05  0.1278D-25
    0.39  30174.1  -17.1355  0.279D+06     0.8477D-06  0.1000D+01  0.7671D-05  0.1876D-26
    0.35  33596.6  -17.8208  0.579D+05     0.3456D-06  0.1000D+01  0.9542D-05  0.9266D-27
    0.31  37894.7  -18.5887  0.992D+04     0.1146D-06  0.1000D+01  0.1519D-04  0.7581D-27
    0.27  43454.0  -19.4619  0.133D+04     0.3231D-07  0.1000D+01  0.2661D-04  0.6284D-27
    0.23  50924.9  -20.4739  0.130D+03     0.7050D-08  0.9999D+00  0.5929D-04  0.7032D-27

  8   O                                       I           II          III         IV   
    0.98  11935.7  -12.9633  0.430D+10     0.5125D-05  0.9997D+00  0.2770D-03  0.6644D-16
    0.94  12436.9  -13.0314  0.367D+10     0.6241D-05  0.9998D+00  0.1707D-03  0.1988D-16
    0.90  12982.0  -13.0379  0.361D+10     0.8897D-05  0.9999D+00  0.8799D-04  0.4130D-17
    0.86  13577.0  -13.0453  0.355D+10     0.1295D-04  0.9999D+00  0.4268D-04  0.7425D-18
    0.82  14229.2  -13.0635  0.340D+10     0.2001D-04  0.1000D+01  0.1708D-04  0.8221D-19
    0.78  14947.3  -13.1135  0.302D+10     0.3430D-04  0.1000D+01  0.4664D-05  0.3349D-20
    0.74  15741.7  -13.3923  0.158D+10     0.4181D-04  0.1000D+01  0.1316D-05  0.1113D-21
    0.70  16625.2  -13.7745  0.654D+09     0.4135D-04  0.1000D+01  0.4168D-06  0.4266D-23
    0.66  17613.9  -14.0424  0.352D+09     0.5168D-04  0.9999D+00  0.1059D-06  0.1045D-24
    0.62  18727.5  -14.3059  0.191D+09     0.6724D-04  0.9999D+00  0.2484D-07  0.2056D-26
    0.59  19991.5  -14.5866  0.998D+08     0.1011D-03  0.9999D+00  0.3971D-08  0.1486D-28
    0.55  21438.4  -14.9553  0.426D+08     0.1578D-03  0.9998D+00  0.4487D-09  0.3958D-31
    0.51  23111.1  -15.4346  0.141D+08     0.1980D-03  0.9998D+00  0.6000D-10  0.1394D-33
    0.47  25067.0  -15.9527  0.425D+07     0.2304D-03  0.9998D+00  0.8467D-11  0.5319D-36
    0.43  27384.4  -16.5168  0.116D+07     0.2211D-03  0.9998D+00  0.1596D-11  0.4048D-38
    0.39  30174.1  -17.1355  0.279D+06     0.1404D-03  0.9999D+00  0.6390D-12  0.2038D-39
    0.35  33596.6  -17.8208  0.579D+05     0.6231D-04  0.9999D+00  0.4536D-12  0.4204D-40
    0.31  37894.7  -18.5887  0.992D+04     0.2182D-04  0.1000D+01  0.4065D-12  0.1444D-40
    0.27  43454.0  -19.4619  0.133D+04     0.6478D-05  0.1000D+01  0.3637D-12  0.4388D-41
    0.23  50924.9  -20.4739  0.130D+03     0.1444D-05  0.1000D+01  0.3688D-12  0.1576D-41

 12   MG                                      I           II          III         IV   
    0.98  11935.7  -12.9633  0.430D+10     0.1040D-12  0.1765D-04  0.1000D+01  0.2798D-22
    0.94  12436.9  -13.0314  0.367D+10     0.1496D-12  0.2289D-04  0.1000D+01  0.1016D-22
    0.90  12982.0  -13.0379  0.361D+10     0.3059D-12  0.3540D-04  0.1000D+01  0.3041D-23
    0.86  13577.0  -13.0453  0.355D+10     0.6829D-12  0.5736D-04  0.9999D+00  0.8176D-24
    0.82  14229.2  -13.0635  0.340D+10     0.1805D-11  0.1032D-03  0.9999D+00  0.1456D-24
    0.78  14947.3  -13.1135  0.302D+10     0.6001D-11  0.2182D-03  0.9998D+00  0.1049D-25
    0.74  15741.7  -13.3923  0.158D+10     0.1003D-10  0.3434D-03  0.9997D+00  0.4267D-27
    0.70  16625.2  -13.7745  0.654D+09     0.1076D-10  0.4368D-03  0.9996D+00  0.1587D-28
    0.66  17613.9  -14.0424  0.352D+09     0.1689D-10  0.6687D-03  0.9993D+00  0.4575D-30
    0.62  18727.5  -14.3059  0.191D+09     0.2579D-10  0.1019D-02  0.9990D+00  0.1051D-31
    0.59  19991.5  -14.5866  0.998D+08     0.4514D-10  0.1741D-02  0.9983D+00  0.9460D-34
    0.55  21438.4  -14.9553  0.426D+08     0.7208D-10  0.3013D-02  0.9970D+00  0.2960D-36
    0.51  23111.1  -15.4346  0.141D+08     0.7254D-10  0.4169D-02  0.9958D+00  0.9636D-39
    0.47  25067.0  -15.9527  0.425D+07     0.6224D-10  0.5337D-02  0.9947D+00  0.3112D-41
    0.43  27384.4  -16.5168  0.116D+07     0.4073D-10  0.5821D-02  0.9942D+00  0.1749D-43
    0.39  30174.1  -17.1355  0.279D+06     0.1567D-10  0.4513D-02  0.9955D+00  0.5066D-45
    0.35  33596.6  -17.8208  0.579D+05     0.3786D-11  0.2631D-02  0.9974D+00  0.4818D-46
    0.31  37894.7  -18.5887  0.992D+04     0.6625D-12  0.1291D-02  0.9987D+00  0.6480D-47
    0.27  43454.0  -19.4619  0.133D+04     0.8998D-13  0.5692D-03  0.9994D+00  0.6711D-48
    0.23  50924.9  -20.4739  0.130D+03     0.8698D-14  0.2129D-03  0.9998D+00  0.6796D-49

 14   SI                                      I           II          III         IV   
    0.98  11935.7  -12.9633  0.430D+10     0.2292D-11  0.1940D-03  0.9977D+00  0.2119D-02
    0.94  12436.9  -13.0314  0.367D+10     0.3251D-11  0.2544D-03  0.9984D+00  0.1319D-02
    0.90  12982.0  -13.0379  0.361D+10     0.6434D-11  0.3964D-03  0.9989D+00  0.6847D-03
    0.86  13577.0  -13.0453  0.355D+10     0.1361D-10  0.6445D-03  0.9990D+00  0.3333D-03
    0.82  14229.2  -13.0635  0.340D+10     0.3338D-10  0.1160D-02  0.9987D+00  0.1339D-03
    0.78  14947.3  -13.1135  0.302D+10     0.1021D-09  0.2463D-02  0.9975D+00  0.3700D-04
    0.74  15741.7  -13.3923  0.158D+10     0.1570D-09  0.3913D-02  0.9961D+00  0.1074D-04
    0.70  16625.2  -13.7745  0.654D+09     0.1566D-09  0.5037D-02  0.9950D+00  0.3541D-05
    0.66  17613.9  -14.0424  0.352D+09     0.2366D-09  0.7880D-02  0.9921D+00  0.9501D-06
    0.62  18727.5  -14.3059  0.191D+09     0.3632D-09  0.1248D-01  0.9875D+00  0.2395D-06
    0.59  19991.5  -14.5866  0.998D+08     0.6738D-09  0.2276D-01  0.9772D+00  0.4244D-07
    0.55  21438.4  -14.9553  0.426D+08     0.1199D-08  0.4321D-01  0.9568D+00  0.5470D-08
    0.51  23111.1  -15.4346  0.141D+08     0.1350D-08  0.6587D-01  0.9341D+00  0.8346D-09
    0.47  25067.0  -15.9527  0.425D+07     0.1289D-08  0.9265D-01  0.9074D+00  0.1336D-09
    0.43  27384.4  -16.5168  0.116D+07     0.9024D-09  0.1098D+00  0.8902D+00  0.2835D-10
    0.39  30174.1  -17.1355  0.279D+06     0.3435D-09  0.9069D-01  0.9093D+00  0.1271D-10
    0.35  33596.6  -17.8208  0.579D+05     0.7539D-10  0.5432D-01  0.9457D+00  0.9944D-11
    0.31  37894.7  -18.5887  0.992D+04     0.1104D-10  0.2603D-01  0.9740D+00  0.9580D-11
    0.27  43454.0  -19.4619  0.133D+04     0.1171D-11  0.1069D-01  0.9893D+00  0.9074D-11
    0.23  50924.9  -20.4739  0.130D+03     0.7591D-13  0.3372D-02  0.9966D+00  0.9382D-11

 16   S                                       I           II          III         IV   
    0.98  11935.7  -12.9633  0.430D+10     0.3367D-08  0.3066D-01  0.9692D+00  0.1646D-03
    0.94  12436.9  -13.0314  0.367D+10     0.5258D-08  0.4194D-01  0.9580D+00  0.9986D-04
    0.90  12982.0  -13.0379  0.361D+10     0.1122D-07  0.6681D-01  0.9331D+00  0.4981D-04
    0.86  13577.0  -13.0453  0.355D+10     0.2496D-07  0.1085D+00  0.8915D+00  0.2284D-04
    0.82  14229.2  -13.0635  0.340D+10     0.6295D-07  0.1887D+00  0.8113D+00  0.8192D-05
    0.78  14947.3  -13.1135  0.302D+10     0.1881D-06  0.3581D+00  0.6419D+00  0.1738D-05
    0.74  15741.7  -13.3923  0.158D+10     0.2990D-06  0.5218D+00  0.4782D+00  0.3593D-06
    0.70  16625.2  -13.7745  0.654D+09     0.3245D-06  0.6438D+00  0.3562D+00  0.8386D-07
    0.66  17613.9  -14.0424  0.352D+09     0.4378D-06  0.7907D+00  0.2093D+00  0.1256D-07
    0.62  18727.5  -14.3059  0.191D+09     0.5516D-06  0.8940D+00  0.1060D+00  0.1519D-08
    0.59  19991.5  -14.5866  0.998D+08     0.7178D-06  0.9607D+00  0.3929D-01  0.9351D-10
    0.55  21438.4  -14.9553  0.426D+08     0.8594D-06  0.9884D+00  0.1155D-01  0.3291D-11
    0.51  23111.1  -15.4346  0.141D+08     0.7957D-06  0.9960D+00  0.4027D-02  0.1625D-12
    0.47  25067.0  -15.9527  0.425D+07     0.6722D-06  0.9985D+00  0.1490D-02  0.8960D-14
    0.43  27384.4  -16.5168  0.116D+07     0.4837D-06  0.9993D+00  0.6982D-03  0.8265D-15
    0.39  30174.1  -17.1355  0.279D+06     0.2570D-06  0.9994D+00  0.5802D-03  0.2812D-15
    0.35  33596.6  -17.8208  0.579D+05     0.1045D-06  0.9992D+00  0.7663D-03  0.2650D-15
    0.31  37894.7  -18.5887  0.992D+04     0.3509D-07  0.9987D+00  0.1295D-02  0.3989D-15
    0.27  43454.0  -19.4619  0.133D+04     0.1006D-07  0.9976D+00  0.2425D-02  0.6593D-15
    0.23  50924.9  -20.4739  0.130D+03     0.2283D-08  0.9942D+00  0.5802D-02  0.1531D-14

 20   CA                                      I           II          III         IV   
    0.98  11935.7  -12.9633  0.430D+10     0.2081D-14  0.1456D-05  0.1000D+01  0.1608D-09
    0.94  12436.9  -13.0314  0.367D+10     0.2738D-14  0.1787D-05  0.1000D+01  0.8173D-10
    0.90  12982.0  -13.0379  0.361D+10     0.5067D-14  0.2606D-05  0.1000D+01  0.3452D-10
    0.86  13577.0  -13.0453  0.355D+10     0.1007D-13  0.3948D-05  0.1000D+01  0.1346D-10
    0.82  14229.2  -13.0635  0.340D+10     0.2274D-13  0.6467D-05  0.1000D+01  0.3989D-11
    0.78  14947.3  -13.1135  0.302D+10     0.5961D-13  0.1178D-04  0.1000D+01  0.6675D-12
    0.74  15741.7  -13.3923  0.158D+10     0.7187D-13  0.1498D-04  0.1000D+01  0.9306D-13
    0.70  16625.2  -13.7745  0.654D+09     0.5429D-13  0.1507D-04  0.1000D+01  0.1359D-13
    0.66  17613.9  -14.0424  0.352D+09     0.6087D-13  0.1837D-04  0.1000D+01  0.1587D-14
    0.62  18727.5  -14.3059  0.191D+09     0.6671D-13  0.2230D-04  0.1000D+01  0.1640D-15
    0.59  19991.5  -14.5866  0.998D+08     0.8017D-13  0.2943D-04  0.1000D+01  0.9612D-17
    0.55  21438.4  -14.9553  0.426D+08     0.8276D-13  0.3776D-04  0.1000D+01  0.3131D-18
    0.51  23111.1  -15.4346  0.141D+08     0.5353D-13  0.3864D-04  0.1000D+01  0.1153D-19
    0.47  25067.0  -15.9527  0.425D+07     0.2951D-13  0.3662D-04  0.1000D+01  0.4379D-21
    0.43  27384.4  -16.5168  0.116D+07     0.1259D-13  0.2990D-04  0.1000D+01  0.2423D-22
    0.39  30174.1  -17.1355  0.279D+06     0.3328D-14  0.1797D-04  0.1000D+01  0.3853D-23
    0.35  33596.6  -17.8208  0.579D+05     0.5603D-15  0.8180D-05  0.1000D+01  0.1338D-23
    0.31  37894.7  -18.5887  0.992D+04     0.6531D-16  0.3025D-05  0.1000D+01  0.6065D-24
    0.27  43454.0  -19.4619  0.133D+04     0.5386D-17  0.9383D-06  0.1000D+01  0.2489D-24
    0.23  50924.9  -20.4739  0.130D+03     0.2710D-18  0.2197D-06  0.1000D+01  0.1076D-24

 22   TI                                      I           II          III         IV   
    0.98  11935.7  -12.9633  0.430D+10     0.1254D-13  0.6174D-05  0.8670D+00  0.1330D+00
    0.94  12436.9  -13.0314  0.367D+10     0.1859D-13  0.8175D-05  0.9068D+00  0.9322D-01
    0.90  12982.0  -13.0379  0.361D+10     0.3870D-13  0.1284D-04  0.9454D+00  0.5455D-01
    0.86  13577.0  -13.0453  0.355D+10     0.8545D-13  0.2069D-04  0.9703D+00  0.2971D-01
    0.82  14229.2  -13.0635  0.340D+10     0.2160D-12  0.3617D-04  0.9863D+00  0.1367D-01
    0.78  14947.3  -13.1135  0.302D+10     0.6531D-12  0.7186D-04  0.9953D+00  0.4638D-02
    0.74  15741.7  -13.3923  0.158D+10     0.9345D-12  0.1024D-03  0.9981D+00  0.1792D-02
    0.70  16625.2  -13.7745  0.654D+09     0.8353D-12  0.1163D-03  0.9991D+00  0.8074D-03
    0.66  17613.9  -14.0424  0.352D+09     0.1096D-11  0.1598D-03  0.9995D+00  0.2965D-03
    0.62  18727.5  -14.3059  0.191D+09     0.1405D-11  0.2190D-03  0.9997D+00  0.1040D-03
    0.59  19991.5  -14.5866  0.998D+08     0.2032D-11  0.3330D-03  0.9996D+00  0.2765D-04
    0.55  21438.4  -14.9553  0.426D+08     0.2614D-11  0.5056D-03  0.9995D+00  0.5919D-05
    0.51  23111.1  -15.4346  0.141D+08     0.2104D-11  0.6128D-03  0.9994D+00  0.1529D-05
    0.47  25067.0  -15.9527  0.425D+07     0.1437D-11  0.6869D-03  0.9993D+00  0.4200D-06
    0.43  27384.4  -16.5168  0.116D+07     0.7438D-12  0.6566D-03  0.9993D+00  0.1463D-06
    0.39  30174.1  -17.1355  0.279D+06     0.2263D-12  0.4493D-03  0.9996D+00  0.9235D-07
    0.35  33596.6  -17.8208  0.579D+05     0.4243D-13  0.2296D-03  0.9998D+00  0.9249D-07
    0.31  37894.7  -18.5887  0.992D+04     0.5487D-14  0.9601D-04  0.9999D+00  0.1143D-06
    0.27  43454.0  -19.4619  0.133D+04     0.5107D-15  0.3438D-04  0.1000D+01  0.1473D-06
    0.23  50924.9  -20.4739  0.130D+03     0.2933D-16  0.9516D-05  0.1000D+01  0.2194D-06

 24   CR                                      I           II          III         IV   
    0.98  11935.7  -12.9633  0.430D+10     0.9315D-13  0.2718D-04  0.9902D+00  0.9821D-02
    0.94  12436.9  -13.0314  0.367D+10     0.1381D-12  0.3536D-04  0.9936D+00  0.6376D-02
    0.90  12982.0  -13.0379  0.361D+10     0.2891D-12  0.5473D-04  0.9965D+00  0.3458D-02
    0.86  13577.0  -13.0453  0.355D+10     0.6538D-12  0.8842D-04  0.9981D+00  0.1765D-02
    0.82  14229.2  -13.0635  0.340D+10     0.1733D-11  0.1579D-03  0.9991D+00  0.7559D-03
    0.78  14947.3  -13.1135  0.302D+10     0.5720D-11  0.3305D-03  0.9994D+00  0.2317D-03
    0.74  15741.7  -13.3923  0.158D+10     0.9322D-11  0.5137D-03  0.9994D+00  0.7784D-04
    0.70  16625.2  -13.7745  0.654D+09     0.9613D-11  0.6460D-03  0.9993D+00  0.3006D-04
    0.66  17613.9  -14.0424  0.352D+09     0.1454D-10  0.9859D-03  0.9990D+00  0.9433D-05
    0.62  18727.5  -14.3059  0.191D+09     0.2164D-10  0.1517D-02  0.9985D+00  0.2796D-05
    0.59  19991.5  -14.5866  0.998D+08     0.3748D-10  0.2668D-02  0.9973D+00  0.6035D-06
    0.55  21438.4  -14.9553  0.426D+08     0.6017D-10  0.4871D-02  0.9951D+00  0.9940D-07
    0.51  23111.1  -15.4346  0.141D+08     0.6095D-10  0.7187D-02  0.9928D+00  0.1952D-07
    0.47  25067.0  -15.9527  0.425D+07     0.5264D-10  0.9892D-02  0.9901D+00  0.4044D-08
    0.43  27384.4  -16.5168  0.116D+07     0.3408D-10  0.1153D-01  0.9885D+00  0.1082D-08
    0.39  30174.1  -17.1355  0.279D+06     0.1244D-10  0.9259D-02  0.9907D+00  0.5597D-09
    0.35  33596.6  -17.8208  0.579D+05     0.2726D-11  0.5415D-02  0.9946D+00  0.4803D-09
    0.31  37894.7  -18.5887  0.992D+04     0.4127D-12  0.2594D-02  0.9974D+00  0.5103D-09
    0.27  43454.0  -19.4619  0.133D+04     0.4612D-13  0.1090D-02  0.9989D+00  0.5508D-09
    0.23  50924.9  -20.4739  0.130D+03     0.3267D-14  0.3629D-03  0.9996D+00  0.6692D-09

 26   FE                                      I           II          III         IV   
    0.98  11935.7  -12.9633  0.430D+10     0.3738D-12  0.6497D-04  0.9972D+00  0.2739D-02
    0.94  12436.9  -13.0314  0.367D+10     0.5732D-12  0.8547D-04  0.9981D+00  0.1786D-02
    0.90  12982.0  -13.0379  0.361D+10     0.1246D-11  0.1341D-03  0.9989D+00  0.9755D-03
    0.86  13577.0  -13.0453  0.355D+10     0.2952D-11  0.2204D-03  0.9993D+00  0.5032D-03
    0.82  14229.2  -13.0635  0.340D+10     0.8340D-11  0.4041D-03  0.9994D+00  0.2191D-03
    0.78  14947.3  -13.1135  0.302D+10     0.3017D-10  0.8808D-03  0.9991D+00  0.6877D-04
    0.74  15741.7  -13.3923  0.158D+10     0.5544D-10  0.1446D-02  0.9985D+00  0.2380D-04
    0.70  16625.2  -13.7745  0.654D+09     0.6479D-10  0.1927D-02  0.9981D+00  0.9461D-05
    0.66  17613.9  -14.0424  0.352D+09     0.1095D-09  0.3091D-02  0.9969D+00  0.3031D-05
    0.62  18727.5  -14.3059  0.191D+09     0.1798D-09  0.4943D-02  0.9951D+00  0.9095D-06
    0.59  19991.5  -14.5866  0.998D+08     0.3422D-09  0.8944D-02  0.9911D+00  0.1968D-06
    0.55  21438.4  -14.9553  0.426D+08     0.6021D-09  0.1657D-01  0.9834D+00  0.3226D-07
    0.51  23111.1  -15.4346  0.141D+08     0.6658D-09  0.2460D-01  0.9754D+00  0.6311D-08
    0.47  25067.0  -15.9527  0.425D+07     0.6254D-09  0.3380D-01  0.9662D+00  0.1305D-08
    0.43  27384.4  -16.5168  0.116D+07     0.4438D-09  0.3948D-01  0.9605D+00  0.3511D-09
    0.39  30174.1  -17.1355  0.279D+06     0.1814D-09  0.3259D-01  0.9674D+00  0.1857D-09
    0.35  33596.6  -17.8208  0.579D+05     0.4573D-10  0.2011D-01  0.9799D+00  0.1648D-09
    0.31  37894.7  -18.5887  0.992D+04     0.8242D-11  0.1042D-01  0.9896D+00  0.1823D-09
    0.27  43454.0  -19.4619  0.133D+04     0.1148D-11  0.4875D-02  0.9951D+00  0.2066D-09
    0.23  50924.9  -20.4739  0.130D+03     0.1125D-12  0.1957D-02  0.9980D+00  0.2712D-09

 27   CO                                      I           II          III         IV   
    0.98  11935.7  -12.9633  0.430D+10     0.8969D-12  0.1339D-03  0.9992D+00  0.6505D-03
    0.94  12436.9  -13.0314  0.367D+10     0.1324D-11  0.1734D-03  0.9994D+00  0.4086D-03
    0.90  12982.0  -13.0379  0.361D+10     0.2729D-11  0.2651D-03  0.9995D+00  0.2145D-03
    0.86  13577.0  -13.0453  0.355D+10     0.5998D-11  0.4194D-03  0.9995D+00  0.1060D-03
    0.82  14229.2  -13.0635  0.340D+10     0.1524D-10  0.7262D-03  0.9992D+00  0.4350D-04
    0.78  14947.3  -13.1135  0.302D+10     0.4807D-10  0.1466D-02  0.9985D+00  0.1241D-04
    0.74  15741.7  -13.3923  0.158D+10     0.7564D-10  0.2207D-02  0.9978D+00  0.3747D-05
    0.70  16625.2  -13.7745  0.654D+09     0.7648D-10  0.2712D-02  0.9973D+00  0.1284D-05
    0.66  17613.9  -14.0424  0.352D+09     0.1173D-09  0.4140D-02  0.9959D+00  0.3550D-06
    0.62  18727.5  -14.3059  0.191D+09     0.1844D-09  0.6550D-02  0.9935D+00  0.9142D-07
    0.59  19991.5  -14.5866  0.998D+08     0.3569D-09  0.1229D-01  0.9877D+00  0.1646D-07
    0.55  21438.4  -14.9553  0.426D+08     0.6778D-09  0.2477D-01  0.9752D+00  0.2149D-08
    0.51  23111.1  -15.4346  0.141D+08     0.8163D-09  0.4031D-01  0.9597D+00  0.3319D-09
    0.47  25067.0  -15.9527  0.425D+07     0.8343D-09  0.6068D-01  0.9393D+00  0.5381D-10
    0.43  27384.4  -16.5168  0.116D+07     0.6154D-09  0.7527D-01  0.9247D+00  0.1154D-10
    0.39  30174.1  -17.1355  0.279D+06     0.2364D-09  0.6148D-01  0.9385D+00  0.5207D-11
    0.35  33596.6  -17.8208  0.579D+05     0.5054D-10  0.3479D-01  0.9652D+00  0.4100D-11
    0.31  37894.7  -18.5887  0.992D+04     0.7068D-11  0.1541D-01  0.9846D+00  0.4011D-11
    0.27  43454.0  -19.4619  0.133D+04     0.7129D-12  0.5832D-02  0.9942D+00  0.3907D-11
    0.23  50924.9  -20.4739  0.130D+03     0.4326D-13  0.1668D-02  0.9983D+00  0.4275D-11

 28   NI                                      I           II          III         IV   
    0.98  11935.7  -12.9633  0.430D+10     0.1918D-11  0.2341D-03  0.9995D+00  0.2161D-03
    0.94  12436.9  -13.0314  0.367D+10     0.2852D-11  0.3082D-03  0.9996D+00  0.1326D-03
    0.90  12982.0  -13.0379  0.361D+10     0.5919D-11  0.4806D-03  0.9995D+00  0.6793D-04
    0.86  13577.0  -13.0453  0.355D+10     0.1313D-10  0.7791D-03  0.9992D+00  0.3266D-04
    0.82  14229.2  -13.0635  0.340D+10     0.3390D-10  0.1395D-02  0.9986D+00  0.1290D-04
    0.78  14947.3  -13.1135  0.302D+10     0.1103D-09  0.2960D-02  0.9970D+00  0.3463D-05
    0.74  15741.7  -13.3923  0.158D+10     0.1824D-09  0.4757D-02  0.9952D+00  0.9596D-06
    0.70  16625.2  -13.7745  0.654D+09     0.1951D-09  0.6255D-02  0.9937D+00  0.2995D-06
    0.66  17613.9  -14.0424  0.352D+09     0.3163D-09  0.1014D-01  0.9899D+00  0.7543D-07
    0.62  18727.5  -14.3059  0.191D+09     0.5251D-09  0.1694D-01  0.9831D+00  0.1763D-07
    0.59  19991.5  -14.5866  0.998D+08     0.1077D-08  0.3355D-01  0.9665D+00  0.2810D-08
    0.55  21438.4  -14.9553  0.426D+08     0.2164D-08  0.7095D-01  0.9291D+00  0.3125D-09
    0.51  23111.1  -15.4346  0.141D+08     0.2730D-08  0.1201D+00  0.8799D+00  0.4048D-10
    0.47  25067.0  -15.9527  0.425D+07     0.2874D-08  0.1851D+00  0.8149D+00  0.5400D-11
    0.43  27384.4  -16.5168  0.116D+07     0.2187D-08  0.2368D+00  0.7632D+00  0.9670D-12
    0.39  30174.1  -17.1355  0.279D+06     0.9156D-09  0.2124D+00  0.7876D+00  0.4012D-12
    0.35  33596.6  -17.8208  0.579D+05     0.2220D-09  0.1382D+00  0.8618D+00  0.3103D-12
    0.31  37894.7  -18.5887  0.992D+04     0.3514D-10  0.7033D-01  0.9297D+00  0.2967D-12
    0.27  43454.0  -19.4619  0.133D+04     0.3954D-11  0.3015D-01  0.9699D+00  0.2724D-12
    0.23  50924.9  -20.4739  0.130D+03     0.2656D-12  0.9709D-02  0.9903D+00  0.2722D-12

 31   GA                                      I           II          III         IV   
    0.98  11935.7  -12.9633  0.430D+10     0.1924D-21  0.3439D-13  0.3069D-10  0.2435D-12
    0.94  12436.9  -13.0314  0.367D+10     0.5085D-21  0.7905D-13  0.5126D-10  0.2614D-12
    0.90  12982.0  -13.0379  0.361D+10     0.2676D-20  0.3058D-12  0.1210D-09  0.3317D-12
    0.86  13577.0  -13.0453  0.355D+10     0.1661D-19  0.1351D-11  0.3114D-09  0.4320D-12
    0.82  14229.2  -13.0635  0.340D+10     0.1500D-18  0.8256D-11  0.9790D-09  0.5761D-12
    0.78  14947.3  -13.1135  0.302D+10     0.2418D-17  0.8590D-10  0.4228D-08  0.7520D-12
    0.74  15741.7  -13.3923  0.158D+10     0.1116D-16  0.3919D-09  0.1009D-07  0.5924D-12
    0.70  16625.2  -13.7745  0.654D+09     0.2164D-16  0.9700D-09  0.1578D-07  0.3517D-12
    0.66  17613.9  -14.0424  0.352D+09     0.9095D-16  0.4317D-08  0.3630D-07  0.2500D-12
    0.62  18727.5  -14.3059  0.191D+09     0.3861D-15  0.1992D-07  0.8415D-07  0.1695D-12
    0.59  19991.5  -14.5866  0.998D+08     0.2588D-14  0.1440D-06  0.2504D-06  0.1075D-12
    0.55  21438.4  -14.9553  0.426D+08     0.1805D-13  0.1227D-05  0.7818D-06  0.5466D-13
    0.51  23111.1  -15.4346  0.141D+08     0.5119D-13  0.5451D-05  0.1564D-05  0.2133D-13
    0.47  25067.0  -15.9527  0.425D+07     0.1059D-12  0.1932D-04  0.2678D-05  0.7554D-14
    0.43  27384.4  -16.5168  0.116D+07     0.1132D-12  0.3974D-04  0.3266D-05  0.2466D-14
    0.39  30174.1  -17.1355  0.279D+06     0.3000D-13  0.2450D-04  0.1922D-05  0.7501D-15
    0.35  33596.6  -17.8208  0.579D+05     0.2437D-14  0.5577D-05  0.6155D-06  0.2057D-15
    0.31  37894.7  -18.5887  0.992D+04     0.9318D-16  0.7086D-06  0.1362D-06  0.4836D-16
    0.27  43454.0  -19.4619  0.133D+04     0.2133D-17  0.6444D-07  0.2395D-07  0.9205D-17
    0.23  50924.9  -20.4739  0.130D+03     0.2163D-19  0.3262D-08  0.2925D-08  0.1373D-17

 32   GE                                      I           II          III         IV   
    0.98  11935.7  -12.9633  0.430D+10     0.1261D-11  0.1341D-03  0.9989D+00  0.9376D-03
    0.94  12436.9  -13.0314  0.367D+10     0.1925D-11  0.1742D-03  0.9992D+00  0.5786D-03
    0.90  12982.0  -13.0379  0.361D+10     0.4131D-11  0.2687D-03  0.9994D+00  0.2981D-03
    0.86  13577.0  -13.0453  0.355D+10     0.9534D-11  0.4312D-03  0.9994D+00  0.1441D-03
    0.82  14229.2  -13.0635  0.340D+10     0.2574D-10  0.7618D-03  0.9992D+00  0.5733D-04
    0.78  14947.3  -13.1135  0.302D+10     0.8684D-10  0.1572D-02  0.9984D+00  0.1560D-04
    0.74  15741.7  -13.3923  0.158D+10     0.1455D-09  0.2404D-02  0.9976D+00  0.4418D-05
    0.70  16625.2  -13.7745  0.654D+09     0.1541D-09  0.2974D-02  0.9970D+00  0.1416D-05
    0.66  17613.9  -14.0424  0.352D+09     0.2409D-09  0.4496D-02  0.9955D+00  0.3683D-06
    0.62  18727.5  -14.3059  0.191D+09     0.3760D-09  0.6919D-02  0.9931D+00  0.8959D-07
    0.59  19991.5  -14.5866  0.998D+08     0.7011D-09  0.1232D-01  0.9877D+00  0.1517D-07
    0.55  21438.4  -14.9553  0.426D+08     0.1245D-08  0.2294D-01  0.9771D+00  0.1850D-08
    0.51  23111.1  -15.4346  0.141D+08     0.1395D-08  0.3439D-01  0.9656D+00  0.2674D-09
    0.47  25067.0  -15.9527  0.425D+07     0.1327D-08  0.4772D-01  0.9523D+00  0.4067D-10
    0.43  27384.4  -16.5168  0.116D+07     0.9280D-09  0.5540D-01  0.9446D+00  0.8216D-11
    0.39  30174.1  -17.1355  0.279D+06     0.3519D-09  0.4373D-01  0.9563D+00  0.3500D-11
    0.35  33596.6  -17.8208  0.579D+05     0.7680D-10  0.2459D-01  0.9754D+00  0.2608D-11
    0.31  37894.7  -18.5887  0.992D+04     0.1119D-10  0.1100D-01  0.9890D+00  0.2413D-11
    0.27  43454.0  -19.4619  0.133D+04     0.1177D-11  0.4205D-02  0.9958D+00  0.2208D-11
    0.23  50924.9  -20.4739  0.130D+03     0.7542D-13  0.1224D-02  0.9988D+00  0.2230D-11
