 31  1
       1             6   1              10.543         9
       2             6   2               6.022         6
       3             6   3               1.011         1
       4             8   1               9.627         9
       5             8   2               4.396         4
       6            12   1               2.303         1
       7            12   2               2.041         2
       8            14   1              12.163         9
       9            14   2               5.898         6
      10            14   3               1.011         1
      11            16   1              10.447         9
      12            16   2               5.860         4
      13            16   3               9.659         9
      14            20   1               5.198         1
      15            20   2               3.985         2
      16            22   1              87.229        21
      17            22   2              91.821        28
      18            22   3              26.202        21
      19            24   1              41.588         7
      20            24   2              24.954         6
      21            24   3              34.861        25
      22            26   1              67.557        25
      23            26   2              75.803        30
      24            26   3              31.050        25
      25            27   1              67.257        28
      26            27   2              56.952        21
      27            27   3              31.788        28
      28            28   1              43.157        21
      29            28   2              22.241        10
      30            28   3              21.237        21
 31  2
       1             6   1              10.512         9
       2             6   2               6.018         6
       3             6   3               1.010         1
       4             8   1               9.609         9
       5             8   2               4.381         4
       6            12   1               2.132         1
       7            12   2               2.035         2
       8            14   1              11.976         9
       9            14   2               5.890         6
      10            14   3               1.010         1
      11            16   1              10.411         9
      12            16   2               5.817         4
      13            16   3               9.632         9
      14            20   1               4.713         1
      15            20   2               3.927         2
      16            22   1              83.184        21
      17            22   2              90.915        28
      18            22   3              26.097        21
      19            24   1              39.625         7
      20            24   2              24.326         6
      21            24   3              34.535        25
      22            26   1              65.271        25
      23            26   2              74.943        30
      24            26   3              30.795        25
      25            27   1              65.640        28
      26            27   2              56.366        21
      27            27   3              31.583        28
      28            28   1              42.410        21
      29            28   2              21.992        10
      30            28   3              21.148        21
 31  3
       1             6   1              10.481         9
       2             6   2               6.014         6
       3             6   3               1.009         1
       4             8   1               9.592         9
       5             8   2               4.366         4
       6            12   1               1.979         1
       7            12   2               2.029         2
       8            14   1              11.808         9
       9            14   2               5.883         6
      10            14   3               1.009         1
      11            16   1              10.377         9
      12            16   2               5.774         4
      13            16   3               9.604         9
      14            20   1               4.264         1
      15            20   2               3.870         2
      16            22   1              79.341        21
      17            22   2              90.028        28
      18            22   3              25.993        21
      19            24   1              37.774         7
      20            24   2              23.711         6
      21            24   3              34.211        25
      22            26   1              63.104        25
      23            26   2              74.099        30
      24            26   3              30.543        25
      25            27   1              64.103        28
      26            27   2              55.785        21
      27            27   3              31.379        28
      28            28   1              41.709        21
      29            28   2              21.745        10
      30            28   3              21.060        21
 31  4
       1             6   1              10.450         9
       2             6   2               6.010         6
       3             6   3               1.008         1
       4             8   1               9.573         9
       5             8   2               4.350         4
       6            12   1               1.840         1
       7            12   2               2.023         2
       8            14   1              11.655         9
       9            14   2               5.876         6
      10            14   3               1.008         1
      11            16   1              10.342         9
      12            16   2               5.729         4
      13            16   3               9.574         9
      14            20   1               3.848         1
      15            20   2               3.812         2
      16            22   1              75.663        21
      17            22   2              89.126        28
      18            22   3              25.882        21
      19            24   1              35.994         7
      20            24   2              23.081         6
      21            24   3              33.872        25
      22            26   1              61.014        25
      23            26   2              73.229        30
      24            26   3              30.280        25
      25            27   1              62.617        28
      26            27   2              55.181        21
      27            27   3              31.165        28
      28            28   1              41.043        21
      29            28   2              21.487        10
      30            28   3              20.966        21
 31  5
       1             6   1              10.410         9
       2             6   2               6.005         6
       3             6   3               1.007         1
       4             8   1               9.549         9
       5             8   2               4.329         4
       6            12   1               1.703         1
       7            12   2               2.018         2
       8            14   1              11.497         9
       9            14   2               5.869         6
      10            14   3               1.007         1
      11            16   1              10.299         9
      12            16   2               5.669         4
      13            16   3               9.535         9
      14            20   1               3.429         1
      15            20   2               3.742         2
      16            22   1              71.758        21
      17            22   2              88.005        28
      18            22   3              25.734        21
      19            24   1              34.020         7
      20            24   2              22.270         6
      21            24   3              33.427        25
      22            26   1              58.705        25
      23            26   2              72.110        30
      24            26   3              29.936        25
      25            27   1              60.966        28
      26            27   2              54.392        21
      27            27   3              30.881        28
      28            28   1              40.336        21
      29            28   2              21.148        10
      30            28   3              20.842        21
 31  6
       1             6   1              10.347         9
       2             6   2               5.998         6
       3             6   3               1.006         1
       4             8   1               9.510         9
       5             8   2               4.298         4
       6            12   1               1.561         1
       7            12   2               2.013         2
       8            14   1              11.322         9
       9            14   2               5.860         6
      10            14   3               1.005         1
      11            16   1              10.236         9
      12            16   2               5.575         4
      13            16   3               9.471         9
      14            20   1               2.997         1
      15            20   2               3.643         2
      16            22   1              67.322        21
      17            22   2              86.362        28
      18            22   3              25.498        21
      19            24   1              31.576         7
      20            24   2              21.046         6
      21            24   3              32.732        25
      22            26   1              55.870        25
      23            26   2              70.408        30
      24            26   3              29.403        25
      25            27   1              58.915        28
      26            27   2              53.167        21
      27            27   3              30.436        28
      28            28   1              39.524        21
      29            28   2              20.618        10
      30            28   3              20.644        21
 31  7
       1             6   1              10.263         9
       2             6   2               5.990         6
       3             6   3               1.004         1
       4             8   1               9.458         9
       5             8   2               4.257         4
       6            12   1               1.434         1
       7            12   2               2.009         2
       8            14   1              11.144         9
       9            14   2               5.850         6
      10            14   3               1.004         1
      11            16   1              10.152         9
      12            16   2               5.447         4
      13            16   3               9.381         9
      14            20   1               2.602         1
      15            20   2               3.517         2
      16            22   1              62.699        21
      17            22   2              84.208        28
      18            22   3              25.172        21
      19            24   1              28.847         7
      20            24   2              19.462         6
      21            24   3              31.803        25
      22            26   1              52.698        25
      23            26   2              68.158        30
      24            26   3              28.698        25
      25            27   1              56.579        28
      26            27   2              51.512        21
      27            27   3              29.834        28
      28            28   1              38.669        21
      29            28   2              19.896        10
      30            28   3              20.373        21
 31  8
       1             6   1              10.178         9
       2             6   2               5.983         6
       3             6   3               1.003         1
       4             8   1               9.404         9
       5             8   2               4.219         4
       6            12   1               1.343         1
       7            12   2               2.006         2
       8            14   1              10.997         9
       9            14   2               5.841         6
      10            14   3               1.003         1
      11            16   1              10.066         9
      12            16   2               5.318         4
      13            16   3               9.285         9
      14            20   1               2.309         1
      15            20   2               3.393         2
      16            22   1              58.750        21
      17            22   2              82.036        28
      18            22   3              24.833        21
      19            24   1              26.438         7
      20            24   2              17.934         6
      21            24   3              30.881        25
      22            26   1              49.863        25
      23            26   2              65.919        30
      24            26   3              28.005        25
      25            27   1              54.443        28
      26            27   2              49.827        21
      27            27   3              29.227        28
      28            28   1              37.934        21
      29            28   2              19.159        10
      30            28   3              20.094        21
 31  9
       1             6   1              10.097         9
       2             6   2               5.977         6
       3             6   3               1.002         1
       4             8   1               9.354         9
       5             8   2               4.186         4
       6            12   1               1.280         1
       7            12   2               2.004         2
       8            14   1              10.875         9
       9            14   2               5.833         6
      10            14   3               1.002         1
      11            16   1               9.984         9
      12            16   2               5.198         4
      13            16   3               9.193         9
      14            20   1               2.102         1
      15            20   2               3.280         2
      16            22   1              55.524        21
      17            22   2              79.999        28
      18            22   3              24.509        21
      19            24   1              24.431         7
      20            24   2              16.583         6
      21            24   3              30.041        25
      22            26   1              47.460        25
      23            26   2              63.865        30
      24            26   3              27.383        25
      25            27   1              52.586        28
      26            27   2              48.246        21
      27            27   3              28.664        28
      28            28   1              37.323        21
      29            28   2              18.464        10
      30            28   3              19.829        21
 31 10
       1             6   1              10.017         9
       2             6   2               5.972         6
       3             6   3               1.002         1
       4             8   1               9.305         9
       5             8   2               4.155         4
       6            12   1               1.231         1
       7            12   2               2.003         2
       8            14   1              10.763         9
       9            14   2               5.825         6
      10            14   3               1.001         1
      11            16   1               9.901         9
      12            16   2               5.082         4
      13            16   3               9.099         9
      14            20   1               1.940         1
      15            20   2               3.170         2
      16            22   1              52.638        21
      17            22   2              77.977        28
      18            22   3              24.185        21
      19            24   1              22.632         7
      20            24   2              15.329         6
      21            24   3              29.241        25
      22            26   1              45.263        25
      23            26   2              61.883        30
      24            26   3              26.796        25
      25            27   1              50.840        28
      26            27   2              46.685        21
      27            27   3              28.117        28
      28            28   1              36.766        21
      29            28   2              17.778        10
      30            28   3              19.565        21
 31 11
       1             6   1               9.926         9
       2             6   2               5.966         6
       3             6   3               1.001         1
       4             8   1               9.250         9
       5             8   2               4.125         4
       6            12   1               1.186         1
       7            12   2               2.002         2
       8            14   1              10.639         9
       9            14   2               5.815         6
      10            14   3               1.001         1
      11            16   1               9.804         9
      12            16   2               4.953         4
      13            16   3               8.989         9
      14            20   1               1.788         1
      15            20   2               3.047         2
      16            22   1              49.593        21
      17            22   2              75.663        28
      18            22   3              23.813        21
      19            24   1              20.764         7
      20            24   2              14.005         6
      21            24   3              28.371        25
      22            26   1              42.923        25
      23            26   2              59.688        30
      24            26   3              26.167        25
      25            27   1              48.921        28
      26            27   2              44.913        21
      27            27   3              27.507        28
      28            28   1              36.163        21
      29            28   2              16.999        10
      30            28   3              19.262        21
 31 12
       1             6   1               9.824         9
       2             6   2               5.961         6
       3             6   3               1.001         1
       4             8   1               9.189         9
       5             8   2               4.095         4
       6            12   1               1.145         1
       7            12   2               2.001         2
       8            14   1              10.499         9
       9            14   2               5.804         6
      10            14   3               1.001         1
      11            16   1               9.692         9
      12            16   2               4.814         4
      13            16   3               8.860         9
      14            20   1               1.644         1
      15            20   2               2.912         2
      16            22   1              46.353        21
      17            22   2              73.038        28
      18            22   3              23.390        21
      19            24   1              18.853         7
      20            24   2              12.648         6
      21            24   3              27.450        25
      22            26   1              40.449        25
      23            26   2              57.300        30
      24            26   3              25.511        25
      25            27   1              46.816        28
      26            27   2              42.927        21
      27            27   3              26.840        28
      28            28   1              35.502        21
      29            28   2              16.128        10
      30            28   3              18.920        21
 31 13
       1             6   1               9.729         9
       2             6   2               5.957         6
       3             6   3               1.000         1
       4             8   1               9.135         9
       5             8   2               4.072         4
       6            12   1               1.113         1
       7            12   2               2.001         2
       8            14   1              10.367         9
       9            14   2               5.792         6
      10            14   3               1.000         1
      11            16   1               9.585         9
      12            16   2               4.692         4
      13            16   3               8.737         9
      14            20   1               1.527         1
      15            20   2               2.791         2
      16            22   1              43.465        21
      17            22   2              70.589        28
      18            22   3              22.996        21
      19            24   1              17.244         7
      20            24   2              11.520         6
      21            24   3              26.657        25
      22            26   1              38.284        25
      23            26   2              55.168        30
      24            26   3              24.954        25
      25            27   1              44.896        28
      26            27   2              41.096        21
      27            27   3              26.242        28
      28            28   1              34.893        21
      29            28   2              15.330        10
      30            28   3              18.600        21
 31 14
       1             6   1               9.644         9
       2             6   2               5.953         6
       3             6   3               1.000         1
       4             8   1               9.088         9
       5             8   2               4.054         4
       6            12   1               1.088         1
       7            12   2               2.001         2
       8            14   1              10.244         9
       9            14   2               5.781         6
      10            14   3               1.000         1
      11            16   1               9.485         9
      12            16   2               4.587         4
      13            16   3               8.622         9
      14            20   1               1.433         1
      15            20   2               2.685         2
      16            22   1              40.924        21
      17            22   2              68.343        28
      18            22   3              22.637        21
      19            24   1              15.905         7
      20            24   2              10.596         6
      21            24   3              25.986        25
      22            26   1              36.413        25
      23            26   2              53.288        30
      24            26   3              24.487        25
      25            27   1              43.168        28
      26            27   2              39.433        21
      27            27   3              25.712        28
      28            28   1              34.334        21
      29            28   2              14.612        10
      30            28   3              18.306        21
 31 15
       1             6   1               9.574         9
       2             6   2               5.949         6
       3             6   3               1.000         1
       4             8   1               9.049         9
       5             8   2               4.041         4
       6            12   1               1.071         1
       7            12   2               2.000         2
       8            14   1              10.137         9
       9            14   2               5.770         6
      10            14   3               1.000         1
      11            16   1               9.399         9
      12            16   2               4.505         4
      13            16   3               8.522         9
      14            20   1               1.362         1
      15            20   2               2.599         2
      16            22   1              38.842        21
      17            22   2              66.447        28
      18            22   3              22.334        21
      19            24   1              14.868         7
      20            24   2               9.896         6
      21            24   3              25.462        25
      22            26   1              34.913        25
      23            26   2              51.753        30
      24            26   3              24.125        25
      25            27   1              41.726        28
      26            27   2              38.039        21
      27            27   3              25.279        28
      28            28   1              33.859        21
      29            28   2              14.017        10
      30            28   3              18.056        21
 31 16
       1             6   1               9.526         9
       2             6   2               5.947         6
       3             6   3               1.000         1
       4             8   1               9.023         9
       5             8   2               4.034         4
       6            12   1               1.060         1
       7            12   2               2.000         2
       8            14   1              10.062         9
       9            14   2               5.762         6
      10            14   3               1.000         1
      11            16   1               9.339         9
      12            16   2               4.451         4
      13            16   3               8.452         9
      14            20   1               1.314         1
      15            20   2               2.542         2
      16            22   1              37.420        21
      17            22   2              65.139        28
      18            22   3              22.127        21
      19            24   1              14.196         7
      20            24   2               9.455         6
      21            24   3              25.123        25
      22            26   1              33.912        25
      23            26   2              50.720        30
      24            26   3              23.891        25
      25            27   1              40.736        28
      26            27   2              37.080        21
      27            27   3              24.986        28
      28            28   1              33.525        21
      29            28   2              13.614        10
      30            28   3              17.882        21
 31 17
       1             6   1               9.491         9
       2             6   2               5.946         6
       3             6   3               1.000         1
       4             8   1               9.005         9
       5             8   2               4.029         4
       6            12   1               1.052         1
       7            12   2               2.000         2
       8            14   1              10.007         9
       9            14   2               5.756         6
      10            14   3               1.000         1
      11            16   1               9.296         9
      12            16   2               4.414         4
      13            16   3               8.401         9
      14            20   1               1.281         1
      15            20   2               2.502         2
      16            22   1              36.402        21
      17            22   2              64.198        28
      18            22   3              21.978        21
      19            24   1              13.734         7
      20            24   2               9.157         6
      21            24   3              24.889        25
      22            26   1              33.209        25
      23            26   2              49.988        30
      24            26   3              23.730        25
      25            27   1              40.025        28
      26            27   2              36.392        21
      27            27   3              24.779        28
      28            28   1              33.282        21
      29            28   2              13.327        10
      30            28   3              17.757        21
 31 18
       1             6   1               9.461         9
       2             6   2               5.944         6
       3             6   3               1.000         1
       4             8   1               8.990         9
       5             8   2               4.025         4
       6            12   1               1.046         1
       7            12   2               2.000         2
       8            14   1               9.957         9
       9            14   2               5.751         6
      10            14   3               1.000         1
      11            16   1               9.257         9
      12            16   2               4.382         4
      13            16   3               8.355         9
      14            20   1               1.253         1
      15            20   2               2.468         2
      16            22   1              35.510        21
      17            22   2              63.356        28
      18            22   3              21.845        21
      19            24   1              13.338         7
      20            24   2               8.904         6
      21            24   3              24.688        25
      22            26   1              32.596        25
      23            26   2              49.341        30
      24            26   3              23.591        25
      25            27   1              39.392        28
      26            27   2              35.776        21
      27            27   3              24.595        28
      28            28   1              33.062        21
      29            28   2              13.073        10
      30            28   3              17.643        21
 31 19
       1             6   1               9.429         9
       2             6   2               5.943         6
       3             6   3               1.000         1
       4             8   1               8.973         9
       5             8   2               4.022         4
       6            12   1               1.040         1
       7            12   2               2.000         2
       8            14   1               9.902         9
       9            14   2               5.745         6
      10            14   3               1.000         1
      11            16   1               9.214         9
      12            16   2               4.349         4
      13            16   3               8.304         9
      14            20   1               1.226         1
      15            20   2               2.431         2
      16            22   1              34.582        21
      17            22   2              62.447        28
      18            22   3              21.702        21
      19            24   1              12.929         7
      20            24   2               8.645         6
      21            24   3              24.479        25
      22            26   1              31.954        25
      23            26   2              48.648        30
      24            26   3              23.446        25
      25            27   1              38.712        28
      26            27   2              35.110        21
      27            27   3              24.398        28
      28            28   1              32.824        21
      29            28   2              12.801        10
      30            28   3              17.520        21
 31 20
       1             6   1               9.397         9
       2             6   2               5.941         6
       3             6   3               1.000         1
       4             8   1               8.956         9
       5             8   2               4.018         4
       6            12   1               1.035         1
       7            12   2               2.000         2
       8            14   1               9.847         9
       9            14   2               5.738         6
      10            14   3               1.000         1
      11            16   1               9.171         9
      12            16   2               4.317         4
      13            16   3               8.253         9
      14            20   1               1.201         1
      15            20   2               2.396         2
      16            22   1              33.677        21
      17            22   2              61.537        28
      18            22   3              21.559        21
      19            24   1              12.536         7
      20            24   2               8.401         6
      21            24   3              24.277        25
      22            26   1              31.329        25
      23            26   2              47.961        30
      24            26   3              23.305        25
      25            27   1              38.034        28
      26            27   2              34.443        21
      27            27   3              24.203        28
      28            28   1              32.583        21
      29            28   2              12.532        10
      30            28   3              17.395        21
