
     NP4 =     9     ITT =  4     JS = 20      KB = 501 XE1= 0.210

     Day = 10.40     Log Taug = -3.700

     CHL(eV) = 25.0     NC =  5

     WVM1 = 0.2500    WVM2 = 1.2000       KG =  1500

                  LOG R/RS     LOG L/LS         VEL LB          TB

                   4.179       9.050           11700.0       10000.0


                     1.0000



       RADIUS    VELOCITY  DENSITY    MASS    TOT. MASS   NEWMASS NEWTOT. MASS Kin. En.
   1  0.53D+14    193.09  0.19D-12  0.582D-04  0.582D-04  0.152D-02  0.152D-02  0.284D+12
   2  0.46D+15   1699.64  0.12D-12  0.204D-01  0.205D-01  0.508D-01  0.523D-01  0.734D+15
   3  0.76D+15   2779.51  0.82D-13  0.566D-01  0.770D-01  0.808D-01  0.133D+00  0.385D+16
   4  0.10D+16   3736.92  0.58D-13  0.754D-01  0.152D+00  0.907D-01  0.224D+00  0.102D+17
   5  0.12D+16   4553.08  0.43D-13  0.773D-01  0.230D+00  0.910D-01  0.315D+00  0.196D+17
   6  0.15D+16   5334.55  0.32D-13  0.790D-01  0.309D+00  0.943D-01  0.409D+00  0.330D+17
   7  0.17D+16   6153.91  0.24D-13  0.826D-01  0.391D+00  0.986D-01  0.508D+00  0.517D+17
   8  0.19D+16   7036.23  0.17D-13  0.841D-01  0.475D+00  0.115D+00  0.623D+00  0.802D+17
   9  0.22D+16   8256.81  0.11D-13  0.102D+00  0.577D+00  0.105D+00  0.728D+00  0.116D+18
  10  0.25D+16   9216.44  0.86D-14  0.808D-01  0.658D+00  0.891D-01  0.817D+00  0.154D+18
  11  0.28D+16  10159.20  0.72D-14  0.812D-01  0.739D+00  0.101D+00  0.918D+00  0.206D+18
  12  0.31D+16  11337.24  0.49D-14  0.853D-01  0.825D+00  0.882D-01  0.101D+01  0.263D+18
  13  0.34D+16  12358.60  0.33D-14  0.613D-01  0.886D+00  0.721D-01  0.108D+01  0.318D+18
  14  0.37D+16  13539.64  0.32D-14  0.820D-01  0.968D+00  0.716D-01  0.115D+01  0.383D+18
  15  0.39D+16  14262.30  0.31D-14  0.552D-01  0.102D+01  0.653D-01  0.122D+01  0.450D+18
  16  0.41D+16  15158.44  0.27D-14  0.662D-01  0.109D+01  0.985D-01  0.131D+01  0.563D+18
  17  0.46D+16  16746.85  0.54D-15  0.277D-01  0.112D+01  0.555D-01  0.137D+01  0.641D+18
  18  0.57D+16  20745.14  0.64D-16  0.116D-01  0.113D+01  0.989D-02  0.138D+01  0.662D+18
  19  0.61D+16  22490.48  0.20D-16  0.205D-02  0.113D+01  0.109D-02  0.138D+01  0.665D+18
 /, Kin. En. =    51.121343040386641     

      XS      VS        LOG RH      TE       TR       W    SH M    TOTM

      0.98  11935.73    -12.96   7733.10   8592.33  0.401  0.034  0.034
      0.94  12436.89    -13.03   7733.10   8592.33  0.330  0.034  0.069
      0.90  12981.97    -13.04   7733.10   8592.33  0.283  0.040  0.109
      0.86  13577.02    -13.05   7733.10   8592.33  0.246  0.047  0.157
      0.82  14229.25    -13.06   7733.10   8592.33  0.215  0.055  0.211
      0.78  14947.30    -13.11   7733.10   8592.33  0.189  0.060  0.271
      0.74  15741.68    -13.39   7733.10   8592.33  0.165  0.039  0.310
      0.70  16625.22    -13.77   7733.10   8592.33  0.145  0.020  0.330
      0.66  17613.85    -14.04   7733.10   8592.33  0.126  0.014  0.343
      0.62  18727.49    -14.31   7733.10   8592.33  0.110  0.009  0.353
      0.59  19991.46    -14.59   7733.10   8592.33  0.095  0.006  0.359
      0.55  21438.39    -14.96   7733.10   8592.33  0.081  0.004  0.363
      0.51  23111.11    -15.43   7733.10   8592.33  0.069  0.002  0.364
      0.47  25066.95    -15.95   7733.10   8592.33  0.058  0.001  0.365
      0.43  27384.44    -16.52   7733.10   8592.33  0.048  0.000  0.365
      0.39  30174.08    -17.14   7733.10   8592.33  0.039  0.000  0.365
      0.35  33596.55    -17.82   7733.10   8592.33  0.031  0.000  0.365
      0.31  37894.74    -18.59   7733.10   8592.33  0.024  0.000  0.365
      0.27  43454.04    -19.46   7733.10   8592.33  0.018  0.000  0.365
      0.23  50924.92    -20.47   7733.10   8592.33  0.013  0.000  0.365

        XS        VS          LOG RH       TE          TR         W

        0.98    11935.73      -12.96     7733.10     8592.33    0.401
        0.94    12436.89      -13.03     7733.10     8592.33    0.330
        0.90    12981.97      -13.04     7733.10     8592.33    0.283
        0.86    13577.02      -13.05     7733.10     8592.33    0.246
        0.82    14229.25      -13.06     7733.10     8592.33    0.215
        0.78    14947.30      -13.11     7733.10     8592.33    0.189
        0.74    15741.68      -13.39     7733.10     8592.33    0.165
        0.70    16625.22      -13.77     7733.10     8592.33    0.145
        0.66    17613.85      -14.04     7733.10     8592.33    0.126
        0.62    18727.49      -14.31     7733.10     8592.33    0.110
        0.59    19991.46      -14.59     7733.10     8592.33    0.095
        0.55    21438.39      -14.96     7733.10     8592.33    0.081
        0.51    23111.11      -15.43     7733.10     8592.33    0.069
        0.47    25066.95      -15.95     7733.10     8592.33    0.058
        0.43    27384.44      -16.52     7733.10     8592.33    0.048
        0.39    30174.08      -17.14     7733.10     8592.33    0.039
        0.35    33596.55      -17.82     7733.10     8592.33    0.031
        0.31    37894.74      -18.59     7733.10     8592.33    0.024
        0.27    43454.04      -19.46     7733.10     8592.33    0.018
        0.23    50924.92      -20.47     7733.10     8592.33    0.013

     No. of ions =  30            Total No. Included = 66982


         En consv. check  -0.391D-14


      NPK        ABS      ESC      event      no event            out of rg

     90000     63020     26980     17442      9538         0         0


                         No. pkts   =   90000
                         Esc to inf =   26980
                         No line ev =       0
  PW(2)=    25774.596971831859       RQ(JS,5)=    25774.596971831859     
  TB=   10000.000000000000       CLP=  2.03851600501297983E-005  CL=  3.87978908493841643E-005

     JP       LP       KP        KJ         L        NUJ        BT        NPK

  2.41434  0.64953  0.78737  0.187E+00   1.18495  0.747E+15   0.0398   1 1.348E+05
  1.88290  0.68104  0.63110  0.166E+00   1.15757  0.717E+15   0.0415   2 1.178E+05
  1.53857  0.69105  0.52104  0.165E+00   1.13582  0.708E+15   0.0433   3 1.068E+05
  1.21186  0.70918  0.41125  0.158E+00   1.11113  0.696E+15   0.0453   4 9.295E+04
  0.89349  0.74061  0.31135  0.147E+00   1.08549  0.679E+15   0.0475   5 7.779E+04
  0.61725  0.77896  0.22073  0.144E+00   1.05892  0.659E+15   0.0499   6 6.105E+04
  0.39725  0.81927  0.15243  0.127E+00   1.03622  0.633E+15   0.0525   7 4.670E+04
  0.27182  0.84060  0.11388  0.117E+00   1.02221  0.607E+15   0.0555   8 3.844E+04
  0.19614  0.85075  0.09073  0.917E-01   1.01347  0.572E+15   0.0588   9 3.365E+04
  0.14138  0.85792  0.07462  0.676E-01   1.00739  0.531E+15   0.0625  10 3.046E+04
  0.10675  0.85858  0.06299  0.433E-01   1.00350  0.492E+15   0.0667  11 2.857E+04
  0.08290  0.85518  0.05411  0.264E-01   1.00135  0.466E+15   0.0715  12 2.756E+04
  0.06586  0.84806  0.04673  0.120E-01   1.00042  0.444E+15   0.0771  13 2.713E+04
  0.05296  0.83754  0.04004  0.595E-02   1.00011  0.434E+15   0.0836  14 2.701E+04
  0.04244  0.82407  0.03374  0.503E-02   1.00006  0.428E+15   0.0913  15 2.700E+04
  0.03343  0.80780  0.02777  0.343E-02   1.00002  0.422E+15   0.1006  16 2.699E+04
  0.02578  0.78776  0.02221  0.286E-02   1.00000  0.415E+15   0.1121  17 2.698E+04
  0.01930  0.76274  0.01716  0.265E-02   1.00000  0.407E+15   0.1264  18 2.698E+04
  0.01387  0.73084  0.01266  0.221E-02   1.00000  0.398E+15   0.1449  19 2.698E+04
  0.00941  0.68896  0.00879  0.184E-02   1.00000  0.386E+15   0.1699  20 2.698E+04
                                         0.52542

     Scale:  L = 42.633     L+ = 43.176

               TB1 = 11745.6          Log EP0 = 38.221553
  TEMP IT no:           1

    15.9    -24.1770      0.2864   T* =  8592.3   TB = 11745.6

        XS        VS          LOG RH       TE          TR         W

        0.98    11935.73      -12.96     8138.04     9042.26    1.904
        0.94    12436.89      -13.03     8019.26     8910.28    1.657
        0.90    12981.97      -13.04     7900.47     8778.31    1.411
        0.86    13577.02      -13.05     7802.16     8669.06    1.164
        0.82    14229.25      -13.06     7672.19     8524.65    0.923
        0.78    14947.30      -13.11     7507.50     8341.66    0.699
        0.74    15741.68      -13.39     7314.37     8127.07    0.516
        0.70    16625.22      -13.77     7092.45     7880.50    0.395
        0.66    17613.85      -14.04     6822.62     7580.68    0.326
        0.62    18727.49      -14.31     6515.40     7239.33    0.285
        0.59    19991.46      -14.59     6227.95     6919.95    0.257
        0.55    21438.39      -14.96     6002.73     6669.70    0.231
        0.51    23111.11      -15.43     5845.04     6494.49    0.203
        0.47    25066.95      -15.95     5751.96     6391.06    0.174
        0.43    27384.44      -16.52     5697.14     6330.16    0.145
        0.39    30174.08      -17.14     5646.26     6273.62    0.118
        0.35    33596.55      -17.82     5591.38     6212.65    0.095
        0.31    37894.74      -18.59     5529.87     6144.30    0.074
        0.27    43454.04      -19.46     5454.11     6060.13    0.056
        0.23    50924.92      -20.47     5378.36     5975.95    0.039

         En consv. check   0.475D-15


      NPK        ABS      ESC      event      no event            out of rg

     90000     61781     28219     18173     10046         0         0


                         No. pkts   =   90000
                         Esc to inf =   28219
                         No line ev =       0
  PW(2)=    26646.166523573818       RQ(JS,5)=    26646.166523573818     
  TB=   11745.553782536057       CLP=  3.87978908493842185E-005  CL=  3.75288505052050043E-005

     JP       LP       KP        KJ         L        NUJ        BT        NPK

  2.36051  0.68078  0.78074  0.180E+00   1.20629  0.878E+15   0.0398   1 1.382E+05
  1.91525  0.69724  0.64272  0.146E+00   1.18213  0.833E+15   0.0415   2 1.244E+05
  1.59437  0.70097  0.53842  0.125E+00   1.16146  0.804E+15   0.0433   3 1.143E+05
  1.28452  0.71263  0.44300  0.115E+00   1.14018  0.787E+15   0.0453   4 1.034E+05
  1.01926  0.72522  0.35214  0.101E+00   1.11699  0.764E+15   0.0475   5 9.093E+04
  0.74248  0.75617  0.26122  0.873E-01   1.09017  0.739E+15   0.0499   6 7.499E+04
  0.52096  0.78794  0.19146  0.781E-01   1.06685  0.716E+15   0.0525   7 6.114E+04
  0.37515  0.80751  0.14588  0.697E-01   1.04980  0.699E+15   0.0555   8 5.184E+04
  0.28029  0.81642  0.11532  0.603E-01   1.03710  0.676E+15   0.0588   9 4.566E+04
  0.20093  0.82771  0.09042  0.419E-01   1.02545  0.637E+15   0.0625  10 3.996E+04
  0.14423  0.83513  0.07119  0.324E-01   1.01562  0.599E+15   0.0667  11 3.518E+04
  0.10486  0.83813  0.05742  0.213E-01   1.00856  0.560E+15   0.0715  12 3.196E+04
  0.07590  0.83887  0.04714  0.129E-01   1.00379  0.522E+15   0.0771  13 2.976E+04
  0.05739  0.83291  0.03965  0.676E-02   1.00167  0.493E+15   0.0836  14 2.887E+04
  0.04426  0.82216  0.03311  0.425E-02   1.00051  0.476E+15   0.0913  15 2.840E+04
  0.03431  0.80690  0.02729  0.260E-02   1.00018  0.463E+15   0.1006  16 2.828E+04
  0.02624  0.78730  0.02189  0.100E-02   1.00004  0.453E+15   0.1121  17 2.823E+04
  0.01955  0.76248  0.01696  0.716E-03   1.00000  0.444E+15   0.1264  18 2.822E+04
  0.01400  0.73069  0.01255  0.626E-03   1.00000  0.434E+15   0.1449  19 2.822E+04
  0.00948  0.68887  0.00873  0.601E-03   1.00000  0.420E+15   0.1699  20 2.822E+04
                                         1.03382

     Scale:  L = 42.633     L+ = 43.161

               TB1 = 11648.3          Log EP0 = 38.207110
  TEMP IT no:           2

     7.1    -24.1770      0.2961   T* =  8592.3   TB = 11648.3

        XS        VS          LOG RH       TE          TR         W

        0.98    11935.73      -12.96     9281.47    10312.74    1.123
        0.94    12436.89      -13.03     9010.75    10011.94    1.048
        0.90    12981.97      -13.04     8740.03     9711.14    0.972
        0.86    13577.02      -13.05     8535.88     9484.31    0.866
        0.82    14229.25      -13.06     8321.76     9246.40    0.749
        0.78    14947.30      -13.11     8083.95     8982.16    0.624
        0.74    15741.68      -13.39     7853.24     8725.83    0.500
        0.70    16625.22      -13.77     7627.18     8474.65    0.404
        0.66    17613.85      -14.04     7346.60     8162.89    0.343
        0.62    18727.49      -14.31     6983.66     7759.62    0.304
        0.59    19991.46      -14.59     6596.07     7328.97    0.275
        0.55    21438.39      -14.96     6226.58     6918.42    0.251
        0.51    23111.11      -15.43     5895.23     6550.26    0.228
        0.47    25066.95      -15.95     5641.68     6268.53    0.205
        0.43    27384.44      -16.52     5472.12     6080.13    0.178
        0.39    30174.08      -17.14     5352.61     5947.34    0.150
        0.35    33596.55      -17.82     5254.69     5838.54    0.124
        0.31    37894.74      -18.59     5159.75     5733.05    0.099
        0.27    43454.04      -19.46     5051.57     5612.85    0.077
        0.23    50924.92      -20.47     4943.38     5492.65    0.055

         En consv. check   0.406D-14


      NPK        ABS      ESC      event      no event            out of rg

     90000     59040     30960     19187     11773         0         0


                         No. pkts   =   90000
                         Esc to inf =   30960
                         No line ev =       0
  PW(2)=    29299.771649405258       RQ(JS,5)=    29299.771649405258     
  TB=   11648.306353816628       CLP=  3.75288505052050178E-005  CL=  3.41299588258155769E-005

     JP       LP       KP        KJ         L        NUJ        BT        NPK

  2.16126  0.70754  0.71606  0.230E+00   1.18930  0.919E+15   0.0398   1 1.397E+05
  1.78223  0.71712  0.60179  0.200E+00   1.16938  0.889E+15   0.0415   2 1.279E+05
  1.49767  0.71763  0.50950  0.174E+00   1.15132  0.863E+15   0.0433   3 1.186E+05
  1.22256  0.72458  0.42169  0.161E+00   1.13180  0.844E+15   0.0453   4 1.079E+05
  0.95065  0.74221  0.33236  0.145E+00   1.10915  0.820E+15   0.0475   5 9.408E+04
  0.68618  0.77308  0.24505  0.125E+00   1.08350  0.791E+15   0.0499   6 7.724E+04
  0.48453  0.80119  0.17926  0.114E+00   1.06163  0.770E+15   0.0525   7 6.279E+04
  0.34371  0.82176  0.13770  0.956E-01   1.04633  0.736E+15   0.0555   8 5.369E+04
  0.26545  0.82504  0.11253  0.833E-01   1.03636  0.716E+15   0.0588   9 4.871E+04
  0.20318  0.82728  0.09130  0.692E-01   1.02703  0.700E+15   0.0625  10 4.396E+04
  0.14798  0.83318  0.07314  0.482E-01   1.01812  0.650E+15   0.0667  11 3.950E+04
  0.10753  0.83631  0.05907  0.346E-01   1.01090  0.609E+15   0.0715  12 3.600E+04
  0.07891  0.83575  0.04821  0.186E-01   1.00559  0.566E+15   0.0771  13 3.334E+04
  0.05833  0.83176  0.04000  0.923E-02   1.00251  0.532E+15   0.0836  14 3.195E+04
  0.04485  0.82114  0.03329  0.492E-02   1.00104  0.510E+15   0.0913  15 3.134E+04
  0.03458  0.80623  0.02733  0.493E-02   1.00033  0.497E+15   0.1006  16 3.109E+04
  0.02629  0.78713  0.02189  0.140E-02   1.00006  0.483E+15   0.1121  17 3.098E+04
  0.01956  0.76243  0.01696  0.712E-03   1.00002  0.473E+15   0.1264  18 3.096E+04
  0.01401  0.73067  0.01255  0.668E-03   1.00000  0.461E+15   0.1449  19 3.096E+04
  0.00948  0.68886  0.00873  0.641E-03   1.00000  0.447E+15   0.1699  20 3.096E+04
                                         1.09959

     Scale:  L = 42.633     L+ = 43.120

               TB1 = 11375.1          Log EP0 = 38.165881
  TEMP IT no:           3

     5.9    -24.1770      0.3256   T* =  8592.3   TB = 11375.1

        XS        VS          LOG RH       TE          TR         W

        0.98    11935.73      -12.96    10000.87    11112.08    0.766
        0.94    12436.89      -13.03     9725.21    10805.79    0.717
        0.90    12981.97      -13.04     9449.56    10499.51    0.669
        0.86    13577.02      -13.05     9209.37    10232.63    0.603
        0.82    14229.25      -13.06     8955.14     9950.16    0.523
        0.78    14947.30      -13.11     8683.96     9648.84    0.434
        0.74    15741.68      -13.39     8407.84     9342.05    0.351
        0.70    16625.22      -13.77     8119.19     9021.32    0.291
        0.66    17613.85      -14.04     7854.15     8726.83    0.250
        0.62    18727.49      -14.31     7547.41     8386.01    0.222
        0.59    19991.46      -14.59     7125.28     7916.98    0.206
        0.55    21438.39      -14.96     6672.84     7414.27    0.195
        0.51    23111.11      -15.43     6259.02     6954.47    0.185
        0.47    25066.95      -15.95     5920.28     6578.09    0.172
        0.43    27384.44      -16.52     5686.52     6318.35    0.154
        0.39    30174.08      -17.14     5525.68     6139.65    0.133
        0.35    33596.55      -17.82     5394.31     5993.67    0.112
        0.31    37894.74      -18.59     5273.90     5859.89    0.091
        0.27    43454.04      -19.46     5148.15     5720.16    0.072
        0.23    50924.92      -20.47     5022.39     5580.44    0.052

         En consv. check   0.202D-14


      NPK        ABS      ESC      event      no event            out of rg

     90000     57134     32866     19500     13366         0         0


                         No. pkts   =   90000
                         Esc to inf =   32866
                         No line ev =       0
  PW(2)=    31181.545453879869       RQ(JS,5)=    31181.545453879869     
  TB=   11375.104882377711       CLP=  3.41299588258154549E-005  CL=  3.20702513439907622E-005

     JP       LP       KP        KJ         L        NUJ        BT        NPK

  2.04261  0.72140  0.67737  0.260E+00   1.17707  0.928E+15   0.0398   1 1.405E+05
  1.68067  0.73107  0.57453  0.238E+00   1.15917  0.909E+15   0.0415   2 1.300E+05
  1.41258  0.73136  0.48713  0.217E+00   1.14212  0.884E+15   0.0433   3 1.205E+05
  1.16160  0.73580  0.40258  0.203E+00   1.12348  0.869E+15   0.0453   4 1.096E+05
  0.90796  0.75111  0.32030  0.189E+00   1.10267  0.850E+15   0.0475   5 9.632E+04
  0.66523  0.77737  0.23760  0.175E+00   1.07853  0.829E+15   0.0499   6 7.945E+04
  0.45587  0.81008  0.17148  0.148E+00   1.05665  0.790E+15   0.0525   7 6.372E+04
  0.32427  0.82900  0.13159  0.131E+00   1.04213  0.766E+15   0.0555   8 5.427E+04
  0.24675  0.83407  0.10766  0.112E+00   1.03284  0.738E+15   0.0588   9 4.927E+04
  0.18936  0.83565  0.08874  0.101E+00   1.02493  0.719E+15   0.0625  10 4.522E+04
  0.14292  0.83697  0.07291  0.782E-01   1.01781  0.683E+15   0.0667  11 4.161E+04
  0.10605  0.83769  0.05958  0.549E-01   1.01136  0.640E+15   0.0715  12 3.835E+04
  0.07712  0.83788  0.04847  0.310E-01   1.00589  0.589E+15   0.0771  13 3.540E+04
  0.05894  0.83078  0.04039  0.199E-01   1.00305  0.561E+15   0.0836  14 3.416E+04
  0.04502  0.82069  0.03348  0.120E-01   1.00132  0.535E+15   0.0913  15 3.342E+04
  0.03462  0.80602  0.02740  0.780E-02   1.00043  0.518E+15   0.1006  16 3.303E+04
  0.02633  0.78687  0.02194  0.207E-02   1.00012  0.504E+15   0.1121  17 3.290E+04
  0.01956  0.76234  0.01698  0.123E-02   1.00004  0.492E+15   0.1264  18 3.288E+04
  0.01399  0.73066  0.01256  0.621E-03   1.00000  0.479E+15   0.1449  19 3.287E+04
  0.00947  0.68886  0.00874  0.554E-03   1.00000  0.464E+15   0.1699  20 3.287E+04
                                         1.06422

     Scale:  L = 42.633     L+ = 43.093

               TB1 = 11199.5          Log EP0 = 38.138847
  TEMP IT no:           4

     4.3    -24.1770      0.3465   T* =  8592.3   TB = 11199.5

        XS        VS          LOG RH       TE          TR         W

        0.98    11935.73      -12.96    10324.18    11471.31    0.635
        0.94    12436.89      -13.03    10078.54    11198.38    0.587
        0.90    12981.97      -13.04     9832.90    10925.44    0.539
        0.86    13577.02      -13.05     9610.69    10678.54    0.483
        0.82    14229.25      -13.06     9387.41    10430.46    0.415
        0.78    14947.30      -13.11     9109.44    10121.60    0.344
        0.74    15741.68      -13.39     8784.82     9760.91    0.280
        0.70    16625.22      -13.77     8474.21     9415.79    0.231
        0.66    17613.85      -14.04     8194.03     9104.48    0.197
        0.62    18727.49      -14.31     7895.43     8772.70    0.174
        0.59    19991.46      -14.59     7510.18     8344.64    0.161
        0.55    21438.39      -14.96     7039.18     7821.31    0.155
        0.51    23111.11      -15.43     6577.49     7308.32    0.150
        0.47    25066.95      -15.95     6215.57     6906.18    0.142
        0.43    27384.44      -16.52     5951.71     6613.01    0.129
        0.39    30174.08      -17.14     5752.80     6392.00    0.113
        0.35    33596.55      -17.82     5597.28     6219.20    0.096
        0.31    37894.74      -18.59     5459.01     6065.57    0.079
        0.27    43454.04      -19.46     5318.17     5909.08    0.063
        0.23    50924.92      -20.47     5177.33     5752.58    0.046

         En consv. check   0.981D-14


      NPK        ABS      ESC      event      no event            out of rg

     90000     55702     34298     19910     14388         0         0


                         No. pkts   =   90000
                         Esc to inf =   34298
                         No line ev =       0
  PW(2)=    32605.119715855977       RQ(JS,5)=    32605.246669323962     
  TB=   11199.459395190033       CLP=  3.20702513439907893E-005  CL=  3.06699105865324196E-005

     JP       LP       KP        KJ         L        NUJ        BT        NPK

  1.95668  0.73048  0.64578  0.270E+00   1.16665  0.927E+15   0.0398   1 1.402E+05
  1.61169  0.73943  0.55182  0.254E+00   1.15032  0.915E+15   0.0415   2 1.305E+05
  1.37765  0.73471  0.46718  0.238E+00   1.13375  0.899E+15   0.0433   3 1.210E+05
  1.11766  0.74283  0.38856  0.229E+00   1.11635  0.881E+15   0.0453   4 1.107E+05
  0.88198  0.75514  0.30778  0.208E+00   1.09587  0.860E+15   0.0475   5 9.698E+04
  0.64564  0.78086  0.22986  0.202E+00   1.07311  0.850E+15   0.0499   6 8.050E+04
  0.43450  0.81572  0.16433  0.172E+00   1.05144  0.809E+15   0.0525   7 6.400E+04
  0.30999  0.83327  0.12650  0.157E+00   1.03770  0.784E+15   0.0555   8 5.452E+04
  0.23477  0.83877  0.10352  0.140E+00   1.02894  0.761E+15   0.0588   9 4.931E+04
  0.18122  0.83964  0.08570  0.112E+00   1.02175  0.728E+15   0.0625  10 4.539E+04
  0.13476  0.84249  0.07092  0.894E-01   1.01541  0.690E+15   0.0667  11 4.197E+04
  0.10276  0.84038  0.05891  0.671E-01   1.01024  0.653E+15   0.0715  12 3.936E+04
  0.07707  0.83763  0.04868  0.436E-01   1.00583  0.612E+15   0.0771  13 3.704E+04
  0.05901  0.83042  0.04051  0.297E-01   1.00298  0.582E+15   0.0836  14 3.566E+04
  0.04486  0.82080  0.03354  0.168E-01   1.00122  0.551E+15   0.0913  15 3.484E+04
  0.03453  0.80607  0.02747  0.947E-02   1.00043  0.533E+15   0.1006  16 3.446E+04
  0.02621  0.78718  0.02198  0.249E-02   1.00013  0.516E+15   0.1121  17 3.433E+04
  0.01953  0.76237  0.01701  0.172E-02   1.00004  0.505E+15   0.1264  18 3.431E+04
  0.01398  0.73068  0.01258  0.137E-02   1.00000  0.492E+15   0.1449  19 3.430E+04
  0.00946  0.68887  0.00874  0.113E-02   1.00000  0.477E+15   0.1699  20 3.430E+04
                                         1.04566

     Scale:  L = 42.633     L+ = 43.074

               TB1 = 11075.2          Log EP0 = 38.119459
  TEMP IT no:           5

     2.8    -24.1770      0.3623   T* =  8592.3   TB = 11075.2

        XS        VS          LOG RH       TE          TR         W

        0.98    11935.73      -12.96    10431.02    11590.02    0.583
        0.94    12436.89      -13.03    10236.29    11373.65    0.532
        0.90    12981.97      -13.04    10041.56    11157.28    0.480
        0.86    13577.02      -13.05     9827.55    10919.50    0.428
        0.82    14229.25      -13.06     9618.11    10686.79    0.365
        0.78    14947.30      -13.11     9373.08    10414.54    0.297
        0.74    15741.68      -13.39     9049.99    10055.54    0.238
        0.70    16625.22      -13.77     8734.71     9705.23    0.195
        0.66    17613.85      -14.04     8442.43     9380.48    0.167
        0.62    18727.49      -14.31     8097.90     8997.66    0.150
        0.59    19991.46      -14.59     7694.01     8548.90    0.139
        0.55    21438.39      -14.96     7255.79     8061.99    0.133
        0.51    23111.11      -15.43     6828.96     7587.74    0.128
        0.47    25066.95      -15.95     6461.36     7179.29    0.121
        0.43    27384.44      -16.52     6163.72     6848.58    0.112
        0.39    30174.08      -17.14     5935.89     6595.43    0.100
        0.35    33596.55      -17.82     5763.86     6404.29    0.085
        0.31    37894.74      -18.59     5620.57     6245.08    0.070
        0.27    43454.04      -19.46     5475.71     6084.12    0.056
        0.23    50924.92      -20.47     5330.85     5923.16    0.041

         En consv. check   0.169D-13


      NPK        ABS      ESC      event      no event            out of rg

     90000     54807     35193     20117     15076         0         0


                         No. pkts   =   90000
                         Esc to inf =   35193
                         No line ev =       0
  PW(2)=    33546.330551335981       RQ(JS,5)=    33546.330551335981     
  TB=   11075.152701833949       CLP=  3.06699464120183894E-005  CL=  2.98095196572900608E-005

     JP       LP       KP        KJ         L        NUJ        BT        NPK

  1.86673  0.74094  0.62285  0.273E+00   1.15840  0.924E+15   0.0398   1 1.392E+05
  1.59062  0.73934  0.53878  0.276E+00   1.14381  0.919E+15   0.0415   2 1.311E+05
  1.31380  0.74472  0.45690  0.257E+00   1.12794  0.906E+15   0.0433   3 1.216E+05
  1.07062  0.75110  0.37975  0.244E+00   1.11099  0.890E+15   0.0453   4 1.108E+05
  0.87252  0.75492  0.30223  0.231E+00   1.09141  0.882E+15   0.0475   5 9.782E+04
  0.63839  0.78060  0.22647  0.211E+00   1.06936  0.845E+15   0.0499   6 8.142E+04
  0.43028  0.81483  0.16186  0.183E+00   1.04799  0.814E+15   0.0525   7 6.451E+04
  0.30088  0.83508  0.12389  0.167E+00   1.03425  0.791E+15   0.0555   8 5.473E+04
  0.22363  0.84272  0.10048  0.136E+00   1.02533  0.746E+15   0.0588   9 4.898E+04
  0.17024  0.84500  0.08346  0.121E+00   1.01865  0.724E+15   0.0625  10 4.522E+04
  0.12996  0.84488  0.06962  0.952E-01   1.01305  0.685E+15   0.0667  11 4.207E+04
  0.09949  0.84248  0.05777  0.734E-01   1.00810  0.654E+15   0.0715  12 3.936E+04
  0.07448  0.83996  0.04838  0.474E-01   1.00470  0.609E+15   0.0771  13 3.750E+04
  0.05709  0.83282  0.04043  0.288E-01   1.00232  0.576E+15   0.0836  14 3.624E+04
  0.04420  0.82174  0.03361  0.160E-01   1.00096  0.553E+15   0.0913  15 3.559E+04
  0.03425  0.80652  0.02756  0.989E-02   1.00038  0.537E+15   0.1006  16 3.536E+04
  0.02611  0.78729  0.02204  0.446E-02   1.00010  0.522E+15   0.1121  17 3.522E+04
  0.01947  0.76244  0.01705  0.291E-02   1.00003  0.511E+15   0.1264  18 3.520E+04
  0.01395  0.73072  0.01260  0.212E-02   1.00000  0.498E+15   0.1449  19 3.519E+04
  0.00945  0.68889  0.00876  0.174E-02   1.00000  0.482E+15   0.1699  20 3.519E+04
                                         1.02886

     Scale:  L = 42.633     L+ = 43.061

               TB1 = 10996.6          Log EP0 = 38.107100
  TEMP IT no:           6

     1.0    -24.1770      0.3727   T* =  8592.3   TB = 10996.6

        XS        VS          LOG RH       TE          TR         W

        0.98    11935.73      -12.96    10459.15    11621.28    0.562
        0.94    12436.89      -13.03    10305.53    11450.59    0.502
        0.90    12981.97      -13.04    10151.90    11279.89    0.443
        0.86    13577.02      -13.05     9983.59    11092.88    0.387
        0.82    14229.25      -13.06     9782.61    10869.57    0.334
        0.78    14947.30      -13.11     9485.18    10539.09    0.280
        0.74    15741.68      -13.39     9154.73    10171.92    0.225
        0.70    16625.22      -13.77     8820.86     9800.95    0.182
        0.66    17613.85      -14.04     8461.48     9401.65    0.158
        0.62    18727.49      -14.31     8104.16     9004.62    0.142
        0.59    19991.46      -14.59     7725.21     8583.57    0.131
        0.55    21438.39      -14.96     7309.12     8121.24    0.124
        0.51    23111.11      -15.43     6882.93     7647.70    0.120
        0.47    25066.95      -15.95     6509.31     7232.57    0.114
        0.43    27384.44      -16.52     6230.30     6922.56    0.105
        0.39    30174.08      -17.14     6022.31     6691.45    0.093
        0.35    33596.55      -17.82     5857.29     6508.10    0.080
        0.31    37894.74      -18.59     5714.32     6349.24    0.065
        0.27    43454.04      -19.46     5567.53     6186.14    0.052
        0.23    50924.92      -20.47     5420.74     6023.04    0.039

         En consv. check   0.234D-14


      NPK        ABS      ESC      event      no event            out of rg

     90000     54471     35529     20239     15290         0         0


                         No. pkts   =   90000
                         Esc to inf =   35529
                         No line ev =       0
  PW(2)=    33844.484928807018       RQ(JS,5)=    33844.484928807018     
  TB=   10996.645201642623       CLP=  2.98095196572900337E-005  CL=  2.95469114717961489E-005

     JP       LP       KP        KJ         L        NUJ        BT        NPK

  1.84778  0.74405  0.61995  0.282E+00   1.15789  0.927E+15   0.0398   1 1.395E+05
  1.57200  0.74290  0.53317  0.273E+00   1.14283  0.917E+15   0.0415   2 1.309E+05
  1.32446  0.74256  0.45275  0.262E+00   1.12717  0.907E+15   0.0433   3 1.218E+05
  1.07583  0.74996  0.38024  0.255E+00   1.11124  0.896E+15   0.0453   4 1.123E+05
  0.85893  0.75881  0.30360  0.245E+00   1.09188  0.880E+15   0.0475   5 9.929E+04
  0.62356  0.78551  0.22384  0.222E+00   1.06860  0.855E+15   0.0499   6 8.138E+04
  0.42501  0.81702  0.16054  0.193E+00   1.04767  0.816E+15   0.0525   7 6.477E+04
  0.30667  0.83261  0.12501  0.177E+00   1.03487  0.798E+15   0.0555   8 5.578E+04
  0.22789  0.84045  0.10195  0.159E+00   1.02610  0.769E+15   0.0588   9 5.028E+04
  0.17153  0.84411  0.08335  0.127E+00   1.01851  0.725E+15   0.0625  10 4.562E+04
  0.12876  0.84572  0.06951  0.102E+00   1.01287  0.687E+15   0.0667  11 4.245E+04
  0.09946  0.84241  0.05800  0.838E-01   1.00823  0.658E+15   0.0715  12 3.995E+04
  0.07382  0.84069  0.04819  0.483E-01   1.00439  0.608E+15   0.0771  13 3.768E+04
  0.05691  0.83303  0.04032  0.276E-01   1.00210  0.576E+15   0.0836  14 3.651E+04
  0.04417  0.82178  0.03359  0.158E-01   1.00092  0.554E+15   0.0913  15 3.591E+04
  0.03421  0.80662  0.02755  0.100E-01   1.00034  0.539E+15   0.1006  16 3.567E+04
  0.02611  0.78729  0.02204  0.474E-02   1.00010  0.525E+15   0.1121  17 3.556E+04
  0.01946  0.76249  0.01704  0.326E-02   1.00001  0.513E+15   0.1264  18 3.553E+04
  0.01395  0.73072  0.01260  0.237E-02   1.00000  0.501E+15   0.1449  19 3.553E+04
  0.00945  0.68889  0.00875  0.187E-02   1.00000  0.485E+15   0.1699  20 3.553E+04
                                         1.00889

     Scale:  L = 42.633     L+ = 43.057

               TB1 = 10972.3          Log EP0 = 38.103257
  TEMP IT no:           7

     0.6    -24.1770      0.3760   T* =  8592.3   TB = 10972.3

        XS        VS          LOG RH       TE          TR         W

        0.98    11935.73      -12.96    10455.53    11617.25    0.554
        0.94    12436.89      -13.03    10326.93    11474.37    0.495
        0.90    12981.97      -13.04    10198.33    11331.48    0.436
        0.86    13577.02      -13.05    10051.74    11168.59    0.378
        0.82    14229.25      -13.06     9852.33    10947.04    0.321
        0.78    14947.30      -13.11     9560.92    10623.25    0.266
        0.74    15741.68      -13.39     9224.51    10249.46    0.216
        0.70    16625.22      -13.77     8917.19     9907.99    0.176
        0.66    17613.85      -14.04     8575.46     9528.28    0.152
        0.62    18727.49      -14.31     8160.88     9067.64    0.139
        0.59    19991.46      -14.59     7752.55     8613.94    0.129
        0.55    21438.39      -14.96     7343.11     8159.01    0.122
        0.51    23111.11      -15.43     6902.71     7669.68    0.118
        0.47    25066.95      -15.95     6524.46     7249.40    0.113
        0.43    27384.44      -16.52     6258.85     6954.27    0.103
        0.39    30174.08      -17.14     6063.42     6737.13    0.091
        0.35    33596.55      -17.82     5904.24     6560.27    0.077
        0.31    37894.74      -18.59     5762.14     6402.38    0.063
        0.27    43454.04      -19.46     5615.44     6239.37    0.050
        0.23    50924.92      -20.47     5468.73     6076.37    0.037

         En consv. check  -0.164D-13


      NPK        ABS      ESC      event      no event            out of rg

     90000     54278     35722     20137     15585         0         0


                         No. pkts   =   90000
                         Esc to inf =   35722
                         No line ev =       0
  PW(2)=    34061.510807111474       RQ(JS,5)=    34061.510807111474     
  TB=   10972.345929943407       CLP=  2.95469114717961760E-005  CL=  2.93586507557737773E-005

     JP       LP       KP        KJ         L        NUJ        BT        NPK

  1.83834  0.74444  0.61249  0.283E+00   1.15547  0.926E+15   0.0398   1 1.391E+05
  1.56345  0.74340  0.53293  0.278E+00   1.14167  0.919E+15   0.0415   2 1.318E+05
  1.29028  0.74876  0.45018  0.264E+00   1.12553  0.909E+15   0.0433   3 1.217E+05
  1.07177  0.75001  0.37486  0.255E+00   1.10899  0.894E+15   0.0453   4 1.113E+05
  0.84995  0.76056  0.29951  0.246E+00   1.08996  0.883E+15   0.0475   5 9.840E+04
  0.61034  0.78929  0.22093  0.227E+00   1.06713  0.860E+15   0.0499   6 8.062E+04
  0.41997  0.81850  0.15985  0.204E+00   1.04698  0.826E+15   0.0525   7 6.474E+04
  0.30062  0.83503  0.12390  0.182E+00   1.03408  0.796E+15   0.0555   8 5.543E+04
  0.22309  0.84286  0.10116  0.155E+00   1.02555  0.757E+15   0.0588   9 4.997E+04
  0.17076  0.84454  0.08382  0.128E+00   1.01875  0.728E+15   0.0625  10 4.593E+04
  0.13146  0.84360  0.06956  0.104E+00   1.01289  0.692E+15   0.0667  11 4.260E+04
  0.09835  0.84345  0.05790  0.782E-01   1.00811  0.654E+15   0.0715  12 3.998E+04
  0.07470  0.83963  0.04832  0.560E-01   1.00454  0.619E+15   0.0771  13 3.798E+04
  0.05722  0.83254  0.04040  0.356E-01   1.00219  0.585E+15   0.0836  14 3.678E+04
  0.04427  0.82153  0.03364  0.184E-01   1.00097  0.557E+15   0.0913  15 3.618E+04
  0.03413  0.80682  0.02756  0.779E-02   1.00034  0.538E+15   0.1006  16 3.585E+04
  0.02610  0.78730  0.02205  0.466E-02   1.00013  0.526E+15   0.1121  17 3.576E+04
  0.01948  0.76236  0.01705  0.446E-02   1.00002  0.516E+15   0.1264  18 3.573E+04
  0.01395  0.73072  0.01260  0.268E-02   1.00000  0.502E+15   0.1449  19 3.572E+04
  0.00945  0.68889  0.00876  0.230E-02   1.00000  0.486E+15   0.1699  20 3.572E+04
                                         1.00641

     Scale:  L = 42.633     L+ = 43.055

               TB1 = 10954.8          Log EP0 = 38.100481
  TEMP IT no:           8

     0.4    -24.1770      0.3785   T* =  8592.3   TB = 10954.8

        XS        VS          LOG RH       TE          TR         W

        0.98    11935.73      -12.96    10465.27    11628.07    0.549
        0.94    12436.89      -13.03    10342.79    11491.99    0.487
        0.90    12981.97      -13.04    10220.31    11355.90    0.426
        0.86    13577.02      -13.05    10072.54    11191.71    0.370
        0.82    14229.25      -13.06     9892.33    10991.47    0.313
        0.78    14947.30      -13.11     9630.74    10700.83    0.254
        0.74    15741.68      -13.39     9295.78    10328.64    0.206
        0.70    16625.22      -13.77     8933.57     9926.19    0.172
        0.66    17613.85      -14.04     8558.51     9509.46    0.151
        0.62    18727.49      -14.31     8180.19     9089.10    0.137
        0.59    19991.46      -14.59     7781.99     8646.66    0.128
        0.55    21438.39      -14.96     7365.62     8184.02    0.120
        0.51    23111.11      -15.43     6961.76     7735.29    0.114
        0.47    25066.95      -15.95     6593.43     7326.03    0.109
        0.43    27384.44      -16.52     6294.13     6993.48    0.101
        0.39    30174.08      -17.14     6079.33     6754.81    0.090
        0.35    33596.55      -17.82     5925.12     6583.46    0.076
        0.31    37894.74      -18.59     5789.42     6432.69    0.062
        0.27    43454.04      -19.46     5640.50     6267.22    0.049
        0.23    50924.92      -20.47     5491.57     6101.74    0.037

         En consv. check   0.889D-14


      NPK        ABS      ESC      event      no event            out of rg

     90000     54250     35750     20037     15713         0         0


                         No. pkts   =   90000
                         Esc to inf =   35750
                         No line ev =       0
  PW(2)=    34098.284489661717       RQ(JS,5)=    34098.284489661717     
  TB=   10954.826199438059       CLP=  2.93586507557738451E-005  CL=  2.93269885851058191E-005

     JP       LP       KP        KJ         L        NUJ        BT        NPK

  1.84804  0.74214  0.61304  0.282E+00   1.15486  0.925E+15   0.0398   1 1.394E+05
  1.54591  0.74604  0.52601  0.276E+00   1.13973  0.918E+15   0.0415   2 1.303E+05
  1.30923  0.74416  0.44879  0.263E+00   1.12466  0.900E+15   0.0433   3 1.216E+05
  1.06941  0.75000  0.37276  0.257E+00   1.10787  0.893E+15   0.0453   4 1.111E+05
  0.83622  0.76399  0.29505  0.245E+00   1.08828  0.881E+15   0.0475   5 9.715E+04
  0.60814  0.78960  0.22113  0.231E+00   1.06679  0.860E+15   0.0499   6 8.066E+04
  0.42118  0.81774  0.15964  0.213E+00   1.04658  0.833E+15   0.0525   7 6.478E+04
  0.29512  0.83722  0.12318  0.182E+00   1.03349  0.789E+15   0.0555   8 5.520E+04
  0.22779  0.84012  0.10073  0.147E+00   1.02507  0.755E+15   0.0588   9 4.984E+04
  0.16807  0.84606  0.08324  0.132E+00   1.01818  0.723E+15   0.0625  10 4.574E+04
  0.12979  0.84470  0.06950  0.106E+00   1.01263  0.693E+15   0.0667  11 4.271E+04
  0.09708  0.84452  0.05742  0.723E-01   1.00750  0.645E+15   0.0715  12 3.964E+04
  0.07416  0.84015  0.04820  0.543E-01   1.00427  0.613E+15   0.0771  13 3.794E+04
  0.05709  0.83266  0.04040  0.317E-01   1.00210  0.580E+15   0.0836  14 3.680E+04
  0.04395  0.82213  0.03360  0.157E-01   1.00085  0.552E+15   0.0913  15 3.611E+04
  0.03408  0.80691  0.02756  0.887E-02   1.00029  0.536E+15   0.1006  16 3.586E+04
  0.02609  0.78730  0.02205  0.492E-02   1.00008  0.524E+15   0.1121  17 3.577E+04
  0.01945  0.76250  0.01705  0.378E-02   1.00002  0.513E+15   0.1264  18 3.575E+04
  0.01395  0.73073  0.01260  0.313E-02   1.00000  0.501E+15   0.1449  19 3.575E+04
  0.00945  0.68890  0.00876  0.244E-02   1.00000  0.485E+15   0.1699  20 3.575E+04
                                         1.00108

     Scale:  L = 42.633     L+ = 43.054

               TB1 = 10951.9          Log EP0 = 38.100012
  TEMP IT no:           9

     0.2    -24.1770      0.3789   T* =  8592.3   TB = 10951.9

        XS        VS          LOG RH       TE          TR         W

        0.98    11935.73      -12.96    10461.52    11623.91    0.547
        0.94    12436.89      -13.03    10325.39    11472.65    0.490
        0.90    12981.97      -13.04    10189.26    11321.40    0.432
        0.86    13577.02      -13.05    10057.55    11175.05    0.373
        0.82    14229.25      -13.06     9895.01    10994.46    0.310
        0.78    14947.30      -13.11     9657.42    10730.47    0.250
        0.74    15741.68      -13.39     9327.31    10363.67    0.202
        0.70    16625.22      -13.77     8925.79     9917.54    0.171
        0.66    17613.85      -14.04     8528.93     9476.59    0.153
        0.62    18727.49      -14.31     8160.90     9067.67    0.138
        0.59    19991.46      -14.59     7766.11     8629.01    0.127
        0.55    21438.39      -14.96     7332.40     8147.12    0.121
        0.51    23111.11      -15.43     6927.06     7696.74    0.116
        0.47    25066.95      -15.95     6570.57     7300.63    0.110
        0.43    27384.44      -16.52     6274.26     6971.40    0.102
        0.39    30174.08      -17.14     6066.68     6740.76    0.090
        0.35    33596.55      -17.82     5917.42     6574.91    0.076
        0.31    37894.74      -18.59     5782.02     6424.46    0.062
        0.27    43454.04      -19.46     5635.54     6261.72    0.050
        0.23    50924.92      -20.47     5489.07     6098.97    0.037

         En consv. check   0.193D-13


      NPK        ABS      ESC      event      no event            out of rg

     90000     54124     35876     20244     15632         0         0


                         No. pkts   =   90000
                         Esc to inf =   35876
                         No line ev =       0
  PW(2)=    34189.154761142519       RQ(JS,5)=    34189.154761142519     
  TB=   10951.871414973213       CLP=  2.93269885851057243E-005  CL=  2.92490413110927241E-005

     JP       LP       KP        KJ         L        NUJ        BT        NPK

  1.84099  0.74418  0.61167  0.284E+00   1.15551  0.924E+15   0.0398   1 1.393E+05
  1.54061  0.74793  0.52783  0.274E+00   1.14097  0.913E+15   0.0415   2 1.307E+05
  1.30071  0.74691  0.44906  0.262E+00   1.12566  0.903E+15   0.0433   3 1.219E+05
  1.07253  0.75021  0.37358  0.259E+00   1.10905  0.895E+15   0.0453   4 1.114E+05
  0.84387  0.76274  0.29689  0.246E+00   1.08970  0.880E+15   0.0475   5 9.787E+04
  0.62400  0.78526  0.22166  0.235E+00   1.06778  0.860E+15   0.0499   6 8.134E+04
  0.41877  0.81940  0.15946  0.203E+00   1.04728  0.818E+15   0.0525   7 6.494E+04
  0.29887  0.83624  0.12298  0.177E+00   1.03410  0.789E+15   0.0555   8 5.542E+04
  0.22351  0.84302  0.10070  0.157E+00   1.02569  0.759E+15   0.0588   9 5.016E+04
  0.17377  0.84292  0.08346  0.128E+00   1.01882  0.730E+15   0.0625  10 4.626E+04
  0.13387  0.84193  0.06967  0.107E+00   1.01317  0.702E+15   0.0667  11 4.316E+04
  0.09769  0.84427  0.05769  0.765E-01   1.00810  0.649E+15   0.0715  12 4.006E+04
  0.07527  0.83907  0.04839  0.631E-01   1.00475  0.622E+15   0.0771  13 3.829E+04
  0.05742  0.83232  0.04044  0.344E-01   1.00235  0.582E+15   0.0836  14 3.703E+04
  0.04410  0.82194  0.03362  0.191E-01   1.00100  0.554E+15   0.0913  15 3.632E+04
  0.03416  0.80678  0.02755  0.854E-02   1.00035  0.537E+15   0.1006  16 3.601E+04
  0.02613  0.78724  0.02204  0.496E-02   1.00013  0.525E+15   0.1121  17 3.592E+04
  0.01947  0.76247  0.01705  0.374E-02   1.00004  0.513E+15   0.1264  18 3.589E+04
  0.01395  0.73073  0.01260  0.282E-02   1.00000  0.501E+15   0.1449  19 3.588E+04
  0.00945  0.68889  0.00875  0.231E-02   1.00000  0.485E+15   0.1699  20 3.588E+04
                                         1.00266

     Scale:  L = 42.633     L+ = 43.053

               TB1 = 10944.6          Log EP0 = 38.098857
  TEMP IT no:          30

     0.2    -24.1770      0.3799   T* =  8592.3   TB = 10944.6

        XS        VS          LOG RH       TE          TR         W

        0.98    11935.73      -12.96    10422.16    11580.17    0.552
        0.94    12436.89      -13.03    10303.84    11448.71    0.492
        0.90    12981.97      -13.04    10185.52    11317.24    0.432
        0.86    13577.02      -13.05    10060.85    11178.72    0.372
        0.82    14229.25      -13.06     9894.86    10994.28    0.313
        0.78    14947.30      -13.11     9631.91    10702.12    0.256
        0.74    15741.68      -13.39     9271.75    10301.94    0.208
        0.70    16625.22      -13.77     8902.10     9891.22    0.174
        0.66    17613.85      -14.04     8553.25     9503.61    0.152
        0.62    18727.49      -14.31     8207.57     9119.53    0.137
        0.59    19991.46      -14.59     7814.11     8682.34    0.127
        0.55    21438.39      -14.96     7372.21     8191.34    0.120
        0.51    23111.11      -15.43     6964.42     7738.24    0.115
        0.47    25066.95      -15.95     6593.88     7326.54    0.109
        0.43    27384.44      -16.52     6283.55     6981.72    0.102
        0.39    30174.08      -17.14     6070.66     6745.17    0.090
        0.35    33596.55      -17.82     5918.03     6575.59    0.076
        0.31    37894.74      -18.59     5781.75     6424.17    0.062
        0.27    43454.04      -19.46     5634.76     6260.84    0.050
        0.23    50924.92      -20.47     5487.76     6097.51    0.037

         En consv. check  -0.973D-14


      NPK        ABS      ESC      event      no event            out of rg

     90000     54353     35647     20003     15644         0         0


                         No. pkts   =   90000
                         Esc to inf =   35647
                         No line ev =       0
  PW(2)=    33996.622417285478       RQ(JS,5)=    33996.673570065053     
  TB=   10944.586992527302       CLP=  2.92490413110926631E-005  CL=  2.94146425219826742E-005

     JP       LP       KP        KJ         L        NUJ        BT        NPK

  1.86117  0.74039  0.61833  0.286E+00   1.15616  0.924E+15   0.0398   1 1.402E+05
  1.55999  0.74367  0.53204  0.279E+00   1.14113  0.915E+15   0.0415   2 1.313E+05
  1.30016  0.74627  0.44993  0.266E+00   1.12510  0.906E+15   0.0433   3 1.214E+05
  1.07980  0.74762  0.37533  0.255E+00   1.10866  0.891E+15   0.0453   4 1.114E+05
  0.85299  0.75925  0.29931  0.250E+00   1.08944  0.887E+15   0.0475   5 9.833E+04
  0.61254  0.78807  0.22001  0.231E+00   1.06632  0.857E+15   0.0499   6 8.016E+04
  0.41361  0.82051  0.15977  0.206E+00   1.04654  0.827E+15   0.0525   7 6.448E+04
  0.30165  0.83420  0.12277  0.183E+00   1.03321  0.794E+15   0.0555   8 5.482E+04
  0.22104  0.84365  0.10080  0.150E+00   1.02505  0.754E+15   0.0588   9 4.969E+04
  0.16953  0.84507  0.08353  0.131E+00   1.01831  0.726E+15   0.0625  10 4.569E+04
  0.12840  0.84576  0.06914  0.104E+00   1.01234  0.688E+15   0.0667  11 4.226E+04
  0.10450  0.83742  0.05771  0.691E-01   1.00775  0.681E+15   0.0715  12 3.970E+04
  0.07428  0.84004  0.04834  0.545E-01   1.00447  0.613E+15   0.0771  13 3.787E+04
  0.05691  0.83296  0.04040  0.300E-01   1.00214  0.580E+15   0.0836  14 3.665E+04
  0.04403  0.82196  0.03367  0.182E-01   1.00097  0.555E+15   0.0913  15 3.607E+04
  0.03422  0.80653  0.02760  0.987E-02   1.00040  0.540E+15   0.1006  16 3.581E+04
  0.02613  0.78712  0.02207  0.463E-02   1.00013  0.526E+15   0.1121  17 3.569E+04
  0.01945  0.76251  0.01706  0.344E-02   1.00002  0.514E+15   0.1264  18 3.565E+04
  0.01394  0.73073  0.01261  0.279E-02   1.00000  0.502E+15   0.1449  19 3.565E+04
  0.00945  0.68890  0.00876  0.202E-02   1.00000  0.486E+15   0.1699  20 3.565E+04
                                         0.99437

     Scale:  L = 42.633     L+ = 43.056

               TB1 = 10960.0          Log EP0 = 38.101309

         En consv. check   0.227D-14


      NPK        ABS      ESC      event      no event            out of rg

     90000     54510     35490     19757     15733         0         0


                         No. pkts   =   90000
                         Esc to inf =   35490
                         No line ev =       0
  PW(2)=    33870.262554268862       RQ(JS,5)=    33870.525525918609     
  TB=   10960.049753737934       CLP=  2.94146867805181026E-005  CL=  2.95241949887897060E-005

     JP       LP       KP        KJ         L        NUJ        BT        NPK

  1.88503  0.73619  0.62110  0.284E+00   1.15638  0.927E+15   0.0398   1 1.402E+05
  1.56680  0.74215  0.53437  0.280E+00   1.14132  0.921E+15   0.0415   2 1.314E+05
  1.32141  0.74154  0.45455  0.268E+00   1.12587  0.912E+15   0.0433   3 1.221E+05
  1.07567  0.74836  0.37643  0.257E+00   1.10866  0.895E+15   0.0453   4 1.113E+05
  0.86889  0.75453  0.30239  0.245E+00   1.09004  0.884E+15   0.0475   5 9.889E+04
  0.60983  0.78866  0.22064  0.220E+00   1.06624  0.850E+15   0.0499   6 7.985E+04
  0.42736  0.81495  0.16135  0.210E+00   1.04680  0.829E+15   0.0525   7 6.503E+04
  0.29103  0.83862  0.12238  0.173E+00   1.03270  0.784E+15   0.0555   8 5.431E+04
  0.22168  0.84297  0.10004  0.153E+00   1.02430  0.757E+15   0.0588   9 4.913E+04
  0.16704  0.84638  0.08271  0.128E+00   1.01750  0.720E+15   0.0625  10 4.497E+04
  0.12815  0.84576  0.06913  0.103E+00   1.01214  0.686E+15   0.0667  11 4.198E+04
  0.09667  0.84474  0.05758  0.708E-01   1.00748  0.648E+15   0.0715  12 3.935E+04
  0.07384  0.84040  0.04808  0.468E-01   1.00399  0.608E+15   0.0771  13 3.747E+04
  0.05642  0.83360  0.04038  0.298E-01   1.00200  0.575E+15   0.0836  14 3.641E+04
  0.04413  0.82170  0.03363  0.165E-01   1.00083  0.555E+15   0.0913  15 3.586E+04
  0.03403  0.80698  0.02758  0.771E-02   1.00030  0.535E+15   0.1006  16 3.559E+04
  0.02609  0.78723  0.02207  0.518E-02   1.00010  0.524E+15   0.1121  17 3.553E+04
  0.01945  0.76247  0.01706  0.378E-02   1.00001  0.513E+15   0.1264  18 3.549E+04
  0.01394  0.73072  0.01261  0.308E-02   1.00000  0.501E+15   0.1449  19 3.549E+04
  0.00945  0.68888  0.00876  0.249E-02   1.00000  0.485E+15   0.1699  20 3.549E+04
                                         0.99629

     Scale:  L = 42.633     L+ = 43.057

               TB1 = 10970.3          Log EP0 = 38.102926

         En consv. check   0.113D-13


      NPK        ABS      ESC      event      no event            out of rg

     90000     54160     35840     20141     15699         0         0


                         No. pkts   =   90000
                         Esc to inf =   35840
                         No line ev =       0
  PW(2)=    34182.328934464582       RQ(JS,5)=    34182.328934464582     
  TB=   10970.257654259387       CLP=  2.95244242171945015E-005  CL=  2.92548820157114185E-005

     JP       LP       KP        KJ         L        NUJ        BT        NPK

  1.84994  0.74162  0.61197  0.288E+00   1.15448  0.931E+15   0.0398   1 1.395E+05
  1.54612  0.74584  0.52424  0.275E+00   1.13924  0.917E+15   0.0415   2 1.303E+05
  1.29607  0.74693  0.44725  0.265E+00   1.12431  0.904E+15   0.0433   3 1.214E+05
  1.07393  0.74891  0.37556  0.257E+00   1.10858  0.899E+15   0.0453   4 1.121E+05
  0.83351  0.76477  0.29483  0.247E+00   1.08824  0.883E+15   0.0475   5 9.720E+04
  0.62033  0.78571  0.22197  0.238E+00   1.06714  0.867E+15   0.0499   6 8.134E+04
  0.41819  0.81888  0.16022  0.208E+00   1.04682  0.832E+15   0.0525   7 6.518E+04
  0.29469  0.83740  0.12298  0.180E+00   1.03339  0.794E+15   0.0555   8 5.526E+04
  0.22288  0.84274  0.10023  0.150E+00   1.02481  0.754E+15   0.0588   9 4.976E+04
  0.16985  0.84492  0.08295  0.135E+00   1.01799  0.732E+15   0.0625  10 4.570E+04
  0.13054  0.84416  0.06921  0.113E+00   1.01246  0.700E+15   0.0667  11 4.264E+04
  0.09766  0.84404  0.05764  0.735E-01   1.00777  0.652E+15   0.0715  12 3.991E+04
  0.07396  0.84045  0.04827  0.529E-01   1.00441  0.612E+15   0.0771  13 3.806E+04
  0.05717  0.83257  0.04045  0.328E-01   1.00223  0.583E+15   0.0836  14 3.693E+04
  0.04423  0.82157  0.03363  0.211E-01   1.00091  0.560E+15   0.0913  15 3.625E+04
  0.03409  0.80689  0.02757  0.863E-02   1.00032  0.539E+15   0.1006  16 3.596E+04
  0.02612  0.78718  0.02206  0.478E-02   1.00013  0.527E+15   0.1121  17 3.589E+04
  0.01945  0.76253  0.01706  0.368E-02   1.00002  0.515E+15   0.1264  18 3.584E+04
  0.01395  0.73073  0.01261  0.275E-02   1.00000  0.503E+15   0.1449  19 3.584E+04
  0.00945  0.68890  0.00876  0.239E-02   1.00000  0.487E+15   0.1699  20 3.584E+04
                                         1.00921

     Scale:  L = 42.633     L+ = 43.053

               TB1 = 10945.1          Log EP0 = 38.098943

         En consv. check   0.758D-15


      NPK        ABS      ESC      event      no event            out of rg

     90000     54149     35851     20079     15772         0         0


                         No. pkts   =   90000
                         Esc to inf =   35851
                         No line ev =       0
  PW(2)=    34190.053620246348       RQ(JS,5)=    34190.053620246348     
  TB=   10945.133329352719       CLP=  2.92548820157111406E-005  CL=  2.92482723515773988E-005

     JP       LP       KP        KJ         L        NUJ        BT        NPK

  1.82552  0.74564  0.60935  0.287E+00   1.15402  0.928E+15   0.0398   1 1.388E+05
  1.54791  0.74553  0.52286  0.285E+00   1.13900  0.926E+15   0.0415   2 1.299E+05
  1.30160  0.74583  0.44540  0.270E+00   1.12399  0.904E+15   0.0433   3 1.210E+05
  1.07140  0.74970  0.37243  0.266E+00   1.10798  0.900E+15   0.0453   4 1.111E+05
  0.83992  0.76311  0.29672  0.244E+00   1.08891  0.878E+15   0.0475   5 9.786E+04
  0.61712  0.78684  0.22190  0.229E+00   1.06720  0.853E+15   0.0499   6 8.125E+04
  0.42306  0.81711  0.15953  0.200E+00   1.04662  0.818E+15   0.0525   7 6.487E+04
  0.29769  0.83615  0.12263  0.177E+00   1.03332  0.786E+15   0.0555   8 5.510E+04
  0.22117  0.84374  0.09991  0.150E+00   1.02474  0.751E+15   0.0588   9 4.955E+04
  0.16841  0.84595  0.08283  0.124E+00   1.01801  0.717E+15   0.0625  10 4.575E+04
  0.12841  0.84593  0.06930  0.105E+00   1.01264  0.688E+15   0.0667  11 4.259E+04
  0.10753  0.83462  0.05788  0.761E-01   1.00802  0.673E+15   0.0715  12 4.010E+04
  0.07387  0.84058  0.04825  0.539E-01   1.00441  0.609E+15   0.0771  13 3.810E+04
  0.05700  0.83287  0.04037  0.335E-01   1.00213  0.577E+15   0.0836  14 3.690E+04
  0.04402  0.82203  0.03362  0.186E-01   1.00093  0.552E+15   0.0913  15 3.625E+04
  0.03419  0.80664  0.02757  0.102E-01   1.00035  0.535E+15   0.1006  16 3.599E+04
  0.02609  0.78733  0.02205  0.445E-02   1.00010  0.522E+15   0.1121  17 3.588E+04
  0.01945  0.76251  0.01705  0.374E-02   1.00002  0.511E+15   0.1264  18 3.586E+04
  0.01395  0.73071  0.01260  0.281E-02   1.00000  0.499E+15   0.1449  19 3.585E+04
  0.00945  0.68890  0.00876  0.243E-02   1.00000  0.483E+15   0.1699  20 3.585E+04
                                         1.00023

     Scale:  L = 42.633     L+ = 43.053

               TB1 = 10944.5          Log EP0 = 38.098845
     POWER:   0.3419E+05    INPUT FLUX:   0.9524E-10    INT. FLUX:  0.8684E-10

UNREDD. MAGS: U=    13.397 B=    13.639 V=    13.638 R=    13.386
UNREDD. COL.: U-B = -0.242 B-V =  0.001 V-R =  0.252

REDD. MAGS:   U=    15.281 B=    15.187 V=    14.824 R=    14.366
REDD. COL.:   U-B =  0.094 B-V =  0.363 V-R =  0.458

ABS. MAG:     U =  -18.043 B =  -17.801 V =  -17.802
MBol =  13.565  Bol. Corr. =  -0.073  (MBol)o= -17.875
