        1     Ntot =  0.107D+11     Ne =  0.238D+11
        2     Ntot =  0.955D+10     Ne =  0.213D+11
        3     Ntot =  0.861D+10     Ne =  0.191D+11
        4     Ntot =  0.775D+10     Ne =  0.172D+11
        5     Ntot =  0.700D+10     Ne =  0.155D+11
        6     Ntot =  0.638D+10     Ne =  0.141D+11
        7     Ntot =  0.561D+10     Ne =  0.123D+11
        8     Ntot =  0.464D+10     Ne =  0.101D+11
        9     Ntot =  0.371D+10     Ne =  0.802D+10
       10     Ntot =  0.283D+10     Ne =  0.596D+10
       11     Ntot =  0.273D+10     Ne =  0.522D+10
       12     Ntot =  0.261D+10     Ne =  0.394D+10
       13     Ntot =  0.211D+10     Ne =  0.281D+10
       14     Ntot =  0.570D+09     Ne =  0.753D+09
       15     Ntot =  0.217D+09     Ne =  0.285D+09
       16     Ntot =  0.829D+08     Ne =  0.109D+09
       17     Ntot =  0.211D+08     Ne =  0.274D+08
       18     Ntot =  0.360D+07     Ne =  0.466D+07
       19     Ntot =  0.482D+06     Ne =  0.625D+06
       20     Ntot =  0.469D+05     Ne =  0.609D+05

  6   C                                       I           II          III         IV   
    0.98   7855.1  -12.4488  0.238D+11     0.9210D-12  0.1073D-03  0.9488D+00  0.5108D-01
    0.94   8185.0  -12.4966  0.213D+11     0.1117D-11  0.1245D-03  0.9585D+00  0.4133D-01
    0.90   8543.7  -12.5415  0.191D+11     0.1402D-11  0.1477D-03  0.9677D+00  0.3211D-01
    0.86   8935.3  -12.5870  0.172D+11     0.1780D-11  0.1771D-03  0.9761D+00  0.2373D-01
    0.82   9364.5  -12.6315  0.155D+11     0.2264D-11  0.2125D-03  0.9827D+00  0.1710D-01
    0.78   9837.1  -12.6719  0.141D+11     0.2836D-11  0.2517D-03  0.9876D+00  0.1211D-01
    0.74  10359.9  -12.7279  0.123D+11     0.3257D-11  0.2854D-03  0.9912D+00  0.8492D-02
    0.70  10941.4  -12.8104  0.101D+11     0.3790D-11  0.3336D-03  0.9946D+00  0.5077D-02
    0.66  11592.0  -12.9070  0.802D+10     0.5015D-11  0.4309D-03  0.9972D+00  0.2385D-02
    0.62  12324.9  -13.0252  0.596D+10     0.7549D-11  0.6190D-03  0.9985D+00  0.8666D-03
    0.59  13156.8  -13.0399  0.522D+10     0.2793D-10  0.1532D-02  0.9983D+00  0.1347D-03
    0.55  14109.0  -13.0602  0.394D+10     0.1931D-09  0.6026D-02  0.9940D+00  0.7876D-05
    0.51  15209.9  -13.1519  0.281D+10     0.3348D-08  0.4395D-01  0.9560D+00  0.1269D-06
    0.47  16497.1  -13.7203  0.753D+09     0.1477D-07  0.1732D+00  0.8268D+00  0.2150D-08
    0.43  18022.2  -14.1409  0.285D+09     0.7996D-07  0.5872D+00  0.4128D+00  0.1510D-10
    0.39  19858.2  -14.5579  0.109D+09     0.2141D-06  0.9199D+00  0.8010D-01  0.3388D-13
    0.35  22110.6  -15.1523  0.274D+08     0.2873D-06  0.9873D+00  0.1273D-01  0.6220D-16
    0.31  24939.3  -15.9202  0.466D+07     0.1890D-06  0.9952D+00  0.4829D-02  0.9412D-18
    0.27  28598.0  -16.7933  0.625D+06     0.6634D-07  0.9947D+00  0.5281D-02  0.1994D-18
    0.23  33514.7  -17.8053  0.609D+05     0.1876D-07  0.9935D+00  0.6535D-02  0.4331D-19

  8   O                                       I           II          III         IV   
    0.98   7855.1  -12.4488  0.238D+11     0.3856D-09  0.1021D-01  0.9896D+00  0.1836D-03
    0.94   8185.0  -12.4966  0.213D+11     0.5107D-09  0.1220D-01  0.9877D+00  0.1444D-03
    0.90   8543.7  -12.5415  0.191D+11     0.7104D-09  0.1503D-01  0.9849D+00  0.1091D-03
    0.86   8935.3  -12.5870  0.172D+11     0.1016D-08  0.1903D-01  0.9809D+00  0.7794D-04
    0.82   9364.5  -12.6315  0.155D+11     0.1473D-08  0.2436D-01  0.9756D+00  0.5472D-04
    0.78   9837.1  -12.6719  0.141D+11     0.2115D-08  0.3110D-01  0.9689D+00  0.3812D-04
    0.74  10359.9  -12.7279  0.123D+11     0.2811D-08  0.3865D-01  0.9613D+00  0.2638D-04
    0.70  10941.4  -12.8104  0.101D+11     0.3953D-08  0.5162D-01  0.9484D+00  0.1509D-04
    0.66  11592.0  -12.9070  0.802D+10     0.6608D-08  0.7910D-01  0.9209D+00  0.6398D-05
    0.62  12324.9  -13.0252  0.596D+10     0.1302D-07  0.1382D+00  0.8618D+00  0.1923D-05
    0.59  13156.8  -13.0399  0.522D+10     0.5836D-07  0.3721D+00  0.6279D+00  0.1727D-06
    0.55  14109.0  -13.0602  0.394D+10     0.2646D-06  0.8150D+00  0.1850D+00  0.2004D-08
    0.51  15209.9  -13.1519  0.281D+10     0.9513D-06  0.9882D+00  0.1182D-01  0.1191D-11
    0.47  16497.1  -13.7203  0.753D+09     0.1392D-05  0.9991D+00  0.8630D-03  0.8228D-15
    0.43  18022.2  -14.1409  0.285D+09     0.2895D-05  0.1000D+01  0.4133D-04  0.2588D-18
    0.39  19858.2  -14.5579  0.109D+09     0.6614D-05  0.1000D+01  0.1601D-05  0.5156D-22
    0.35  22110.6  -15.1523  0.274D+08     0.1138D-04  0.1000D+01  0.6895D-07  0.1088D-25
    0.31  24939.3  -15.9202  0.466D+07     0.9551D-05  0.1000D+01  0.8926D-08  0.2786D-28
    0.27  28598.0  -16.7933  0.625D+06     0.3857D-05  0.1000D+01  0.4288D-08  0.1614D-29
    0.23  33514.7  -17.8053  0.609D+05     0.1260D-05  0.1000D+01  0.2099D-08  0.8228D-31

 12   MG                                      I           II          III         IV   
    0.98   7855.1  -12.4488  0.238D+11     0.3501D-15  0.1002D-06  0.1000D+01  0.3008D-09
    0.94   8185.0  -12.4966  0.213D+11     0.4221D-15  0.1151D-06  0.1000D+01  0.2244D-09
    0.90   8543.7  -12.5415  0.191D+11     0.5434D-15  0.1376D-06  0.1000D+01  0.1609D-09
    0.86   8935.3  -12.5870  0.172D+11     0.7126D-15  0.1672D-06  0.1000D+01  0.1062D-09
    0.82   9364.5  -12.6315  0.155D+11     0.1001D-14  0.2114D-06  0.1000D+01  0.6960D-10
    0.78   9837.1  -12.6719  0.141D+11     0.1499D-14  0.2766D-06  0.1000D+01  0.4580D-10
    0.74  10359.9  -12.7279  0.123D+11     0.2171D-14  0.3580D-06  0.1000D+01  0.2933D-10
    0.70  10941.4  -12.8104  0.101D+11     0.3114D-14  0.4734D-06  0.1000D+01  0.1394D-10
    0.66  11592.0  -12.9070  0.802D+10     0.4592D-14  0.6546D-06  0.1000D+01  0.4278D-11
    0.62  12324.9  -13.0252  0.596D+10     0.6779D-14  0.9362D-06  0.1000D+01  0.8135D-12
    0.59  13156.8  -13.0399  0.522D+10     0.1917D-13  0.1991D-05  0.1000D+01  0.4223D-13
    0.55  14109.0  -13.0602  0.394D+10     0.7432D-13  0.5516D-05  0.1000D+01  0.4109D-15
    0.51  15209.9  -13.1519  0.281D+10     0.5586D-12  0.2341D-04  0.1000D+01  0.5088D-18
    0.47  16497.1  -13.7203  0.753D+09     0.8989D-12  0.4742D-04  0.1000D+01  0.4199D-21
    0.43  18022.2  -14.1409  0.285D+09     0.2448D-11  0.1219D-03  0.9999D+00  0.2260D-24
    0.39  19858.2  -14.5579  0.109D+09     0.6175D-11  0.3050D-03  0.9997D+00  0.7958D-28
    0.35  22110.6  -15.1523  0.274D+08     0.8155D-11  0.5651D-03  0.9994D+00  0.2081D-31
    0.31  24939.3  -15.9202  0.466D+07     0.3808D-11  0.5685D-03  0.9994D+00  0.3537D-34
    0.27  28598.0  -16.7933  0.625D+06     0.7015D-12  0.3154D-03  0.9997D+00  0.7868D-36
    0.23  33514.7  -17.8053  0.609D+05     0.9267D-13  0.1512D-03  0.9998D+00  0.1269D-37

 14   SI                                      I           II          III         IV   
    0.98   7855.1  -12.4488  0.238D+11     0.2986D-17  0.1176D-08  0.2154D-02  0.9194D+00
    0.94   8185.0  -12.4966  0.213D+11     0.4203D-17  0.1684D-08  0.2653D-02  0.9336D+00
    0.90   8543.7  -12.5415  0.191D+11     0.6479D-17  0.2593D-08  0.3395D-02  0.9468D+00
    0.86   8935.3  -12.5870  0.172D+11     0.1051D-16  0.4182D-08  0.4487D-02  0.9585D+00
    0.82   9364.5  -12.6315  0.155D+11     0.1830D-16  0.7136D-08  0.6095D-02  0.9671D+00
    0.78   9837.1  -12.6719  0.141D+11     0.3377D-16  0.1268D-07  0.8453D-02  0.9726D+00
    0.74  10359.9  -12.7279  0.123D+11     0.5888D-16  0.2186D-07  0.1168D-01  0.9750D+00
    0.70  10941.4  -12.8104  0.101D+11     0.1115D-15  0.4185D-07  0.1775D-01  0.9742D+00
    0.66  11592.0  -12.9070  0.802D+10     0.2569D-15  0.9654D-07  0.3119D-01  0.9650D+00
    0.62  12324.9  -13.0252  0.596D+10     0.7025D-15  0.2641D-06  0.6280D-01  0.9358D+00
    0.59  13156.8  -13.0399  0.522D+10     0.6535D-14  0.1814D-05  0.2104D+00  0.7894D+00
    0.55  14109.0  -13.0602  0.394D+10     0.8428D-13  0.1563D-04  0.6727D+00  0.3273D+00
    0.51  15209.9  -13.1519  0.281D+10     0.9650D-12  0.9360D-04  0.9747D+00  0.2516D-01
    0.47  16497.1  -13.7203  0.753D+09     0.1715D-11  0.1967D-03  0.9977D+00  0.2061D-02
    0.43  18022.2  -14.1409  0.285D+09     0.5541D-11  0.5589D-03  0.9993D+00  0.1241D-03
    0.39  19858.2  -14.5579  0.109D+09     0.1888D-10  0.1702D-02  0.9983D+00  0.6801D-05
    0.35  22110.6  -15.1523  0.274D+08     0.3434D-10  0.3957D-02  0.9960D+00  0.4249D-06
    0.31  24939.3  -15.9202  0.466D+07     0.1796D-10  0.4470D-02  0.9955D+00  0.6921D-07
    0.27  28598.0  -16.7933  0.625D+06     0.2845D-11  0.2377D-02  0.9976D+00  0.3530D-07
    0.23  33514.7  -17.8053  0.609D+05     0.3012D-12  0.1050D-02  0.9989D+00  0.1801D-07

 16   S                                       I           II          III         IV   
    0.98   7855.1  -12.4488  0.238D+11     0.4558D-15  0.1304D-06  0.1707D-01  0.9757D+00
    0.94   8185.0  -12.4966  0.213D+11     0.6693D-15  0.1809D-06  0.2079D-01  0.9735D+00
    0.90   8543.7  -12.5415  0.191D+11     0.1063D-14  0.2662D-06  0.2628D-01  0.9693D+00
    0.86   8935.3  -12.5870  0.172D+11     0.1770D-14  0.4088D-06  0.3431D-01  0.9625D+00
    0.82   9364.5  -12.6315  0.155D+11     0.3059D-14  0.6449D-06  0.4589D-01  0.9519D+00
    0.78   9837.1  -12.6719  0.141D+11     0.5353D-14  0.1023D-05  0.6236D-01  0.9361D+00
    0.74  10359.9  -12.7279  0.123D+11     0.8571D-14  0.1541D-05  0.8402D-01  0.9149D+00
    0.70  10941.4  -12.8104  0.101D+11     0.1501D-13  0.2576D-05  0.1229D+00  0.8765D+00
    0.66  11592.0  -12.9070  0.802D+10     0.3289D-13  0.5256D-05  0.2008D+00  0.7989D+00
    0.62  12324.9  -13.0252  0.596D+10     0.8536D-13  0.1248D-04  0.3470D+00  0.6529D+00
    0.59  13156.8  -13.0399  0.522D+10     0.6065D-12  0.5702D-04  0.6864D+00  0.3135D+00
    0.55  14109.0  -13.0602  0.394D+10     0.5444D-11  0.2792D-03  0.9470D+00  0.5274D-01
    0.51  15209.9  -13.1519  0.281D+10     0.9325D-10  0.1925D-02  0.9954D+00  0.2693D-02
    0.47  16497.1  -13.7203  0.753D+09     0.4130D-09  0.7420D-02  0.9924D+00  0.1922D-03
    0.43  18022.2  -14.1409  0.285D+09     0.3647D-08  0.4152D-01  0.9585D+00  0.9822D-05
    0.39  19858.2  -14.5579  0.109D+09     0.3250D-07  0.2298D+00  0.7702D+00  0.3745D-06
    0.35  22110.6  -15.1523  0.274D+08     0.1019D-06  0.6314D+00  0.3686D+00  0.9622D-08
    0.31  24939.3  -15.9202  0.466D+07     0.7934D-07  0.7997D+00  0.2003D+00  0.7558D-09
    0.27  28598.0  -16.7933  0.625D+06     0.2681D-07  0.7692D+00  0.2308D+00  0.4116D-09
    0.23  33514.7  -17.8053  0.609D+05     0.7046D-08  0.7090D+00  0.2910D+00  0.2440D-09

 20   CA                                      I           II          III         IV   
    0.98   7855.1  -12.4488  0.238D+11     0.2667D-16  0.3908D-07  0.9739D+00  0.2614D-01
    0.94   8185.0  -12.4966  0.213D+11     0.3185D-16  0.4431D-07  0.9792D+00  0.2081D-01
    0.90   8543.7  -12.5415  0.191D+11     0.4042D-16  0.5205D-07  0.9841D+00  0.1592D-01
    0.86   8935.3  -12.5870  0.172D+11     0.5189D-16  0.6173D-07  0.9884D+00  0.1155D-01
    0.82   9364.5  -12.6315  0.155D+11     0.7076D-16  0.7569D-07  0.9918D+00  0.8203D-02
    0.78   9837.1  -12.6719  0.141D+11     0.1018D-15  0.9530D-07  0.9943D+00  0.5747D-02
    0.74  10359.9  -12.7279  0.123D+11     0.1392D-15  0.1169D-06  0.9960D+00  0.3989D-02
    0.70  10941.4  -12.8104  0.101D+11     0.1824D-15  0.1417D-06  0.9977D+00  0.2328D-02
    0.66  11592.0  -12.9070  0.802D+10     0.2374D-15  0.1731D-06  0.9990D+00  0.1047D-02
    0.62  12324.9  -13.0252  0.596D+10     0.2977D-15  0.2102D-06  0.9996D+00  0.3561D-03
    0.59  13156.8  -13.0399  0.522D+10     0.6668D-15  0.3543D-06  0.1000D+01  0.4948D-04
    0.55  14109.0  -13.0602  0.394D+10     0.1790D-14  0.6934D-06  0.1000D+01  0.2420D-05
    0.51  15209.9  -13.1519  0.281D+10     0.7668D-14  0.1810D-05  0.1000D+01  0.3125D-07
    0.47  16497.1  -13.7203  0.753D+09     0.6252D-14  0.2133D-05  0.1000D+01  0.4484D-09
    0.43  18022.2  -14.1409  0.285D+09     0.9119D-14  0.3424D-05  0.1000D+01  0.4579D-11
    0.39  19858.2  -14.5579  0.109D+09     0.1313D-13  0.5718D-05  0.1000D+01  0.3772D-13
    0.35  22110.6  -15.1523  0.274D+08     0.9651D-14  0.7031D-05  0.1000D+01  0.3032D-15
    0.31  24939.3  -15.9202  0.466D+07     0.2514D-14  0.4701D-05  0.1000D+01  0.8971D-17
    0.27  28598.0  -16.7933  0.625D+06     0.2620D-15  0.1736D-05  0.1000D+01  0.1418D-17
    0.23  33514.7  -17.8053  0.609D+05     0.1761D-16  0.5130D-06  0.1000D+01  0.1990D-18

 22   TI                                      I           II          III         IV   
    0.98   7855.1  -12.4488  0.238D+11     0.9155D-20  0.2277D-10  0.3154D-03  0.9565D+00
    0.94   8185.0  -12.4966  0.213D+11     0.1367D-19  0.3154D-10  0.3802D-03  0.9645D+00
    0.90   8543.7  -12.5415  0.191D+11     0.2263D-19  0.4698D-10  0.4750D-03  0.9720D+00
    0.86   8935.3  -12.5870  0.172D+11     0.3912D-19  0.7261D-10  0.6080D-03  0.9787D+00
    0.82   9364.5  -12.6315  0.155D+11     0.7419D-19  0.1192D-09  0.7983D-03  0.9840D+00
    0.78   9837.1  -12.6719  0.141D+11     0.1516D-18  0.2044D-09  0.1065D-02  0.9879D+00
    0.74  10359.9  -12.7279  0.123D+11     0.2914D-18  0.3371D-09  0.1397D-02  0.9906D+00
    0.70  10941.4  -12.8104  0.101D+11     0.5832D-18  0.5906D-09  0.1941D-02  0.9930D+00
    0.66  11592.0  -12.9070  0.802D+10     0.1324D-17  0.1179D-08  0.3000D-02  0.9944D+00
    0.62  12324.9  -13.0252  0.596D+10     0.3312D-17  0.2656D-08  0.5162D-02  0.9938D+00
    0.59  13156.8  -13.0399  0.522D+10     0.2731D-16  0.1497D-07  0.1545D-01  0.9844D+00
    0.55  14109.0  -13.0602  0.394D+10     0.4717D-15  0.1657D-06  0.7388D-01  0.9261D+00
    0.51  15209.9  -13.1519  0.281D+10     0.1813D-13  0.3367D-05  0.4558D+00  0.5442D+00
    0.47  16497.1  -13.7203  0.753D+09     0.4037D-13  0.9566D-05  0.8430D+00  0.1569D+00
    0.43  18022.2  -14.1409  0.285D+09     0.9716D-13  0.2296D-04  0.9798D+00  0.2021D-01
    0.39  19858.2  -14.5579  0.109D+09     0.2003D-12  0.4998D-04  0.9979D+00  0.2026D-02
    0.35  22110.6  -15.1523  0.274D+08     0.2079D-12  0.7945D-04  0.9997D+00  0.2395D-03
    0.31  24939.3  -15.9202  0.466D+07     0.7107D-13  0.6628D-04  0.9999D+00  0.6964D-04
    0.27  28598.0  -16.7933  0.625D+06     0.8883D-14  0.2913D-04  0.9999D+00  0.5662D-04
    0.23  33514.7  -17.8053  0.609D+05     0.7245D-15  0.1044D-04  0.9999D+00  0.4947D-04

 24   CR                                      I           II          III         IV   
    0.98   7855.1  -12.4488  0.238D+11     0.1201D-18  0.2435D-09  0.1780D-02  0.9884D+00
    0.94   8185.0  -12.4966  0.213D+11     0.1821D-18  0.3390D-09  0.2146D-02  0.9901D+00
    0.90   8543.7  -12.5415  0.191D+11     0.3069D-18  0.5080D-09  0.2683D-02  0.9913D+00
    0.86   8935.3  -12.5870  0.172D+11     0.5437D-18  0.7937D-09  0.3448D-02  0.9922D+00
    0.82   9364.5  -12.6315  0.155D+11     0.1059D-17  0.1317D-08  0.4551D-02  0.9924D+00
    0.78   9837.1  -12.6719  0.141D+11     0.2223D-17  0.2282D-08  0.6110D-02  0.9917D+00
    0.74  10359.9  -12.7279  0.123D+11     0.4424D-17  0.3819D-08  0.8095D-02  0.9904D+00
    0.70  10941.4  -12.8104  0.101D+11     0.9390D-17  0.6925D-08  0.1151D-01  0.9876D+00
    0.66  11592.0  -12.9070  0.802D+10     0.2328D-16  0.1468D-07  0.1845D-01  0.9811D+00
    0.62  12324.9  -13.0252  0.596D+10     0.6559D-16  0.3598D-07  0.3335D-01  0.9665D+00
    0.59  13156.8  -13.0399  0.522D+10     0.6241D-15  0.2238D-06  0.1035D+00  0.8965D+00
    0.55  14109.0  -13.0602  0.394D+10     0.1054D-13  0.2276D-05  0.4090D+00  0.5910D+00
    0.51  15209.9  -13.1519  0.281D+10     0.1842D-12  0.1937D-04  0.9028D+00  0.9720D-01
    0.47  16497.1  -13.7203  0.753D+09     0.3229D-12  0.3974D-04  0.9877D+00  0.1224D-01
    0.43  18022.2  -14.1409  0.285D+09     0.9022D-12  0.1028D-03  0.9989D+00  0.1006D-02
    0.39  19858.2  -14.5579  0.109D+09     0.2468D-11  0.2778D-03  0.9997D+00  0.7160D-04
    0.35  22110.6  -15.1523  0.274D+08     0.3539D-11  0.5739D-03  0.9994D+00  0.5912D-05
    0.31  24939.3  -15.9202  0.466D+07     0.1607D-11  0.6051D-03  0.9994D+00  0.1253D-05
    0.27  28598.0  -16.7933  0.625D+06     0.2496D-12  0.3179D-03  0.9997D+00  0.7988D-06
    0.23  33514.7  -17.8053  0.609D+05     0.2603D-13  0.1400D-03  0.9999D+00  0.5278D-06

 26   FE                                      I           II          III         IV   
    0.98   7855.1  -12.4488  0.238D+11     0.1006D-17  0.1568D-08  0.6977D-02  0.9920D+00
    0.94   8185.0  -12.4966  0.213D+11     0.1538D-17  0.2172D-08  0.8293D-02  0.9909D+00
    0.90   8543.7  -12.5415  0.191D+11     0.2615D-17  0.3231D-08  0.1018D-01  0.9892D+00
    0.86   8935.3  -12.5870  0.172D+11     0.4677D-17  0.5007D-08  0.1279D-01  0.9868D+00
    0.82   9364.5  -12.6315  0.155D+11     0.9189D-17  0.8203D-08  0.1634D-01  0.9833D+00
    0.78   9837.1  -12.6719  0.141D+11     0.1946D-16  0.1396D-07  0.2099D-01  0.9788D+00
    0.74  10359.9  -12.7279  0.123D+11     0.3907D-16  0.2290D-07  0.2625D-01  0.9736D+00
    0.70  10941.4  -12.8104  0.101D+11     0.8435D-16  0.4075D-07  0.3466D-01  0.9652D+00
    0.66  11592.0  -12.9070  0.802D+10     0.2150D-15  0.8531D-07  0.5114D-01  0.9488D+00
    0.62  12324.9  -13.0252  0.596D+10     0.6292D-15  0.2079D-06  0.8426D-01  0.9157D+00
    0.59  13156.8  -13.0399  0.522D+10     0.6010D-14  0.1231D-05  0.2233D+00  0.7767D+00
    0.55  14109.0  -13.0602  0.394D+10     0.8837D-13  0.1013D-04  0.6164D+00  0.3836D+00
    0.51  15209.9  -13.1519  0.281D+10     0.1450D-11  0.7332D-04  0.9524D+00  0.4749D-01
    0.47  16497.1  -13.7203  0.753D+09     0.3266D-11  0.1732D-03  0.9938D+00  0.5978D-02
    0.43  18022.2  -14.1409  0.285D+09     0.1114D-10  0.4968D-03  0.9990D+00  0.4871D-03
    0.39  19858.2  -14.5579  0.109D+09     0.3397D-10  0.1375D-02  0.9986D+00  0.3287D-04
    0.35  22110.6  -15.1523  0.274D+08     0.5332D-10  0.2830D-02  0.9972D+00  0.2544D-05
    0.31  24939.3  -15.9202  0.466D+07     0.2811D-10  0.3125D-02  0.9969D+00  0.5321D-06
    0.27  28598.0  -16.7933  0.625D+06     0.5531D-11  0.1871D-02  0.9981D+00  0.3571D-06
    0.23  33514.7  -17.8053  0.609D+05     0.7800D-12  0.9814D-03  0.9990D+00  0.2533D-06

 27   CO                                      I           II          III         IV   
    0.98   7855.1  -12.4488  0.238D+11     0.2117D-17  0.3037D-08  0.8979D-02  0.9907D+00
    0.94   8185.0  -12.4966  0.213D+11     0.3120D-17  0.4141D-08  0.1078D-01  0.9889D+00
    0.90   8543.7  -12.5415  0.191D+11     0.5031D-17  0.5996D-08  0.1338D-01  0.9864D+00
    0.86   8935.3  -12.5870  0.172D+11     0.8463D-17  0.9001D-08  0.1707D-01  0.9828D+00
    0.82   9364.5  -12.6315  0.155D+11     0.1512D-16  0.1394D-07  0.2218D-01  0.9777D+00
    0.78   9837.1  -12.6719  0.141D+11     0.2791D-16  0.2177D-07  0.2900D-01  0.9709D+00
    0.74  10359.9  -12.7279  0.123D+11     0.4712D-16  0.3186D-07  0.3711D-01  0.9628D+00
    0.70  10941.4  -12.8104  0.101D+11     0.8344D-16  0.4984D-07  0.5090D-01  0.9491D+00
    0.66  11592.0  -12.9070  0.802D+10     0.1754D-15  0.9228D-07  0.7907D-01  0.9209D+00
    0.62  12324.9  -13.0252  0.596D+10     0.4274D-15  0.2003D-06  0.1378D+00  0.8622D+00
    0.59  13156.8  -13.0399  0.522D+10     0.3240D-14  0.1004D-05  0.3624D+00  0.6376D+00
    0.55  14109.0  -13.0602  0.394D+10     0.2996D-13  0.5574D-05  0.7952D+00  0.2048D+00
    0.51  15209.9  -13.1519  0.281D+10     0.3055D-12  0.2716D-04  0.9846D+00  0.1534D-01
    0.47  16497.1  -13.7203  0.753D+09     0.5621D-12  0.5596D-04  0.9986D+00  0.1356D-02
    0.43  18022.2  -14.1409  0.285D+09     0.1915D-11  0.1644D-03  0.9998D+00  0.8049D-04
    0.39  19858.2  -14.5579  0.109D+09     0.7017D-11  0.5404D-03  0.9995D+00  0.3994D-05
    0.35  22110.6  -15.1523  0.274D+08     0.1391D-10  0.1381D-02  0.9986D+00  0.2250D-06
    0.31  24939.3  -15.9202  0.466D+07     0.7668D-11  0.1637D-02  0.9984D+00  0.3573D-07
    0.27  28598.0  -16.7933  0.625D+06     0.1220D-11  0.8562D-03  0.9991D+00  0.1930D-07
    0.23  33514.7  -17.8053  0.609D+05     0.1297D-12  0.3721D-03  0.9996D+00  0.1070D-07

 28   NI                                      I           II          III         IV   
    0.98   7855.1  -12.4488  0.238D+11     0.4607D-17  0.5777D-08  0.1290D-01  0.9868D+00
    0.94   8185.0  -12.4966  0.213D+11     0.6800D-17  0.8000D-08  0.1559D-01  0.9842D+00
    0.90   8543.7  -12.5415  0.191D+11     0.1099D-16  0.1182D-07  0.1951D-01  0.9803D+00
    0.86   8935.3  -12.5870  0.172D+11     0.1864D-16  0.1819D-07  0.2518D-01  0.9747D+00
    0.82   9364.5  -12.6315  0.155D+11     0.3363D-16  0.2909D-07  0.3312D-01  0.9668D+00
    0.78   9837.1  -12.6719  0.141D+11     0.6296D-16  0.4722D-07  0.4394D-01  0.9560D+00
    0.74  10359.9  -12.7279  0.123D+11     0.1087D-15  0.7255D-07  0.5733D-01  0.9426D+00
    0.70  10941.4  -12.8104  0.101D+11     0.1996D-15  0.1208D-06  0.8084D-01  0.9191D+00
    0.66  11592.0  -12.9070  0.802D+10     0.4384D-15  0.2386D-06  0.1291D+00  0.8708D+00
    0.62  12324.9  -13.0252  0.596D+10     0.1105D-14  0.5445D-06  0.2275D+00  0.7725D+00
    0.59  13156.8  -13.0399  0.522D+10     0.7756D-14  0.2550D-05  0.5342D+00  0.4658D+00
    0.55  14109.0  -13.0602  0.394D+10     0.5848D-13  0.1158D-04  0.8995D+00  0.1005D+00
    0.51  15209.9  -13.1519  0.281D+10     0.5821D-12  0.5483D-04  0.9943D+00  0.5608D-02
    0.47  16497.1  -13.7203  0.753D+09     0.1185D-11  0.1235D-03  0.9995D+00  0.4014D-03
    0.43  18022.2  -14.1409  0.285D+09     0.4522D-11  0.3987D-03  0.9996D+00  0.1982D-04
    0.39  19858.2  -14.5579  0.109D+09     0.1870D-10  0.1443D-02  0.9986D+00  0.8299D-06
    0.35  22110.6  -15.1523  0.274D+08     0.4215D-10  0.4093D-02  0.9959D+00  0.3919D-07
    0.31  24939.3  -15.9202  0.466D+07     0.2595D-10  0.5356D-02  0.9946D+00  0.5304D-08
    0.27  28598.0  -16.7933  0.625D+06     0.4493D-11  0.3053D-02  0.9969D+00  0.2512D-08
    0.23  33514.7  -17.8053  0.609D+05     0.5240D-12  0.1460D-02  0.9985D+00  0.1197D-08

 31   GA                                      I           II          III         IV   
    0.98   7855.1  -12.4488  0.238D+11     0.3229D-30  0.3744D-21  0.5596D-15  0.3550D-12
    0.94   8185.0  -12.4966  0.213D+11     0.5841D-30  0.5964D-21  0.7579D-15  0.3984D-12
    0.90   8543.7  -12.5415  0.191D+11     0.1217D-29  0.1057D-20  0.1103D-14  0.4629D-12
    0.86   8935.3  -12.5870  0.172D+11     0.2656D-29  0.1955D-20  0.1648D-14  0.5363D-12
    0.82   9364.5  -12.6315  0.155D+11     0.6594D-29  0.3968D-20  0.2631D-14  0.6465D-12
    0.78   9837.1  -12.6719  0.141D+11     0.1807D-28  0.8618D-20  0.4422D-14  0.8067D-12
    0.74  10359.9  -12.7279  0.123D+11     0.4521D-28  0.1752D-19  0.7140D-14  0.9787D-12
    0.70  10941.4  -12.8104  0.101D+11     0.1164D-27  0.3756D-19  0.1186D-13  0.1131D-11
    0.66  11592.0  -12.9070  0.802D+10     0.3420D-27  0.9320D-19  0.2138D-13  0.1243D-11
    0.62  12324.9  -13.0252  0.596D+10     0.1106D-26  0.2625D-18  0.4111D-13  0.1271D-11
    0.59  13156.8  -13.0399  0.522D+10     0.1660D-25  0.2629D-17  0.1759D-12  0.1564D-11
    0.55  14109.0  -13.0602  0.394D+10     0.6463D-24  0.6457D-16  0.1278D-11  0.1787D-11
    0.51  15209.9  -13.1519  0.281D+10     0.1209D-21  0.6376D-14  0.2168D-10  0.2101D-11
    0.47  16497.1  -13.7203  0.753D+09     0.1175D-20  0.8065D-13  0.8693D-10  0.9019D-12
    0.43  18022.2  -14.1409  0.285D+09     0.3515D-19  0.2487D-11  0.6036D-09  0.4798D-12
    0.39  19858.2  -14.5579  0.109D+09     0.1105D-17  0.8611D-10  0.4250D-08  0.2289D-12
    0.35  22110.6  -15.1523  0.274D+08     0.1040D-16  0.1306D-08  0.1652D-07  0.7073D-13
    0.31  24939.3  -15.9202  0.466D+07     0.7506D-17  0.2408D-08  0.1743D-07  0.1550D-13
    0.27  28598.0  -16.7933  0.625D+06     0.4376D-18  0.5108D-09  0.5088D-08  0.2859D-14
    0.23  33514.7  -17.8053  0.609D+05     0.1288D-19  0.6875D-10  0.1090D-08  0.4028D-15

 32   GE                                      I           II          III         IV   
    0.98   7855.1  -12.4488  0.238D+11     0.1077D-17  0.1523D-08  0.3336D-02  0.9452D+00
    0.94   8185.0  -12.4966  0.213D+11     0.1751D-17  0.2172D-08  0.4098D-02  0.9543D+00
    0.90   8543.7  -12.5415  0.191D+11     0.3158D-17  0.3320D-08  0.5222D-02  0.9624D+00
    0.86   8935.3  -12.5870  0.172D+11     0.5976D-17  0.5298D-08  0.6870D-02  0.9692D+00
    0.82   9364.5  -12.6315  0.155D+11     0.1229D-16  0.8875D-08  0.9249D-02  0.9734D+00
    0.78   9837.1  -12.6719  0.141D+11     0.2679D-16  0.1530D-07  0.1263D-01  0.9750D+00
    0.74  10359.9  -12.7279  0.123D+11     0.5448D-16  0.2524D-07  0.1706D-01  0.9742D+00
    0.70  10941.4  -12.8104  0.101D+11     0.1192D-15  0.4561D-07  0.2523D-01  0.9695D+00
    0.66  11592.0  -12.9070  0.802D+10     0.3107D-15  0.9846D-07  0.4308D-01  0.9544D+00
    0.62  12324.9  -13.0252  0.596D+10     0.9365D-15  0.2505D-06  0.8418D-01  0.9149D+00
    0.59  13156.8  -13.0399  0.522D+10     0.9203D-14  0.1547D-05  0.2672D+00  0.7327D+00
    0.55  14109.0  -13.0602  0.394D+10     0.1130D-12  0.1083D-04  0.7408D+00  0.2592D+00
    0.51  15209.9  -13.1519  0.281D+10     0.1262D-11  0.5489D-04  0.9823D+00  0.1761D-01
    0.47  16497.1  -13.7203  0.753D+09     0.2274D-11  0.1065D-03  0.9986D+00  0.1336D-02
    0.43  18022.2  -14.1409  0.285D+09     0.7233D-11  0.2864D-03  0.9996D+00  0.7165D-04
    0.39  19858.2  -14.5579  0.109D+09     0.2377D-10  0.8382D-03  0.9992D+00  0.3364D-05
    0.35  22110.6  -15.1523  0.274D+08     0.4155D-10  0.1880D-02  0.9981D+00  0.1802D-06
    0.31  24939.3  -15.9202  0.466D+07     0.2122D-10  0.2033D-02  0.9980D+00  0.2666D-07
    0.27  28598.0  -16.7933  0.625D+06     0.3343D-11  0.1026D-02  0.9990D+00  0.1313D-07
    0.23  33514.7  -17.8053  0.609D+05     0.3507D-12  0.4275D-03  0.9996D+00  0.6513D-08
