 31  1
       1             6   1              10.733         9
       2             6   2               6.048         6
       3             6   3               1.018         1
       4             8   1               9.741         9
       5             8   2               4.505         4
       6            12   1               2.887         1
       7            12   2               2.055         2
       8            14   1              12.869         9
       9            14   2               5.925         6
      10            14   3               1.017         1
      11            16   1              10.627         9
      12            16   2               6.141         4
      13            16   3               9.833         9
      14            20   1               6.363         1
      15            20   2               4.255         2
      16            22   1              97.026        21
      17            22   2              96.347        28
      18            22   3              26.870        21
      19            24   1              48.907         7
      20            24   2              29.071         6
      21            24   3              37.044        25
      22            26   1              75.277        25
      23            26   2              81.070        30
      24            26   3              32.776        25
      25            27   1              72.693        28
      26            27   2              60.581        21
      27            27   3              33.145        28
      28            28   1              45.248        21
      29            28   2              23.800        10
      30            28   3              21.814        21
 31  2
       1             6   1              10.651         9
       2             6   2               6.036         6
       3             6   3               1.015         1
       4             8   1               9.694         9
       5             8   2               4.459         4
       6            12   1               2.524         1
       7            12   2               2.045         2
       8            14   1              12.455         9
       9            14   2               5.909         6
      10            14   3               1.014         1
      11            16   1              10.545         9
      12            16   2               6.025         4
      13            16   3               9.763         9
      14            20   1               5.557         1
      15            20   2               4.128         2
      16            22   1              90.661        21
      17            22   2              94.299        28
      18            22   3              26.597        21
      19            24   1              44.940         7
      20            24   2              27.299         6
      21            24   3              36.135        25
      22            26   1              70.970        25
      23            26   2              78.805        30
      24            26   3              32.053        25
      25            27   1              69.679        28
      26            27   2              59.050        21
      27            27   3              32.583        28
      28            28   1              43.961        21
      29            28   2              23.148        10
      30            28   3              21.577        21
 31  3
       1             6   1              10.572         9
       2             6   2               6.025         6
       3             6   3               1.012         1
       4             8   1               9.647         9
       5             8   2               4.415         4
       6            12   1               2.226         1
       7            12   2               2.036         2
       8            14   1              12.109         9
       9            14   2               5.896         6
      10            14   3               1.011         1
      11            16   1              10.465         9
      12            16   2               5.910         4
      13            16   3               9.691         9
      14            20   1               4.853         1
      15            20   2               4.004         2
      16            22   1              84.757        21
      17            22   2              92.286        28
      18            22   3              26.322        21
      19            24   1              41.311         7
      20            24   2              25.603         6
      21            24   3              35.242        25
      22            26   1              66.985        25
      23            26   2              76.600        30
      24            26   3              31.348        25
      25            27   1              66.869        28
      26            27   2              57.537        21
      27            27   3              32.027        28
      28            28   1              42.789        21
      29            28   2              22.500        10
      30            28   3              21.339        21
 31  4
       1             6   1              10.491         9
       2             6   2               6.015         6
       3             6   3               1.009         1
       4             8   1               9.598         9
       5             8   2               4.371         4
       6            12   1               1.975         1
       7            12   2               2.028         2
       8            14   1              11.812         9
       9            14   2               5.883         6
      10            14   3               1.009         1
      11            16   1              10.385         9
      12            16   2               5.790         4
      13            16   3               9.614         9
      14            20   1               4.228         1
      15            20   2               3.879         2
      16            22   1              79.140        21
      17            22   2              90.221        28
      18            22   3              26.030        21
      19            24   1              37.882         7
      20            24   2              23.912         6
      21            24   3              34.327        25
      22            26   1              63.177        25
      23            26   2              74.358        30
      24            26   3              30.633        25
      25            27   1              64.161        28
      26            27   2              55.973        21
      27            27   3              31.452        28
      28            28   1              41.692        21
      29            28   2              21.828        10
      30            28   3              21.091        21
 31  5
       1             6   1              10.406         9
       2             6   2               6.005         6
       3             6   3               1.007         1
       4             8   1               9.546         9
       5             8   2               4.326         4
       6            12   1               1.756         1
       7            12   2               2.021         2
       8            14   1              11.544         9
       9            14   2               5.871         6
      10            14   3               1.007         1
      11            16   1              10.299         9
      12            16   2               5.661         4
      13            16   3               9.529         9
      14            20   1               3.635         1
      15            20   2               3.747         2
      16            22   1              73.428        21
      17            22   2              88.023        28
      18            22   3              25.715        21
      19            24   1              34.491         7
      20            24   2              22.187         6
      21            24   3              33.368        25
      22            26   1              59.347        25
      23            26   2              72.016        30
      24            26   3              29.891        25
      25            27   1              61.409        28
      26            27   2              54.311        21
      27            27   3              30.844        28
      28            28   1              40.601        21
      29            28   2              21.110        10
      30            28   3              20.825        21
 31  6
       1             6   1              10.313         9
       2             6   2               5.995         6
       3             6   3               1.005         1
       4             8   1               9.488         9
       5             8   2               4.280         4
       6            12   1               1.569         1
       7            12   2               2.015         2
       8            14   1              11.304         9
       9            14   2               5.859         6
      10            14   3               1.005         1
      11            16   1              10.206         9
      12            16   2               5.521         4
      13            16   3               9.433         9
      14            20   1               3.092         1
      15            20   2               3.605         2
      16            22   1              67.698        21
      17            22   2              85.620        28
      18            22   3              25.360        21
      19            24   1              31.135         7
      20            24   2              20.383         6
      21            24   3              32.334        25
      22            26   1              55.491        25
      23            26   2              69.497        30
      24            26   3              29.100        25
      25            27   1              58.600        28
      26            27   2              52.486        21
      27            27   3              30.179        28
      28            28   1              39.526        21
      29            28   2              20.318        10
      30            28   3              20.529        21
 31  7
       1             6   1              10.217         9
       2             6   2               5.987         6
       3             6   3               1.004         1
       4             8   1               9.428         9
       5             8   2               4.236         4
       6            12   1               1.428         1
       7            12   2               2.010         2
       8            14   1              11.102         9
       9            14   2               5.847         6
      10            14   3               1.003         1
      11            16   1              10.109         9
      12            16   2               5.375         4
      13            16   3               9.328         9
      14            20   1               2.650         1
      15            20   2               3.461         2
      16            22   1              62.468        21
      17            22   2              83.143        28
      18            22   3              24.985        21
      19            24   1              28.075         7
      20            24   2              18.619         6
      21            24   3              31.289        25
      22            26   1              51.909        25
      23            26   2              66.949        30
      24            26   3              28.310        25
      25            27   1              55.940        28
      26            27   2              50.595        21
      27            27   3              29.496        28
      28            28   1              38.554        21
      29            28   2              19.492        10
      30            28   3              20.218        21
 31  8
       1             6   1              10.131         9
       2             6   2               5.980         6
       3             6   3               1.003         1
       4             8   1               9.374         9
       5             8   2               4.199         4
       6            12   1               1.334         1
       7            12   2               2.007         2
       8            14   1              10.949         9
       9            14   2               5.838         6
      10            14   3               1.002         1
      11            16   1              10.021         9
      12            16   2               5.247         4
      13            16   3               9.232         9
      14            20   1               2.332         1
      15            20   2               3.335         2
      16            22   1              58.264        21
      17            22   2              80.934        28
      18            22   3              24.643        21
      19            24   1              25.638         7
      20            24   2              17.139         6
      21            24   3              30.384        25
      22            26   1              48.995        25
      23            26   2              64.731        30
      24            26   3              27.636        25
      25            27   1              53.729        28
      26            27   2              48.908        21
      27            27   3              28.895        28
      28            28   1              37.776        21
      29            28   2              18.754        10
      30            28   3              19.938        21
 31  9
       1             6   1              10.050         9
       2             6   2               5.974         6
       3             6   3               1.002         1
       4             8   1               9.325         9
       5             8   2               4.167         4
       6            12   1               1.267         1
       7            12   2               2.005         2
       8            14   1              10.822         9
       9            14   2               5.829         6
      10            14   3               1.002         1
      11            16   1               9.937         9
      12            16   2               5.129         4
      13            16   3               9.138         9
      14            20   1               2.100         1
      15            20   2               3.220         2
      16            22   1              54.768        21
      17            22   2              78.862        28
      18            22   3              24.318        21
      19            24   1              23.603         7
      20            24   2              15.834         6
      21            24   3              29.563        25
      22            26   1              46.513        25
      23            26   2              62.698        30
      24            26   3              27.031        25
      25            27   1              51.796        28
      26            27   2              47.326        21
      27            27   3              28.338        28
      28            28   1              37.123        21
      29            28   2              18.059        10
      30            28   3              19.673        21
 31 10
       1             6   1               9.960         9
       2             6   2               5.968         6
       3             6   3               1.001         1
       4             8   1               9.270         9
       5             8   2               4.136         4
       6            12   1               1.212         1
       7            12   2               2.003         2
       8            14   1              10.693         9
       9            14   2               5.820         6
      10            14   3               1.001         1
      11            16   1               9.842         9
      12            16   2               5.001         4
      13            16   3               9.030         9
      14            20   1               1.908         1
      15            20   2               3.097         2
      16            22   1              51.407        21
      17            22   2              76.570        28
      18            22   3              23.952        21
      19            24   1              21.612         7
      20            24   2              14.489         6
      21            24   3              28.691        25
      22            26   1              44.035        25
      23            26   2              60.509        30
      24            26   3              26.398        25
      25            27   1              49.803        28
      26            27   2              45.578        21
      27            27   3              27.733        28
      28            28   1              36.476        21
      29            28   2              17.290        10
      30            28   3              19.376        21
 31 11
       1             6   1               9.868         9
       2             6   2               5.963         6
       3             6   3               1.001         1
       4             8   1               9.215         9
       5             8   2               4.107         4
       6            12   1               1.168         1
       7            12   2               2.002         2
       8            14   1              10.564         9
       9            14   2               5.809         6
      10            14   3               1.001         1
      11            16   1               9.742         9
      12            16   2               4.873         4
      13            16   3               8.916         9
      14            20   1               1.748         1
      15            20   2               2.973         2
      16            22   1              48.222        21
      17            22   2              74.197        28
      18            22   3              23.572        21
      19            24   1              19.764         7
      20            24   2              13.216         6
      21            24   3              27.839        25
      22            26   1              41.669        25
      23            26   2              58.322        30
      24            26   3              25.787        25
      25            27   1              47.831        28
      26            27   2              43.783        21
      27            27   3              27.125        28
      28            28   1              35.845        21
      29            28   2              16.502        10
      30            28   3              19.068        21
 31 12
       1             6   1               9.766         9
       2             6   2               5.958         6
       3             6   3               1.000         1
       4             8   1               9.156         9
       5             8   2               4.080         4
       6            12   1               1.128         1
       7            12   2               2.001         2
       8            14   1              10.421         9
       9            14   2               5.797         6
      10            14   3               1.000         1
      11            16   1               9.627         9
      12            16   2               4.738         4
      13            16   3               8.785         9
      14            20   1               1.602         1
      15            20   2               2.839         2
      16            22   1              44.929        21
      17            22   2              71.549        28
      18            22   3              23.148        21
      19            24   1              17.920         7
      20            24   2              11.940         6
      21            24   3              26.955        25
      22            26   1              39.224        25
      23            26   2              55.981        30
      24            26   3              25.162        25
      25            27   1              45.710        28
      26            27   2              41.800        21
      27            27   3              26.469        28
      28            28   1              35.167        21
      29            28   2              15.635        10
      30            28   3              18.723        21
 31 13
       1             6   1               9.657         9
       2             6   2               5.953         6
       3             6   3               1.000         1
       4             8   1               9.094         9
       5             8   2               4.056         4
       6            12   1               1.094         1
       7            12   2               2.001         2
       8            14   1              10.263         9
       9            14   2               5.783         6
      10            14   3               1.000         1
      11            16   1               9.500         9
      12            16   2               4.602         4
      13            16   3               8.639         9
      14            20   1               1.471         1
      15            20   2               2.702         2
      16            22   1              41.581        21
      17            22   2              68.679        28
      18            22   3              22.689        21
      19            24   1              16.144         7
      20            24   2              10.723         6
      21            24   3              26.080        25
      22            26   1              36.771        25
      23            26   2              53.556        30
      24            26   3              24.552        25
      25            27   1              43.474        28
      26            27   2              39.673        21
      27            27   3              25.787        28
      28            28   1              34.444        21
      29            28   2              14.715        10
      30            28   3              18.348        21
 31 14
       1             6   1               9.562         9
       2             6   2               5.949         6
       3             6   3               1.000         1
       4             8   1               9.043         9
       5             8   2               4.039         4
       6            12   1               1.070         1
       7            12   2               2.001         2
       8            14   1              10.120         9
       9            14   2               5.769         6
      10            14   3               1.000         1
      11            16   1               9.386         9
      12            16   2               4.492         4
      13            16   3               8.506         9
      14            20   1               1.371         1
      15            20   2               2.587         2
      16            22   1              38.763        21
      17            22   2              66.148        28
      18            22   3              22.285        21
      19            24   1              14.748         7
      20            24   2               9.789         6
      21            24   3              25.380        25
      22            26   1              34.752        25
      23            26   2              51.509        30
      24            26   3              24.068        25
      25            27   1              41.539        28
      26            27   2              37.813        21
      27            27   3              25.209        28
      28            28   1              33.803        21
      29            28   2              13.922        10
      30            28   3              18.015        21
 31 15
       1             6   1               9.485         9
       2             6   2               5.945         6
       3             6   3               1.000         1
       4             8   1               9.002         9
       5             8   2               4.028         4
       6            12   1               1.053         1
       7            12   2               2.000         2
       8            14   1               9.997         9
       9            14   2               5.755         6
      10            14   3               1.000         1
      11            16   1               9.288         9
      12            16   2               4.407         4
      13            16   3               8.392         9
      14            20   1               1.297         1
      15            20   2               2.497         2
      16            22   1              36.502        21
      17            22   2              64.035        28
      18            22   3              21.951        21
      19            24   1              13.693         7
      20            24   2               9.104         6
      21            24   3              24.848        25
      22            26   1              33.164        25
      23            26   2              49.857        30
      24            26   3              23.701        25
      25            27   1              39.942        28
      26            27   2              36.267        21
      27            27   3              24.741        28
      28            28   1              33.259        21
      29            28   2              13.275        10
      30            28   3              17.734        21
 31 16
       1             6   1               9.427         9
       2             6   2               5.943         6
       3             6   3               1.000         1
       4             8   1               8.972         9
       5             8   2               4.021         4
       6            12   1               1.042         1
       7            12   2               2.000         2
       8            14   1               9.900         9
       9            14   2               5.744         6
      10            14   3               1.000         1
      11            16   1               9.212         9
      12            16   2               4.347         4
      13            16   3               8.301         9
      14            20   1               1.246         1
      15            20   2               2.431         2
      16            22   1              34.807        21
      17            22   2              62.405        28
      18            22   3              21.694        21
      19            24   1              12.943         7
      20            24   2               8.632         6
      21            24   3              24.468        25
      22            26   1              31.995        25
      23            26   2              48.611        30
      24            26   3              23.438        25
      25            27   1              38.717        28
      26            27   2              35.074        21
      27            27   3              24.388        28
      28            28   1              32.831        21
      29            28   2              12.786        10
      30            28   3              17.513        21
 31 17
       1             6   1               9.385         9
       2             6   2               5.940         6
       3             6   3               1.000         1
       4             8   1               8.951         9
       5             8   2               4.017         4
       6            12   1               1.035         1
       7            12   2               2.000         2
       8            14   1               9.828         9
       9            14   2               5.735         6
      10            14   3               1.000         1
      11            16   1               9.156         9
      12            16   2               4.307         4
      13            16   3               8.234         9
      14            20   1               1.210         1
      15            20   2               2.385         2
      16            22   1              33.598        21
      17            22   2              61.221        28
      18            22   3              21.509        21
      19            24   1              12.431         7
      20            24   2               8.318         6
      21            24   3              24.208        25
      22            26   1              31.174        25
      23            26   2              47.720        30
      24            26   3              23.257        25
      25            27   1              37.829        28
      26            27   2              34.207        21
      27            27   3              24.134        28
      28            28   1              32.512        21
      29            28   2              12.437        10
      30            28   3              17.351        21
 31 18
       1             6   1               9.351         9
       2             6   2               5.939         6
       3             6   3               1.000         1
       4             8   1               8.934         9
       5             8   2               4.014         4
       6            12   1               1.029         1
       7            12   2               2.000         2
       8            14   1               9.767         9
       9            14   2               5.728         6
      10            14   3               1.000         1
      11            16   1               9.110         9
      12            16   2               4.275         4
      13            16   3               8.178         9
      14            20   1               1.183         1
      15            20   2               2.349         2
      16            22   1              32.622        21
      17            22   2              60.244        28
      18            22   3              21.356        21
      19            24   1              12.028         7
      20            24   2               8.077         6
      21            24   3              24.003        25
      22            26   1              30.517        25
      23            26   2              46.991        30
      24            26   3              23.113        25
      25            27   1              37.097        28
      26            27   2              33.490        21
      27            27   3              23.926        28
      28            28   1              32.245        21
      29            28   2              12.154        10
      30            28   3              17.215        21
 31 19
       1             6   1               9.320         9
       2             6   2               5.937         6
       3             6   3               1.000         1
       4             8   1               8.918         9
       5             8   2               4.012         4
       6            12   1               1.025         1
       7            12   2               2.000         2
       8            14   1               9.710         9
       9            14   2               5.720         6
      10            14   3               1.000         1
      11            16   1               9.066         9
      12            16   2               4.247         4
      13            16   3               8.124         9
      14            20   1               1.160         1
      15            20   2               2.317         2
      16            22   1              31.740        21
      17            22   2              59.334        28
      18            22   3              21.215        21
      19            24   1              11.670         7
      20            24   2               7.867         6
      21            24   3              23.820        25
      22            26   1              29.921        25
      23            26   2              46.316        30
      24            26   3              22.982        25
      25            27   1              36.416        28
      26            27   2              32.820        21
      27            27   3              23.733        28
      28            28   1              31.992        21
      29            28   2              11.893        10
      30            28   3              17.086        21
 31 20
       1             6   1               9.290         9
       2             6   2               5.935         6
       3             6   3               1.000         1
       4             8   1               8.903         9
       5             8   2               4.010         4
       6            12   1               1.021         1
       7            12   2               2.000         2
       8            14   1               9.651         9
       9            14   2               5.712         6
      10            14   3               1.000         1
      11            16   1               9.022         9
      12            16   2               4.220         4
      13            16   3               8.070         9
      14            20   1               1.139         1
      15            20   2               2.286         2
      16            22   1              30.886        21
      17            22   2              58.424        28
      18            22   3              21.074        21
      19            24   1              11.328         7
      20            24   2               7.670         6
      21            24   3              23.644        25
      22            26   1              29.343        25
      23            26   2              45.643        30
      24            26   3              22.855        25
      25            27   1              35.736        28
      26            27   2              32.147        21
      27            27   3              23.540        28
      28            28   1              31.735        21
      29            28   2              11.636        10
      30            28   3              16.956        21
