
     NP4 =     9     ITT =  4     JS = 20      KB = 501 XE1= 0.210

     Day = 10.40     Log Taug = -3.700

     CHL(eV) = 25.0     NC =  5

     WVM1 = 0.2500    WVM2 = 1.2000       KG =  1500

                  LOG R/RS     LOG L/LS         VEL LB          TB

                   4.179       9.050           11700.0       10000.0


                     1.1776



       RADIUS    VELOCITY  DENSITY    MASS    TOT. MASS   NEWMASS NEWTOT. MASS Kin. En.
   1  0.53D+14    193.09  0.19D-12  0.582D-04  0.582D-04  0.152D-02  0.152D-02  0.284D+12
   2  0.46D+15   1699.64  0.12D-12  0.204D-01  0.205D-01  0.508D-01  0.523D-01  0.734D+15
   3  0.76D+15   2779.51  0.82D-13  0.566D-01  0.770D-01  0.808D-01  0.133D+00  0.385D+16
   4  0.10D+16   3736.92  0.58D-13  0.754D-01  0.152D+00  0.907D-01  0.224D+00  0.102D+17
   5  0.12D+16   4553.08  0.43D-13  0.773D-01  0.230D+00  0.910D-01  0.315D+00  0.196D+17
   6  0.15D+16   5334.55  0.32D-13  0.790D-01  0.309D+00  0.943D-01  0.409D+00  0.330D+17
   7  0.17D+16   6153.91  0.24D-13  0.826D-01  0.391D+00  0.986D-01  0.508D+00  0.517D+17
   8  0.19D+16   7036.23  0.17D-13  0.841D-01  0.475D+00  0.115D+00  0.623D+00  0.802D+17
   9  0.22D+16   8256.81  0.11D-13  0.102D+00  0.577D+00  0.105D+00  0.728D+00  0.116D+18
  10  0.25D+16   9216.44  0.86D-14  0.808D-01  0.658D+00  0.891D-01  0.817D+00  0.154D+18
  11  0.28D+16  10159.20  0.72D-14  0.812D-01  0.739D+00  0.101D+00  0.918D+00  0.206D+18
  12  0.31D+16  11337.24  0.49D-14  0.853D-01  0.825D+00  0.882D-01  0.101D+01  0.263D+18
  13  0.34D+16  12358.60  0.33D-14  0.613D-01  0.886D+00  0.721D-01  0.108D+01  0.318D+18
  14  0.37D+16  13539.64  0.32D-14  0.820D-01  0.968D+00  0.716D-01  0.115D+01  0.383D+18
  15  0.39D+16  14262.30  0.31D-14  0.552D-01  0.102D+01  0.653D-01  0.122D+01  0.450D+18
  16  0.41D+16  15158.44  0.27D-14  0.662D-01  0.109D+01  0.985D-01  0.131D+01  0.563D+18
  17  0.46D+16  16746.85  0.54D-15  0.277D-01  0.112D+01  0.555D-01  0.137D+01  0.641D+18
  18  0.57D+16  20745.14  0.64D-16  0.116D-01  0.113D+01  0.989D-02  0.138D+01  0.662D+18
  19  0.61D+16  22490.48  0.20D-16  0.205D-02  0.113D+01  0.109D-02  0.138D+01  0.665D+18
 /, Kin. En. =    51.121343040386641     

      XS      VS        LOG RH      TE       TR       W    SH M    TOTM

      0.98  11935.73    -12.96   7733.10   8592.33  0.401  0.034  0.034
      0.94  12436.89    -13.03   7733.10   8592.33  0.330  0.034  0.069
      0.90  12981.97    -13.04   7733.10   8592.33  0.283  0.040  0.109
      0.86  13577.02    -13.05   7733.10   8592.33  0.246  0.047  0.157
      0.82  14229.25    -13.06   7733.10   8592.33  0.215  0.055  0.211
      0.78  14947.30    -13.11   7733.10   8592.33  0.189  0.060  0.271
      0.74  15741.68    -13.39   7733.10   8592.33  0.165  0.039  0.310
      0.70  16625.22    -13.77   7733.10   8592.33  0.145  0.020  0.330
      0.66  17613.85    -14.04   7733.10   8592.33  0.126  0.014  0.343
      0.62  18727.49    -14.31   7733.10   8592.33  0.110  0.009  0.353
      0.59  19991.46    -14.59   7733.10   8592.33  0.095  0.006  0.359
      0.55  21438.39    -14.96   7733.10   8592.33  0.081  0.004  0.363
      0.51  23111.11    -15.43   7733.10   8592.33  0.069  0.002  0.364
      0.47  25066.95    -15.95   7733.10   8592.33  0.058  0.001  0.365
      0.43  27384.44    -16.52   7733.10   8592.33  0.048  0.000  0.365
      0.39  30174.08    -17.14   7733.10   8592.33  0.039  0.000  0.365
      0.35  33596.55    -17.82   7733.10   8592.33  0.031  0.000  0.365
      0.31  37894.74    -18.59   7733.10   8592.33  0.024  0.000  0.365
      0.27  43454.04    -19.46   7733.10   8592.33  0.018  0.000  0.365
      0.23  50924.92    -20.47   7733.10   8592.33  0.013  0.000  0.365

        XS        VS          LOG RH       TE          TR         W

        0.98    11935.73      -12.96     7733.10     8592.33    0.401
        0.94    12436.89      -13.03     7733.10     8592.33    0.330
        0.90    12981.97      -13.04     7733.10     8592.33    0.283
        0.86    13577.02      -13.05     7733.10     8592.33    0.246
        0.82    14229.25      -13.06     7733.10     8592.33    0.215
        0.78    14947.30      -13.11     7733.10     8592.33    0.189
        0.74    15741.68      -13.39     7733.10     8592.33    0.165
        0.70    16625.22      -13.77     7733.10     8592.33    0.145
        0.66    17613.85      -14.04     7733.10     8592.33    0.126
        0.62    18727.49      -14.31     7733.10     8592.33    0.110
        0.59    19991.46      -14.59     7733.10     8592.33    0.095
        0.55    21438.39      -14.96     7733.10     8592.33    0.081
        0.51    23111.11      -15.43     7733.10     8592.33    0.069
        0.47    25066.95      -15.95     7733.10     8592.33    0.058
        0.43    27384.44      -16.52     7733.10     8592.33    0.048
        0.39    30174.08      -17.14     7733.10     8592.33    0.039
        0.35    33596.55      -17.82     7733.10     8592.33    0.031
        0.31    37894.74      -18.59     7733.10     8592.33    0.024
        0.27    43454.04      -19.46     7733.10     8592.33    0.018
        0.23    50924.92      -20.47     7733.10     8592.33    0.013

     No. of ions =  30            Total No. Included = 79247


         En consv. check   0.185D-13


      NPK        ABS      ESC      event      no event            out of rg

     90000     68233     21767     16305      5462         0         0


                         No. pkts   =   90000
                         Esc to inf =   21767
                         No line ev =       0
  PW(2)=    20579.184810776678       RQ(JS,5)=    20579.184810776678     
  TB=   10000.000000000000       CLP=  2.03851600501297983E-005  CL=  4.85927897142131293E-005

     JP       LP       KP        KJ         L        NUJ        BT        NPK

  3.03524  0.56774  0.99186  0.164E+00   1.24000  0.714E+15   0.0398   1 1.352E+05
  2.38166  0.60456  0.79223  0.154E+00   1.20484  0.693E+15   0.0415   2 1.185E+05
  1.90212  0.62687  0.63854  0.146E+00   1.17424  0.676E+15   0.0433   3 1.049E+05
  1.50256  0.64840  0.50464  0.148E+00   1.14406  0.674E+15   0.0453   4 9.144E+04
  1.10948  0.68733  0.37463  0.137E+00   1.11063  0.652E+15   0.0475   5 7.515E+04
  0.73884  0.74443  0.25583  0.132E+00   1.07539  0.640E+15   0.0499   6 5.714E+04
  0.47418  0.79352  0.17333  0.130E+00   1.04766  0.633E+15   0.0525   7 4.305E+04
  0.30842  0.82665  0.12426  0.127E+00   1.02931  0.614E+15   0.0555   8 3.412E+04
  0.20973  0.84527  0.09556  0.102E+00   1.01781  0.570E+15   0.0588   9 2.884E+04
  0.15690  0.84925  0.07867  0.979E-01   1.01125  0.548E+15   0.0625  10 2.625E+04
  0.11558  0.85252  0.06497  0.694E-01   1.00584  0.500E+15   0.0667  11 2.403E+04
  0.08765  0.85112  0.05469  0.423E-01   1.00240  0.464E+15   0.0715  12 2.268E+04
  0.06694  0.84710  0.04677  0.183E-01   1.00081  0.422E+15   0.0771  13 2.203E+04
  0.05356  0.83688  0.03996  0.117E-01   1.00025  0.409E+15   0.0836  14 2.184E+04
  0.04261  0.82394  0.03364  0.604E-02   1.00006  0.398E+15   0.0913  15 2.178E+04
  0.03351  0.80777  0.02770  0.365E-02   1.00003  0.391E+15   0.1006  16 2.177E+04
  0.02584  0.78770  0.02217  0.331E-02   1.00001  0.384E+15   0.1121  17 2.177E+04
  0.01933  0.76271  0.01713  0.272E-02   1.00000  0.377E+15   0.1264  18 2.177E+04
  0.01389  0.73083  0.01265  0.200E-02   1.00000  0.368E+15   0.1449  19 2.177E+04
  0.00942  0.68895  0.00878  0.161E-02   1.00000  0.357E+15   0.1699  20 2.177E+04
                                         0.41951

     Scale:  L = 42.633     L+ = 43.274

               TB1 = 12425.5          Log EP0 = 38.319317
  TEMP IT no:           1

    16.8    -24.1770      0.2287   T* =  8592.3   TB = 12425.5

        XS        VS          LOG RH       TE          TR         W

        0.98    11935.73      -12.96     7906.34     8784.82    2.700
        0.94    12436.89      -13.03     7795.77     8661.97    2.332
        0.90    12981.97      -13.04     7685.21     8539.12    1.963
        0.86    13577.02      -13.05     7599.83     8444.26    1.603
        0.82    14229.25      -13.06     7483.96     8315.51    1.258
        0.78    14947.30      -13.11     7379.43     8199.37    0.916
        0.74    15741.68      -13.39     7289.84     8099.82    0.625
        0.70    16625.22      -13.77     7114.19     7904.65    0.445
        0.66    17613.85      -14.04     6862.07     7624.52    0.350
        0.62    18727.49      -14.31     6595.65     7328.49    0.297
        0.59    19991.46      -14.59     6291.63     6990.70    0.267
        0.55    21438.39      -14.96     5970.62     6634.03    0.248
        0.51    23111.11      -15.43     5706.75     6340.84    0.229
        0.47    25066.95      -15.95     5549.87     6166.52    0.203
        0.43    27384.44      -16.52     5466.97     6074.41    0.172
        0.39    30174.08      -17.14     5405.16     6005.74    0.141
        0.35    33596.55      -17.82     5351.48     5946.08    0.113
        0.31    37894.74      -18.59     5292.29     5880.32    0.089
        0.27    43454.04      -19.46     5220.35     5800.39    0.067
        0.23    50924.92      -20.47     5148.42     5720.47    0.046

         En consv. check   0.645D-14


      NPK        ABS      ESC      event      no event            out of rg

     90000     66624     23376     15939      7437         0         0


                         No. pkts   =   90000
                         Esc to inf =   23376
                         No line ev =       0
  PW(2)=    21796.566902977738       RQ(JS,5)=    21796.566902977738     
  TB=   12425.515823857739       CLP=  4.85927897142131361E-005  CL=  4.58787846935374463E-005

     JP       LP       KP        KJ         L        NUJ        BT        NPK

  2.79739  0.63128  0.90774  0.118E+00   1.25031  0.850E+15   0.0398   1 1.319E+05
  2.18339  0.66740  0.73624  0.929E-01   1.22018  0.803E+15   0.0415   2 1.168E+05
  1.84358  0.66602  0.62037  0.836E-01   1.19720  0.784E+15   0.0433   3 1.080E+05
  1.50559  0.67461  0.50571  0.720E-01   1.17143  0.760E+15   0.0453   4 9.701E+04
  1.18323  0.69278  0.40467  0.678E-01   1.14540  0.743E+15   0.0475   5 8.624E+04
  0.87413  0.72480  0.30200  0.636E-01   1.11498  0.724E+15   0.0499   6 7.160E+04
  0.61236  0.76273  0.21848  0.536E-01   1.08671  0.702E+15   0.0525   7 5.792E+04
  0.44015  0.78617  0.16518  0.510E-01   1.06626  0.685E+15   0.0555   8 4.893E+04
  0.32301  0.79985  0.12982  0.390E-01   1.05105  0.660E+15   0.0588   9 4.301E+04
  0.23437  0.81107  0.10035  0.294E-01   1.03659  0.628E+15   0.0625  10 3.712E+04
  0.16486  0.82261  0.07741  0.216E-01   1.02402  0.593E+15   0.0667  11 3.213E+04
  0.11495  0.83105  0.06045  0.133E-01   1.01410  0.548E+15   0.0715  12 2.820E+04
  0.08315  0.83198  0.04867  0.103E-01   1.00747  0.517E+15   0.0771  13 2.586E+04
  0.06032  0.82968  0.03983  0.562E-02   1.00322  0.478E+15   0.0836  14 2.434E+04
  0.04567  0.82027  0.03307  0.405E-02   1.00136  0.455E+15   0.0913  15 2.377E+04
  0.03494  0.80591  0.02714  0.263E-02   1.00048  0.438E+15   0.1006  16 2.351E+04
  0.02653  0.78677  0.02177  0.112E-02   1.00013  0.426E+15   0.1121  17 2.341E+04
  0.01966  0.76232  0.01688  0.592E-03   1.00001  0.415E+15   0.1264  18 2.338E+04
  0.01406  0.73061  0.01251  0.480E-03   1.00000  0.404E+15   0.1449  19 2.338E+04
  0.00951  0.68883  0.00871  0.475E-03   1.00000  0.391E+15   0.1699  20 2.338E+04
                                         1.05916

     Scale:  L = 42.633     L+ = 43.249

               TB1 = 12248.3          Log EP0 = 38.294357
  TEMP IT no:           2

     6.8    -24.1770      0.2422   T* =  8592.3   TB = 12248.3

        XS        VS          LOG RH       TE          TR         W

        0.98    11935.73      -12.96     8977.51     9975.01    1.483
        0.94    12436.89      -13.03     8730.78     9700.87    1.374
        0.90    12981.97      -13.04     8484.05     9426.73    1.265
        0.86    13577.02      -13.05     8288.65     9209.61    1.135
        0.82    14229.25      -13.06     8103.63     9004.03    0.975
        0.78    14947.30      -13.11     7920.44     8800.49    0.795
        0.74    15741.68      -13.39     7728.75     8587.50    0.627
        0.70    16625.22      -13.77     7516.88     8352.09    0.501
        0.66    17613.85      -14.04     7251.53     8057.26    0.420
        0.62    18727.49      -14.31     6926.00     7695.56    0.364
        0.59    19991.46      -14.59     6546.13     7273.48    0.323
        0.55    21438.39      -14.96     6146.07     6828.96    0.293
        0.51    23111.11      -15.43     5781.87     6424.30    0.268
        0.47    25066.95      -15.95     5473.02     6081.13    0.244
        0.43    27384.44      -16.52     5243.47     5826.08    0.218
        0.39    30174.08      -17.14     5087.53     5652.81    0.188
        0.35    33596.55      -17.82     4967.33     5519.26    0.157
        0.31    37894.74      -18.59     4860.08     5400.09    0.127
        0.27    43454.04      -19.46     4749.48     5277.20    0.099
        0.23    50924.92      -20.47     4638.88     5154.31    0.072

         En consv. check   0.603D-14


      NPK        ABS      ESC      event      no event            out of rg

     90000     64103     25897     16806      9091         0         0


                         No. pkts   =   90000
                         Esc to inf =   25897
                         No line ev =       0
  PW(2)=    24192.342905776266       RQ(JS,5)=    24192.342905776266     
  TB=   12248.261356889538       CLP=  4.58787846935374802E-005  CL=  4.13353929338210497E-005

     JP       LP       KP        KJ         L        NUJ        BT        NPK

  2.54795  0.66605  0.84234  0.174E+00   1.23290  0.904E+15   0.0398   1 1.357E+05
  2.06935  0.68343  0.69646  0.148E+00   1.20735  0.864E+15   0.0415   2 1.227E+05
  1.72098  0.68795  0.57825  0.122E+00   1.18399  0.828E+15   0.0433   3 1.117E+05
  1.40159  0.69687  0.47657  0.116E+00   1.16121  0.815E+15   0.0453   4 1.014E+05
  1.09346  0.71603  0.37481  0.988E-01   1.13506  0.788E+15   0.0475   5 8.844E+04
  0.79481  0.74994  0.27907  0.905E-01   1.10685  0.768E+15   0.0499   6 7.334E+04
  0.55026  0.78686  0.20216  0.808E-01   1.08106  0.740E+15   0.0525   7 5.928E+04
  0.40706  0.80253  0.15743  0.664E-01   1.06436  0.722E+15   0.0555   8 5.124E+04
  0.31696  0.80527  0.12709  0.582E-01   1.05182  0.709E+15   0.0588   9 4.627E+04
  0.23654  0.81207  0.10266  0.493E-01   1.04050  0.679E+15   0.0625  10 4.194E+04
  0.17666  0.81543  0.08105  0.362E-01   1.02888  0.648E+15   0.0667  11 3.734E+04
  0.12324  0.82451  0.06307  0.227E-01   1.01805  0.602E+15   0.0715  12 3.276E+04
  0.08665  0.82879  0.04979  0.153E-01   1.00984  0.557E+15   0.0771  13 2.936E+04
  0.06316  0.82603  0.04035  0.866E-02   1.00470  0.522E+15   0.0836  14 2.748E+04
  0.04717  0.81772  0.03328  0.550E-02   1.00222  0.495E+15   0.0913  15 2.663E+04
  0.03541  0.80494  0.02714  0.221E-02   1.00077  0.470E+15   0.1006  16 2.614E+04
  0.02660  0.78674  0.02172  0.716E-03   1.00019  0.452E+15   0.1121  17 2.594E+04
  0.01973  0.76213  0.01685  0.280E-03   1.00004  0.441E+15   0.1264  18 2.590E+04
  0.01409  0.73054  0.01249  0.414E-03   1.00001  0.429E+15   0.1449  19 2.590E+04
  0.00952  0.68879  0.00870  0.281E-03   1.00000  0.415E+15   0.1699  20 2.590E+04
                                         1.10992

     Scale:  L = 42.633     L+ = 43.203

               TB1 = 11933.1          Log EP0 = 38.249067
  TEMP IT no:           3

     5.6    -24.1770      0.2688   T* =  8592.3   TB = 11933.1

        XS        VS          LOG RH       TE          TR         W

        0.98    11935.73      -12.96     9763.12    10847.91    0.990
        0.94    12436.89      -13.03     9444.95    10494.39    0.937
        0.90    12981.97      -13.04     9126.78    10140.87    0.885
        0.86    13577.02      -13.05     8887.85     9875.39    0.798
        0.82    14229.25      -13.06     8660.91     9623.23    0.689
        0.78    14947.30      -13.11     8419.34     9354.82    0.566
        0.74    15741.68      -13.39     8175.07     9083.41    0.454
        0.70    16625.22      -13.77     7956.81     8840.90    0.371
        0.66    17613.85      -14.04     7729.80     8588.67    0.316
        0.62    18727.49      -14.31     7427.43     8252.70    0.279
        0.59    19991.46      -14.59     7046.58     7829.54    0.253
        0.55    21438.39      -14.96     6600.69     7334.10    0.234
        0.51    23111.11      -15.43     6155.07     6838.97    0.219
        0.47    25066.95      -15.95     5783.25     6425.83    0.204
        0.43    27384.44      -16.52     5487.02     6096.69    0.187
        0.39    30174.08      -17.14     5248.71     5831.90    0.168
        0.35    33596.55      -17.82     5070.09     5633.43    0.145
        0.31    37894.74      -18.59     4936.63     5485.14    0.119
        0.27    43454.04      -19.46     4809.02     5343.36    0.094
        0.23    50924.92      -20.47     4681.42     5201.58    0.070

         En consv. check   0.516D-14


      NPK        ABS      ESC      event      no event            out of rg

     90000     62305     27695     16904     10791         0         0


                         No. pkts   =   90000
                         Esc to inf =   27695
                         No line ev =       0
  PW(2)=    25990.552479592781       RQ(JS,5)=    25990.548190944985     
  TB=   11933.064448987281       CLP=  4.13353929338210633E-005  CL=  3.84755255123243777E-005

     JP       LP       KP        KJ         L        NUJ        BT        NPK

  2.47519  0.66954  0.80870  0.219E+00   1.21872  0.930E+15   0.0398   1 1.397E+05
  1.98290  0.69178  0.67368  0.192E+00   1.19520  0.898E+15   0.0415   2 1.272E+05
  1.65946  0.69380  0.56660  0.175E+00   1.17421  0.873E+15   0.0433   3 1.172E+05
  1.34794  0.70323  0.46290  0.159E+00   1.15112  0.852E+15   0.0453   4 1.056E+05
  1.03729  0.72577  0.36346  0.140E+00   1.12582  0.822E+15   0.0475   5 9.166E+04
  0.75779  0.75661  0.26956  0.129E+00   1.09835  0.801E+15   0.0499   6 7.566E+04
  0.52040  0.79350  0.19326  0.108E+00   1.07294  0.773E+15   0.0525   7 6.054E+04
  0.37519  0.81286  0.14639  0.954E-01   1.05546  0.746E+15   0.0555   8 5.100E+04
  0.27960  0.82219  0.11798  0.815E-01   1.04399  0.723E+15   0.0588   9 4.562E+04
  0.21540  0.82360  0.09655  0.691E-01   1.03458  0.699E+15   0.0625  10 4.186E+04
  0.16123  0.82623  0.07804  0.587E-01   1.02533  0.668E+15   0.0667  11 3.791E+04
  0.11935  0.82747  0.06300  0.377E-01   1.01720  0.628E+15   0.0715  12 3.460E+04
  0.08547  0.82958  0.05021  0.254E-01   1.00973  0.582E+15   0.0771  13 3.139E+04
  0.06201  0.82726  0.04082  0.163E-01   1.00492  0.539E+15   0.0836  14 2.946E+04
  0.04634  0.81894  0.03342  0.704E-02   1.00207  0.505E+15   0.0913  15 2.836E+04
  0.03530  0.80488  0.02735  0.497E-02   1.00097  0.487E+15   0.1006  16 2.802E+04
  0.02656  0.78655  0.02185  0.214E-02   1.00034  0.469E+15   0.1121  17 2.779E+04
  0.01968  0.76213  0.01692  0.892E-03   1.00010  0.456E+15   0.1264  18 2.772E+04
  0.01405  0.73057  0.01252  0.543E-03   1.00002  0.443E+15   0.1449  19 2.770E+04
  0.00950  0.68881  0.00872  0.338E-03   1.00000  0.429E+15   0.1699  20 2.770E+04
                                         1.07433

     Scale:  L = 42.633     L+ = 43.172

               TB1 = 11721.1          Log EP0 = 38.217929
  TEMP IT no:           4

     4.2    -24.1770      0.2888   T* =  8592.3   TB = 11721.1

        XS        VS          LOG RH       TE          TR         W

        0.98    11935.73      -12.96    10224.11    11360.12    0.793
        0.94    12436.89      -13.03     9931.21    11034.68    0.739
        0.90    12981.97      -13.04     9638.31    10709.23    0.684
        0.86    13577.02      -13.05     9372.62    10414.02    0.619
        0.82    14229.25      -13.06     9101.86    10113.17    0.538
        0.78    14947.30      -13.11     8831.30     9812.56    0.445
        0.74    15741.68      -13.39     8553.51     9503.90    0.357
        0.70    16625.22      -13.77     8277.75     9197.50    0.291
        0.66    17613.85      -14.04     8013.63     8904.03    0.246
        0.62    18727.49      -14.31     7722.58     8580.65    0.216
        0.59    19991.46      -14.59     7362.74     8180.82    0.197
        0.55    21438.39      -14.96     6924.42     7693.80    0.185
        0.51    23111.11      -15.43     6448.99     7165.54    0.178
        0.47    25066.95      -15.95     6008.95     6676.61    0.172
        0.43    27384.44      -16.52     5664.32     6293.69    0.162
        0.39    30174.08      -17.14     5419.74     6021.93    0.147
        0.35    33596.55      -17.82     5233.65     5815.17    0.127
        0.31    37894.74      -18.59     5080.07     5644.53    0.106
        0.27    43454.04      -19.46     4937.90     5486.56    0.085
        0.23    50924.92      -20.47     4795.73     5328.59    0.063

         En consv. check  -0.163D-13


      NPK        ABS      ESC      event      no event            out of rg

     90000     61257     28743     16853     11890         0         0


                         No. pkts   =   90000
                         Esc to inf =   28743
                         No line ev =       0
  PW(2)=    27066.287437032886       RQ(JS,5)=    27066.287437032886     
  TB=   11721.079275466007       CLP=  3.84755236076939598E-005  CL=  3.69463304609619547E-005

     JP       LP       KP        KJ         L        NUJ        BT        NPK

  2.38512  0.67857  0.78490  0.241E+00   1.20886  0.942E+15   0.0398   1 1.412E+05
  1.91958  0.69833  0.65471  0.227E+00   1.18630  0.924E+15   0.0415   2 1.287E+05
  1.59601  0.70257  0.54722  0.208E+00   1.16530  0.896E+15   0.0433   3 1.180E+05
  1.30294  0.71002  0.44818  0.189E+00   1.14332  0.867E+15   0.0453   4 1.064E+05
  1.01340  0.72878  0.35448  0.170E+00   1.11957  0.845E+15   0.0475   5 9.302E+04
  0.73315  0.76132  0.25969  0.150E+00   1.09180  0.815E+15   0.0499   6 7.600E+04
  0.49573  0.80008  0.18460  0.132E+00   1.06682  0.787E+15   0.0525   7 6.013E+04
  0.36053  0.81697  0.14353  0.118E+00   1.05171  0.763E+15   0.0555   8 5.190E+04
  0.27034  0.82502  0.11550  0.105E+00   1.04055  0.738E+15   0.0588   9 4.637E+04
  0.20157  0.83068  0.09431  0.852E-01   1.03137  0.705E+15   0.0625  10 4.210E+04
  0.15450  0.83018  0.07649  0.686E-01   1.02282  0.677E+15   0.0667  11 3.840E+04
  0.11350  0.83218  0.06191  0.508E-01   1.01526  0.636E+15   0.0715  12 3.505E+04
  0.08401  0.83068  0.05028  0.367E-01   1.00916  0.595E+15   0.0771  13 3.248E+04
  0.06084  0.82856  0.04090  0.171E-01   1.00454  0.544E+15   0.0836  14 3.043E+04
  0.04611  0.81896  0.03358  0.106E-01   1.00197  0.516E+15   0.0913  15 2.946E+04
  0.03508  0.80507  0.02743  0.917E-02   1.00080  0.496E+15   0.1006  16 2.902E+04
  0.02644  0.78669  0.02192  0.226E-02   1.00029  0.476E+15   0.1121  17 2.882E+04
  0.01960  0.76224  0.01696  0.104E-02   1.00007  0.463E+15   0.1264  18 2.876E+04
  0.01402  0.73060  0.01255  0.541E-03   1.00002  0.451E+15   0.1449  19 2.875E+04
  0.00948  0.68884  0.00873  0.314E-03   1.00000  0.436E+15   0.1699  20 2.874E+04
                                         1.04139

     Scale:  L = 42.633     L+ = 43.155

               TB1 = 11602.8          Log EP0 = 38.200316
  TEMP IT no:           5

     2.5    -24.1770      0.3007   T* =  8592.3   TB = 11602.8

        XS        VS          LOG RH       TE          TR         W

        0.98    11935.73      -12.96    10538.29    11709.21    0.680
        0.94    12436.89      -13.03    10250.23    11389.14    0.629
        0.90    12981.97      -13.04     9962.17    11069.07    0.578
        0.86    13577.02      -13.05     9667.02    10741.14    0.529
        0.82    14229.25      -13.06     9382.61    10425.12    0.463
        0.78    14947.30      -13.11     9082.34    10091.49    0.384
        0.74    15741.68      -13.39     8783.02     9758.91    0.308
        0.70    16625.22      -13.77     8504.55     9449.50    0.251
        0.66    17613.85      -14.04     8212.83     9125.37    0.214
        0.62    18727.49      -14.31     7886.05     8762.27    0.189
        0.59    19991.46      -14.59     7517.89     8353.21    0.172
        0.55    21438.39      -14.96     7091.83     7879.81    0.162
        0.51    23111.11      -15.43     6613.98     7348.87    0.157
        0.47    25066.95      -15.95     6148.26     6831.40    0.155
        0.43    27384.44      -16.52     5792.01     6435.57    0.147
        0.39    30174.08      -17.14     5541.86     6157.62    0.133
        0.35    33596.55      -17.82     5341.96     5935.51    0.116
        0.31    37894.74      -18.59     5181.88     5757.65    0.097
        0.27    43454.04      -19.46     5036.29     5595.87    0.078
        0.23    50924.92      -20.47     4890.69     5434.10    0.059

         En consv. check  -0.130D-13


      NPK        ABS      ESC      event      no event            out of rg

     90000     60621     29379     16903     12476         0         0


                         No. pkts   =   90000
                         Esc to inf =   29379
                         No line ev =       0
  PW(2)=    27710.984071306339       RQ(JS,5)=    27710.984071306339     
  TB=   11602.839805546209       CLP=  3.69463304609618938E-005  CL=  3.60867732963500833E-005

     JP       LP       KP        KJ         L        NUJ        BT        NPK

  2.31522  0.68622  0.77434  0.267E+00   1.20317  0.965E+15   0.0398   1 1.426E+05
  1.90882  0.69658  0.64711  0.246E+00   1.18108  0.936E+15   0.0415   2 1.305E+05
  1.58406  0.70149  0.54027  0.228E+00   1.16017  0.912E+15   0.0433   3 1.196E+05
  1.26986  0.71469  0.44257  0.207E+00   1.13855  0.885E+15   0.0453   4 1.077E+05
  0.98805  0.73268  0.34949  0.197E+00   1.11494  0.867E+15   0.0475   5 9.407E+04
  0.70302  0.76830  0.25186  0.166E+00   1.08642  0.822E+15   0.0499   6 7.533E+04
  0.48651  0.80095  0.18080  0.145E+00   1.06272  0.788E+15   0.0525   7 6.026E+04
  0.34708  0.82068  0.13899  0.130E+00   1.04734  0.766E+15   0.0555   8 5.145E+04
  0.26632  0.82507  0.11189  0.111E+00   1.03650  0.738E+15   0.0588   9 4.597E+04
  0.19464  0.83340  0.09109  0.895E-01   1.02758  0.704E+15   0.0625  10 4.164E+04
  0.14698  0.83467  0.07415  0.693E-01   1.01964  0.660E+15   0.0667  11 3.782E+04
  0.10986  0.83466  0.06064  0.533E-01   1.01301  0.628E+15   0.0715  12 3.499E+04
  0.08119  0.83340  0.04958  0.362E-01   1.00763  0.588E+15   0.0771  13 3.254E+04
  0.05955  0.83005  0.04070  0.176E-01   1.00376  0.541E+15   0.0836  14 3.080E+04
  0.04551  0.81981  0.03366  0.117E-01   1.00177  0.515E+15   0.0913  15 3.003E+04
  0.03473  0.80573  0.02746  0.613E-02   1.00061  0.494E+15   0.1006  16 2.958E+04
  0.02634  0.78684  0.02197  0.277E-02   1.00024  0.479E+15   0.1121  17 2.946E+04
  0.01956  0.76230  0.01699  0.155E-02   1.00005  0.466E+15   0.1264  18 2.940E+04
  0.01399  0.73065  0.01257  0.570E-03   1.00001  0.454E+15   0.1449  19 2.938E+04
  0.00947  0.68886  0.00874  0.421E-03   1.00000  0.439E+15   0.1699  20 2.938E+04
                                         1.02382

     Scale:  L = 42.633     L+ = 43.144

               TB1 = 11534.8          Log EP0 = 38.190093
  TEMP IT no:           6

     1.1    -24.1770      0.3079   T* =  8592.3   TB = 11534.8

        XS        VS          LOG RH       TE          TR         W

        0.98    11935.73      -12.96    10759.82    11955.35    0.616
        0.94    12436.89      -13.03    10468.30    11631.45    0.571
        0.90    12981.97      -13.04    10176.79    11307.54    0.525
        0.86    13577.02      -13.05     9901.96    11002.18    0.471
        0.82    14229.25      -13.06     9601.52    10668.36    0.410
        0.78    14947.30      -13.11     9232.89    10258.76    0.347
        0.74    15741.68      -13.39     8879.46     9866.06    0.286
        0.70    16625.22      -13.77     8583.48     9537.20    0.235
        0.66    17613.85      -14.04     8271.09     9190.11    0.202
        0.62    18727.49      -14.31     7896.12     8773.47    0.181
        0.59    19991.46      -14.59     7483.32     8314.79    0.168
        0.55    21438.39      -14.96     7064.85     7849.84    0.158
        0.51    23111.11      -15.43     6610.13     7344.59    0.153
        0.47    25066.95      -15.95     6161.18     6845.76    0.150
        0.43    27384.44      -16.52     5819.69     6466.32    0.142
        0.39    30174.08      -17.14     5576.81     6196.45    0.129
        0.35    33596.55      -17.82     5388.35     5987.06    0.112
        0.31    37894.74      -18.59     5234.85     5816.50    0.093
        0.27    43454.04      -19.46     5088.37     5653.75    0.075
        0.23    50924.92      -20.47     4941.90     5491.00    0.056

         En consv. check  -0.714D-14


      NPK        ABS      ESC      event      no event            out of rg

     90000     60631     29369     16786     12583         0         0


                         No. pkts   =   90000
                         Esc to inf =   29369
                         No line ev =       0
  PW(2)=    27671.146694039300       RQ(JS,5)=    27671.146694039300     
  TB=   11534.757840742459       CLP=  3.60867732963501036E-005  CL=  3.61387264162569790E-005

     JP       LP       KP        KJ         L        NUJ        BT        NPK

  2.37641  0.67853  0.79179  0.280E+00   1.20851  0.975E+15   0.0398   1 1.455E+05
  1.92629  0.69544  0.65989  0.263E+00   1.18563  0.951E+15   0.0415   2 1.328E+05
  1.59818  0.70033  0.55306  0.241E+00   1.16476  0.924E+15   0.0433   3 1.222E+05
  1.29557  0.70994  0.45091  0.223E+00   1.14211  0.897E+15   0.0453   4 1.097E+05
  1.00634  0.72890  0.35009  0.202E+00   1.11647  0.868E+15   0.0475   5 9.444E+04
  0.72008  0.76385  0.25575  0.174E+00   1.08879  0.829E+15   0.0499   6 7.654E+04
  0.49576  0.79830  0.18427  0.149E+00   1.06492  0.795E+15   0.0525   7 6.158E+04
  0.34649  0.82170  0.13969  0.132E+00   1.04842  0.766E+15   0.0555   8 5.159E+04
  0.26743  0.82521  0.11312  0.117E+00   1.03791  0.742E+15   0.0588   9 4.640E+04
  0.20115  0.82980  0.09255  0.101E+00   1.02908  0.715E+15   0.0625  10 4.244E+04
  0.14871  0.83377  0.07527  0.774E-01   1.02097  0.672E+15   0.0667  11 3.854E+04
  0.11075  0.83417  0.06110  0.546E-01   1.01382  0.635E+15   0.0715  12 3.525E+04
  0.08090  0.83403  0.04967  0.346E-01   1.00803  0.586E+15   0.0771  13 3.258E+04
  0.06067  0.82858  0.04087  0.234E-01   1.00425  0.552E+15   0.0836  14 3.101E+04
  0.04575  0.81952  0.03363  0.137E-01   1.00190  0.520E+15   0.0913  15 3.008E+04
  0.03479  0.80575  0.02746  0.732E-02   1.00077  0.496E+15   0.1006  16 2.963E+04
  0.02649  0.78639  0.02196  0.313E-02   1.00032  0.483E+15   0.1121  17 2.948E+04
  0.01958  0.76227  0.01698  0.140E-02   1.00008  0.468E+15   0.1264  18 2.940E+04
  0.01401  0.73062  0.01256  0.679E-03   1.00002  0.456E+15   0.1449  19 2.937E+04
  0.00948  0.68885  0.00873  0.429E-03   1.00000  0.441E+15   0.1699  20 2.937E+04
                                         0.99856

     Scale:  L = 42.633     L+ = 43.145

               TB1 = 11538.9          Log EP0 = 38.190718
  TEMP IT no:           7

     0.9    -24.1770      0.3075   T* =  8592.3   TB = 11538.9

        XS        VS          LOG RH       TE          TR         W

        0.98    11935.73      -12.96    10934.43    12149.37    0.587
        0.94    12436.89      -13.03    10640.04    11822.27    0.542
        0.90    12981.97      -13.04    10345.65    11495.17    0.497
        0.86    13577.02      -13.05    10041.85    11157.61    0.453
        0.82    14229.25      -13.06     9704.44    10782.71    0.400
        0.78    14947.30      -13.11     9321.26    10356.95    0.341
        0.74    15741.68      -13.39     8948.84     9943.16    0.281
        0.70    16625.22      -13.77     8625.62     9584.03    0.231
        0.66    17613.85      -14.04     8323.66     9248.51    0.199
        0.62    18727.49      -14.31     7974.56     8860.63    0.178
        0.59    19991.46      -14.59     7556.92     8396.58    0.164
        0.55    21438.39      -14.96     7101.40     7890.45    0.156
        0.51    23111.11      -15.43     6635.12     7372.35    0.151
        0.47    25066.95      -15.95     6214.80     6905.34    0.146
        0.43    27384.44      -16.52     5872.51     6525.02    0.138
        0.39    30174.08      -17.14     5614.26     6238.06    0.126
        0.35    33596.55      -17.82     5428.31     6031.46    0.109
        0.31    37894.74      -18.59     5270.91     5856.57    0.091
        0.27    43454.04      -19.46     5118.76     5687.51    0.073
        0.23    50924.92      -20.47     4966.61     5518.46    0.055

         En consv. check  -0.101D-14


      NPK        ABS      ESC      event      no event            out of rg

     90000     60458     29542     16577     12965         0         0


                         No. pkts   =   90000
                         Esc to inf =   29542
                         No line ev =       0
  PW(2)=    27854.730375574942       RQ(JS,5)=    27854.730375574942     
  TB=   11538.907168485139       CLP=  3.61387264162569993E-005  CL=  3.59005449529273800E-005

     JP       LP       KP        KJ         L        NUJ        BT        NPK

  2.34261  0.68236  0.78097  0.283E+00   1.20495  0.980E+15   0.0398   1 1.444E+05
  1.95240  0.68888  0.65890  0.274E+00   1.18375  0.965E+15   0.0415   2 1.338E+05
  1.58567  0.70142  0.54775  0.250E+00   1.16204  0.930E+15   0.0433   3 1.218E+05
  1.29581  0.70845  0.44663  0.231E+00   1.13962  0.908E+15   0.0453   4 1.096E+05
  0.98893  0.73252  0.34928  0.210E+00   1.11497  0.878E+15   0.0475   5 9.468E+04
  0.70767  0.76681  0.25333  0.183E+00   1.08692  0.841E+15   0.0499   6 7.619E+04
  0.47482  0.80552  0.18022  0.159E+00   1.06264  0.804E+15   0.0525   7 6.030E+04
  0.33853  0.82489  0.13733  0.139E+00   1.04699  0.772E+15   0.0555   8 5.088E+04
  0.26248  0.82761  0.11184  0.115E+00   1.03699  0.744E+15   0.0588   9 4.611E+04
  0.19959  0.83061  0.09208  0.103E+00   1.02858  0.717E+15   0.0625  10 4.239E+04
  0.14921  0.83319  0.07498  0.803E-01   1.02054  0.681E+15   0.0667  11 3.859E+04
  0.11040  0.83443  0.06095  0.554E-01   1.01360  0.636E+15   0.0715  12 3.527E+04
  0.08235  0.83218  0.04983  0.382E-01   1.00810  0.597E+15   0.0771  13 3.292E+04
  0.06113  0.82772  0.04096  0.247E-01   1.00423  0.557E+15   0.0836  14 3.124E+04
  0.04582  0.81924  0.03369  0.140E-01   1.00186  0.523E+15   0.0913  15 3.028E+04
  0.03483  0.80552  0.02747  0.676E-02   1.00068  0.499E+15   0.1006  16 2.980E+04
  0.02637  0.78674  0.02195  0.264E-02   1.00019  0.482E+15   0.1121  17 2.961E+04
  0.01956  0.76232  0.01698  0.770E-03   1.00004  0.469E+15   0.1264  18 2.955E+04
  0.01400  0.73066  0.01256  0.388E-03   1.00000  0.457E+15   0.1449  19 2.954E+04
  0.00947  0.68886  0.00874  0.310E-03   1.00000  0.443E+15   0.1699  20 2.954E+04
                                         1.00663

     Scale:  L = 42.633     L+ = 43.142

               TB1 = 11519.8          Log EP0 = 38.187846
  TEMP IT no:           8

     0.8    -24.1770      0.3095   T* =  8592.3   TB = 11519.8

        XS        VS          LOG RH       TE          TR         W

        0.98    11935.73      -12.96    11070.53    12300.59    0.560
        0.94    12436.89      -13.03    10767.75    11964.17    0.517
        0.90    12981.97      -13.04    10464.98    11627.75    0.475
        0.86    13577.02      -13.05    10154.97    11283.30    0.430
        0.82    14229.25      -13.06     9817.97    10908.86    0.377
        0.78    14947.30      -13.11     9430.49    10478.33    0.318
        0.74    15741.68      -13.39     9041.40    10046.00    0.261
        0.70    16625.22      -13.77     8687.35     9652.61    0.219
        0.66    17613.85      -14.04     8363.95     9293.28    0.192
        0.62    18727.49      -14.31     8026.04     8917.82    0.172
        0.59    19991.46      -14.59     7620.42     8467.14    0.159
        0.55    21438.39      -14.96     7160.74     7956.37    0.151
        0.51    23111.11      -15.43     6702.74     7447.49    0.146
        0.47    25066.95      -15.95     6276.16     6973.51    0.142
        0.43    27384.44      -16.52     5913.03     6570.04    0.135
        0.39    30174.08      -17.14     5640.18     6266.87    0.124
        0.35    33596.55      -17.82     5443.57     6048.41    0.108
        0.31    37894.74      -18.59     5287.21     5874.68    0.090
        0.27    43454.04      -19.46     5138.39     5709.33    0.072
        0.23    50924.92      -20.47     4989.57     5543.97    0.054

         En consv. check   0.355D-14


      NPK        ABS      ESC      event      no event            out of rg

     90000     60185     29815     16634     13181         0         0


                         No. pkts   =   90000
                         Esc to inf =   29815
                         No line ev =       0
  PW(2)=    28144.356703352711       RQ(JS,5)=    28144.356703352711     
  TB=   11519.847471669289       CLP=  3.59005449529272648E-005  CL=  3.55311016890599054E-005

     JP       LP       KP        KJ         L        NUJ        BT        NPK

  2.35352  0.67852  0.78253  0.296E+00   1.20316  0.990E+15   0.0398   1 1.465E+05
  1.93998  0.68923  0.65279  0.278E+00   1.18062  0.967E+15   0.0415   2 1.340E+05
  1.58265  0.70021  0.53815  0.250E+00   1.15813  0.931E+15   0.0433   3 1.212E+05
  1.27703  0.71132  0.44130  0.231E+00   1.13661  0.907E+15   0.0453   4 1.094E+05
  0.99203  0.73002  0.34681  0.213E+00   1.11263  0.880E+15   0.0475   5 9.508E+04
  0.70808  0.76505  0.25173  0.182E+00   1.08476  0.837E+15   0.0499   6 7.667E+04
  0.47916  0.80227  0.18053  0.166E+00   1.06114  0.809E+15   0.0525   7 6.104E+04
  0.33441  0.82517  0.13418  0.133E+00   1.04400  0.757E+15   0.0555   8 5.024E+04
  0.24911  0.83342  0.10879  0.112E+00   1.03406  0.733E+15   0.0588   9 4.518E+04
  0.18921  0.83627  0.08923  0.922E-01   1.02578  0.705E+15   0.0625  10 4.129E+04
  0.14792  0.83347  0.07402  0.816E-01   1.01907  0.679E+15   0.0667  11 3.835E+04
  0.10749  0.83664  0.06046  0.551E-01   1.01255  0.632E+15   0.0715  12 3.522E+04
  0.07977  0.83487  0.04939  0.346E-01   1.00718  0.588E+15   0.0771  13 3.276E+04
  0.06028  0.82874  0.04080  0.223E-01   1.00371  0.553E+15   0.0836  14 3.128E+04
  0.04532  0.82004  0.03371  0.117E-01   1.00172  0.522E+15   0.0913  15 3.047E+04
  0.03470  0.80571  0.02752  0.515E-02   1.00065  0.501E+15   0.1006  16 3.007E+04
  0.02630  0.78685  0.02200  0.367E-02   1.00024  0.485E+15   0.1121  17 2.990E+04
  0.01951  0.76245  0.01700  0.939E-03   1.00002  0.472E+15   0.1264  18 2.982E+04
  0.01399  0.73063  0.01258  0.607E-03   1.00000  0.461E+15   0.1449  19 2.982E+04
  0.00946  0.68887  0.00874  0.544E-03   1.00000  0.446E+15   0.1699  20 2.982E+04
                                         1.01040

     Scale:  L = 42.633     L+ = 43.138

               TB1 = 11490.1          Log EP0 = 38.183354
  TEMP IT no:           9

     0.5    -24.1770      0.3127   T* =  8592.3   TB = 11490.1

        XS        VS          LOG RH       TE          TR         W

        0.98    11935.73      -12.96    11160.70    12400.78    0.543
        0.94    12436.89      -13.03    10836.14    12040.15    0.503
        0.90    12981.97      -13.04    10511.57    11679.52    0.464
        0.86    13577.02      -13.05    10198.29    11331.44    0.420
        0.82    14229.25      -13.06     9855.38    10950.43    0.370
        0.78    14947.30      -13.11     9461.67    10512.97    0.315
        0.74    15741.68      -13.39     9048.85    10054.28    0.261
        0.70    16625.22      -13.77     8636.51     9596.12    0.220
        0.66    17613.85      -14.04     8285.36     9205.95    0.191
        0.62    18727.49      -14.31     7970.33     8855.93    0.170
        0.59    19991.46      -14.59     7597.23     8441.36    0.157
        0.55    21438.39      -14.96     7139.26     7932.51    0.150
        0.51    23111.11      -15.43     6669.38     7410.42    0.146
        0.47    25066.95      -15.95     6257.29     6952.55    0.141
        0.43    27384.44      -16.52     5917.46     6574.96    0.133
        0.39    30174.08      -17.14     5661.18     6290.20    0.121
        0.35    33596.55      -17.82     5470.30     6078.11    0.105
        0.31    37894.74      -18.59     5314.37     5904.86    0.088
        0.27    43454.04      -19.46     5168.22     5742.47    0.070
        0.23    50924.92      -20.47     5022.07     5580.08    0.053

         En consv. check  -0.172D-15


      NPK        ABS      ESC      event      no event            out of rg

     90000     60398     29602     16443     13159         0         0


                         No. pkts   =   90000
                         Esc to inf =   29602
                         No line ev =       0
  PW(2)=    27933.652424330881       RQ(JS,5)=    27933.652424330881     
  TB=   11490.095464397993       CLP=  3.55311016890598377E-005  CL=  3.57991137288217980E-005

     JP       LP       KP        KJ         L        NUJ        BT        NPK

  2.36583  0.67784  0.78805  0.296E+00   1.20544  0.991E+15   0.0398   1 1.463E+05
  1.92935  0.69246  0.65761  0.282E+00   1.18277  0.968E+15   0.0415   2 1.337E+05
  1.57877  0.70221  0.54289  0.256E+00   1.16031  0.938E+15   0.0433   3 1.213E+05
  1.28115  0.71144  0.44357  0.238E+00   1.13829  0.910E+15   0.0453   4 1.090E+05
  0.98099  0.73426  0.34630  0.212E+00   1.11364  0.877E+15   0.0475   5 9.416E+04
  0.70902  0.76590  0.25491  0.187E+00   1.08697  0.843E+15   0.0499   6 7.701E+04
  0.49306  0.79797  0.18291  0.163E+00   1.06303  0.803E+15   0.0525   7 6.154E+04
  0.35307  0.81756  0.13914  0.136E+00   1.04696  0.771E+15   0.0555   8 5.171E+04
  0.26044  0.82784  0.11259  0.127E+00   1.03654  0.749E+15   0.0588   9 4.650E+04
  0.19317  0.83400  0.09116  0.942E-01   1.02728  0.703E+15   0.0625  10 4.176E+04
  0.14664  0.83466  0.07446  0.791E-01   1.01960  0.672E+15   0.0667  11 3.828E+04
  0.10998  0.83438  0.06039  0.615E-01   1.01260  0.635E+15   0.0715  12 3.500E+04
  0.07965  0.83513  0.04937  0.369E-01   1.00726  0.582E+15   0.0771  13 3.254E+04
  0.06074  0.82817  0.04091  0.246E-01   1.00400  0.553E+15   0.0836  14 3.123E+04
  0.04548  0.81982  0.03367  0.123E-01   1.00174  0.517E+15   0.0913  15 3.025E+04
  0.03475  0.80565  0.02748  0.673E-02   1.00061  0.496E+15   0.1006  16 2.981E+04
  0.02634  0.78678  0.02198  0.319E-02   1.00023  0.480E+15   0.1121  17 2.969E+04
  0.01953  0.76241  0.01699  0.824E-03   1.00002  0.466E+15   0.1264  18 2.961E+04
  0.01399  0.73068  0.01257  0.468E-03   1.00001  0.455E+15   0.1449  19 2.960E+04
  0.00947  0.68886  0.00874  0.456E-03   1.00000  0.440E+15   0.1699  20 2.960E+04
                                         0.99251

     Scale:  L = 42.633     L+ = 43.141

               TB1 = 11511.7          Log EP0 = 38.186617
  TEMP IT no:          30

     0.4    -24.1770      0.3104   T* =  8592.3   TB = 11511.7

        XS        VS          LOG RH       TE          TR         W

        0.98    11935.73      -12.96    11193.45    12437.17    0.535
        0.94    12436.89      -13.03    10876.41    12084.90    0.495
        0.90    12981.97      -13.04    10559.36    11732.62    0.454
        0.86    13577.02      -13.05    10227.93    11364.37    0.414
        0.82    14229.25      -13.06     9872.78    10969.76    0.366
        0.78    14947.30      -13.11     9479.05    10532.28    0.314
        0.74    15741.68      -13.39     9067.08    10074.54    0.265
        0.70    16625.22      -13.77     8697.24     9663.60    0.224
        0.66    17613.85      -14.04     8348.39     9275.99    0.193
        0.62    18727.49      -14.31     7961.12     8845.69    0.174
        0.59    19991.46      -14.59     7562.32     8402.58    0.161
        0.55    21438.39      -14.96     7120.92     7912.13    0.152
        0.51    23111.11      -15.43     6647.11     7385.68    0.149
        0.47    25066.95      -15.95     6233.26     6925.85    0.144
        0.43    27384.44      -16.52     5890.22     6544.69    0.136
        0.39    30174.08      -17.14     5626.77     6251.97    0.124
        0.35    33596.55      -17.82     5435.86     6039.84    0.108
        0.31    37894.74      -18.59     5278.66     5865.18    0.090
        0.27    43454.04      -19.46     5132.30     5702.55    0.072
        0.23    50924.92      -20.47     4985.93     5539.93    0.054

         En consv. check  -0.476D-14


      NPK        ABS      ESC      event      no event            out of rg

     90000     60130     29870     16656     13214         0         0


                         No. pkts   =   90000
                         Esc to inf =   29870
                         No line ev =       0
  PW(2)=    28175.999155296973       RQ(JS,5)=    28175.999155296973     
  TB=   11511.701966667786       CLP=  3.57991137288216896E-005  CL=  3.54911992468598587E-005

     JP       LP       KP        KJ         L        NUJ        BT        NPK

  2.34240  0.68114  0.78586  0.302E+00   1.20449  0.100E+16   0.0398   1 1.470E+05
  1.90972  0.69564  0.65190  0.283E+00   1.18121  0.973E+15   0.0415   2 1.336E+05
  1.55069  0.70776  0.54038  0.255E+00   1.15936  0.937E+15   0.0433   3 1.214E+05
  1.25499  0.71747  0.43970  0.234E+00   1.13700  0.909E+15   0.0453   4 1.088E+05
  0.98632  0.73245  0.34656  0.215E+00   1.11340  0.881E+15   0.0475   5 9.488E+04
  0.71646  0.76315  0.25297  0.187E+00   1.08599  0.840E+15   0.0499   6 7.719E+04
  0.48274  0.80173  0.18011  0.165E+00   1.06180  0.813E+15   0.0525   7 6.102E+04
  0.34331  0.82189  0.13888  0.141E+00   1.04682  0.775E+15   0.0555   8 5.210E+04
  0.26315  0.82636  0.11238  0.124E+00   1.03638  0.752E+15   0.0588   9 4.679E+04
  0.19455  0.83311  0.09131  0.103E+00   1.02737  0.714E+15   0.0625  10 4.227E+04
  0.14506  0.83594  0.07426  0.767E-01   1.01950  0.671E+15   0.0667  11 3.848E+04
  0.10881  0.83562  0.06076  0.615E-01   1.01308  0.640E+15   0.0715  12 3.541E+04
  0.08135  0.83318  0.04976  0.396E-01   1.00783  0.594E+15   0.0771  13 3.311E+04
  0.06076  0.82816  0.04102  0.271E-01   1.00420  0.557E+15   0.0836  14 3.154E+04
  0.04558  0.81962  0.03376  0.133E-01   1.00192  0.521E+15   0.0913  15 3.058E+04
  0.03483  0.80542  0.02754  0.820E-02   1.00077  0.500E+15   0.1006  16 3.016E+04
  0.02635  0.78671  0.02200  0.241E-02   1.00027  0.482E+15   0.1121  17 2.997E+04
  0.01954  0.76234  0.01700  0.977E-03   1.00003  0.469E+15   0.1264  18 2.988E+04
  0.01398  0.73067  0.01257  0.520E-03   1.00000  0.457E+15   0.1449  19 2.987E+04
  0.00947  0.68887  0.00874  0.466E-03   1.00000  0.442E+15   0.1699  20 2.987E+04
                                         1.00868

     Scale:  L = 42.633     L+ = 43.137

               TB1 = 11486.9          Log EP0 = 38.182866

         En consv. check  -0.605D-14


      NPK        ABS      ESC      event      no event            out of rg

     90000     60159     29841     16655     13186         0         0


                         No. pkts   =   90000
                         Esc to inf =   29841
                         No line ev =       0
  PW(2)=    28120.911975661053       RQ(JS,5)=    28120.911975661053     
  TB=   11486.868178594594       CLP=  3.54911992468595402E-005  CL=  3.55607243771293975E-005

     JP       LP       KP        KJ         L        NUJ        BT        NPK

  2.37000  0.67797  0.78711  0.300E+00   1.20611  0.998E+15   0.0398   1 1.471E+05
  1.92558  0.69399  0.65420  0.277E+00   1.18296  0.964E+15   0.0415   2 1.338E+05
  1.59318  0.70000  0.54820  0.264E+00   1.16231  0.944E+15   0.0433   3 1.232E+05
  1.27237  0.71439  0.44324  0.243E+00   1.13903  0.915E+15   0.0453   4 1.098E+05
  0.98298  0.73443  0.34672  0.211E+00   1.11449  0.878E+15   0.0475   5 9.496E+04
  0.70587  0.76764  0.25332  0.180E+00   1.08717  0.834E+15   0.0499   6 7.697E+04
  0.48498  0.80181  0.18284  0.168E+00   1.06379  0.812E+15   0.0525   7 6.194E+04
  0.33857  0.82480  0.13918  0.144E+00   1.04775  0.775E+15   0.0555   8 5.224E+04
  0.26263  0.82739  0.11255  0.122E+00   1.03723  0.746E+15   0.0588   9 4.692E+04
  0.19715  0.83211  0.09145  0.103E+00   1.02812  0.714E+15   0.0625  10 4.241E+04
  0.14898  0.83335  0.07481  0.855E-01   1.02039  0.682E+15   0.0667  11 3.894E+04
  0.10986  0.83484  0.06095  0.574E-01   1.01349  0.637E+15   0.0715  12 3.568E+04
  0.08173  0.83286  0.04975  0.369E-01   1.00794  0.592E+15   0.0771  13 3.313E+04
  0.06013  0.82928  0.04087  0.232E-01   1.00411  0.552E+15   0.0836  14 3.144E+04
  0.04582  0.81927  0.03370  0.139E-01   1.00193  0.523E+15   0.0913  15 3.057E+04
  0.03481  0.80557  0.02753  0.851E-02   1.00083  0.500E+15   0.1006  16 3.014E+04
  0.02636  0.78677  0.02198  0.288E-02   1.00026  0.483E+15   0.1121  17 2.994E+04
  0.01957  0.76226  0.01699  0.133E-02   1.00005  0.471E+15   0.1264  18 2.985E+04
  0.01399  0.73065  0.01257  0.753E-03   1.00001  0.458E+15   0.1449  19 2.984E+04
  0.00947  0.68886  0.00874  0.577E-03   1.00000  0.443E+15   0.1699  20 2.984E+04
                                         0.99804

     Scale:  L = 42.633     L+ = 43.138

               TB1 = 11492.5          Log EP0 = 38.183716

         En consv. check   0.474D-14


      NPK        ABS      ESC      event      no event            out of rg

     90000     60273     29727     16511     13216         0         0


                         No. pkts   =   90000
                         Esc to inf =   29727
                         No line ev =       0
  PW(2)=    28009.235969929170       RQ(JS,5)=    28009.235969929170     
  TB=   11492.489572209617       CLP=  3.55607243771294043E-005  CL=  3.57025090250088955E-005

     JP       LP       KP        KJ         L        NUJ        BT        NPK

  2.34837  0.68218  0.78215  0.298E+00   1.20592  0.992E+15   0.0398   1 1.457E+05
  1.92746  0.69426  0.65777  0.284E+00   1.18426  0.973E+15   0.0415   2 1.342E+05
  1.59506  0.70017  0.54531  0.266E+00   1.16228  0.945E+15   0.0433   3 1.222E+05
  1.27344  0.71469  0.44520  0.240E+00   1.14007  0.911E+15   0.0453   4 1.098E+05
  1.00280  0.72930  0.35221  0.215E+00   1.11647  0.884E+15   0.0475   5 9.600E+04
  0.72999  0.76000  0.25981  0.187E+00   1.08948  0.847E+15   0.0499   6 7.878E+04
  0.48639  0.80136  0.18393  0.163E+00   1.06429  0.807E+15   0.0525   7 6.193E+04
  0.34782  0.82066  0.14051  0.143E+00   1.04834  0.775E+15   0.0555   8 5.240E+04
  0.26576  0.82571  0.11439  0.135E+00   1.03820  0.762E+15   0.0588   9 4.749E+04
  0.19934  0.83055  0.09240  0.108E+00   1.02857  0.720E+15   0.0625  10 4.264E+04
  0.14925  0.83291  0.07554  0.851E-01   1.02073  0.681E+15   0.0667  11 3.911E+04
  0.11052  0.83404  0.06103  0.602E-01   1.01339  0.639E+15   0.0715  12 3.557E+04
  0.08103  0.83354  0.04973  0.391E-01   1.00777  0.592E+15   0.0771  13 3.302E+04
  0.06018  0.82902  0.04080  0.201E-01   1.00383  0.548E+15   0.0836  14 3.125E+04
  0.04553  0.81972  0.03366  0.146E-01   1.00170  0.519E+15   0.0913  15 3.037E+04
  0.03465  0.80590  0.02749  0.563E-02   1.00065  0.496E+15   0.1006  16 2.996E+04
  0.02632  0.78688  0.02197  0.246E-02   1.00019  0.481E+15   0.1121  17 2.979E+04
  0.01954  0.76239  0.01700  0.825E-03   1.00004  0.468E+15   0.1264  18 2.974E+04
  0.01399  0.73067  0.01257  0.456E-03   1.00000  0.456E+15   0.1449  19 2.973E+04
  0.00947  0.68886  0.00874  0.412E-03   1.00000  0.442E+15   0.1699  20 2.973E+04
                                         0.99603

     Scale:  L = 42.633     L+ = 43.140

               TB1 = 11503.9          Log EP0 = 38.185444

         En consv. check   0.546D-15


      NPK        ABS      ESC      event      no event            out of rg

     90000     60347     29653     16406     13247         0         0


                         No. pkts   =   90000
                         Esc to inf =   29653
                         No line ev =       0
  PW(2)=    27959.765631754253       RQ(JS,5)=    27959.765631754253     
  TB=   11503.927949471290       CLP=  3.57025090250085838E-005  CL=  3.57656789105659565E-005

     JP       LP       KP        KJ         L        NUJ        BT        NPK

  2.33999  0.68288  0.78409  0.296E+00   1.20555  0.992E+15   0.0398   1 1.457E+05
  1.93155  0.69285  0.65802  0.283E+00   1.18366  0.971E+15   0.0415   2 1.340E+05
  1.59580  0.69934  0.55287  0.261E+00   1.16322  0.947E+15   0.0433   3 1.235E+05
  1.30274  0.70681  0.44893  0.239E+00   1.14023  0.912E+15   0.0453   4 1.105E+05
  1.00811  0.72715  0.34980  0.212E+00   1.11513  0.881E+15   0.0475   5 9.525E+04
  0.71125  0.76566  0.25522  0.192E+00   1.08755  0.849E+15   0.0499   6 7.729E+04
  0.48937  0.79991  0.18282  0.163E+00   1.06354  0.809E+15   0.0525   7 6.147E+04
  0.34757  0.82053  0.14007  0.145E+00   1.04790  0.779E+15   0.0555   8 5.221E+04
  0.25804  0.82957  0.11337  0.130E+00   1.03740  0.749E+15   0.0588   9 4.677E+04
  0.19859  0.83091  0.09224  0.109E+00   1.02835  0.722E+15   0.0625  10 4.245E+04
  0.14838  0.83361  0.07465  0.837E-01   1.02006  0.680E+15   0.0667  11 3.848E+04
  0.10990  0.83469  0.06113  0.614E-01   1.01355  0.641E+15   0.0715  12 3.543E+04
  0.08221  0.83215  0.04989  0.428E-01   1.00798  0.603E+15   0.0771  13 3.298E+04
  0.06061  0.82840  0.04092  0.292E-01   1.00404  0.556E+15   0.0836  14 3.127E+04
  0.04580  0.81917  0.03371  0.144E-01   1.00180  0.524E+15   0.0913  15 3.036E+04
  0.03479  0.80553  0.02748  0.587E-02   1.00062  0.499E+15   0.1006  16 2.988E+04
  0.02632  0.78684  0.02198  0.257E-02   1.00021  0.482E+15   0.1121  17 2.972E+04
  0.01954  0.76236  0.01700  0.101E-02   1.00005  0.469E+15   0.1264  18 2.967E+04
  0.01399  0.73065  0.01257  0.806E-03   1.00001  0.457E+15   0.1449  19 2.966E+04
  0.00947  0.68886  0.00874  0.495E-03   1.00000  0.443E+15   0.1699  20 2.965E+04
                                         0.99823

     Scale:  L = 42.633     L+ = 43.140

               TB1 = 11509.0          Log EP0 = 38.186211
     POWER:   0.2796E+05    INPUT FLUX:   0.9524E-10    INT. FLUX:  0.8621E-10

UNREDD. MAGS: U=    13.700 B=    13.697 V=    13.372 R=    13.197
UNREDD. COL.: U-B =  0.003 B-V =  0.326 V-R =  0.175

REDD. MAGS:   U=    15.549 B=    15.240 V=    14.556 R=    14.180
REDD. COL.:   U-B =  0.309 B-V =  0.684 V-R =  0.377

ABS. MAG:     U =  -17.740 B =  -17.743 V =  -18.068
MBol =  13.565  Bol. Corr. =   0.193  (MBol)o= -17.875
