        1     Ntot =  0.246D+10     Ne =  0.381D+10
        2     Ntot =  0.210D+10     Ne =  0.324D+10
        3     Ntot =  0.207D+10     Ne =  0.319D+10
        4     Ntot =  0.204D+10     Ne =  0.313D+10
        5     Ntot =  0.195D+10     Ne =  0.300D+10
        6     Ntot =  0.174D+10     Ne =  0.266D+10
        7     Ntot =  0.916D+09     Ne =  0.139D+10
        8     Ntot =  0.380D+09     Ne =  0.576D+09
        9     Ntot =  0.205D+09     Ne =  0.310D+09
       10     Ntot =  0.112D+09     Ne =  0.168D+09
       11     Ntot =  0.586D+08     Ne =  0.878D+08
       12     Ntot =  0.251D+08     Ne =  0.373D+08
       13     Ntot =  0.831D+07     Ne =  0.122D+08
       14     Ntot =  0.252D+07     Ne =  0.364D+07
       15     Ntot =  0.688D+06     Ne =  0.975D+06
       16     Ntot =  0.165D+06     Ne =  0.233D+06
       17     Ntot =  0.342D+05     Ne =  0.485D+05
       18     Ntot =  0.583D+04     Ne =  0.842D+04
       19     Ntot =  0.780D+03     Ne =  0.115D+04
       20     Ntot =  0.759D+02     Ne =  0.113D+03

  6   C                                       I           II          III         IV   
    0.98  11935.7  -12.9633  0.381D+10     0.1400D-07  0.1219D+00  0.8781D+00  0.3234D-07
    0.94  12436.9  -13.0314  0.324D+10     0.3284D-07  0.2169D+00  0.7831D+00  0.7555D-08
    0.90  12982.0  -13.0379  0.319D+10     0.9493D-07  0.4018D+00  0.5982D+00  0.1193D-08
    0.86  13577.0  -13.0453  0.313D+10     0.2468D-06  0.6411D+00  0.3589D+00  0.1248D-09
    0.82  14229.2  -13.0635  0.300D+10     0.5637D-06  0.8455D+00  0.1545D+00  0.7187D-11
    0.78  14947.3  -13.1135  0.266D+10     0.1143D-05  0.9515D+00  0.4848D-01  0.2145D-12
    0.74  15741.7  -13.3923  0.139D+10     0.1359D-05  0.9801D+00  0.1986D-01  0.1021D-13
    0.70  16625.2  -13.7745  0.576D+09     0.1221D-05  0.9895D+00  0.1051D-01  0.8414D-15
    0.66  17613.9  -14.0424  0.310D+09     0.1411D-05  0.9957D+00  0.4284D-02  0.4031D-16
    0.62  18727.5  -14.3059  0.168D+09     0.1814D-05  0.9986D+00  0.1375D-02  0.9732D-18
    0.59  19991.5  -14.5866  0.878D+08     0.2425D-05  0.9996D+00  0.3816D-03  0.1489D-19
    0.55  21438.4  -14.9553  0.373D+08     0.3164D-05  0.9999D+00  0.8756D-04  0.1098D-21
    0.51  23111.1  -15.4346  0.122D+08     0.3915D-05  0.1000D+01  0.1659D-04  0.3641D-24
    0.47  25067.0  -15.9527  0.364D+07     0.4361D-05  0.1000D+01  0.3510D-05  0.1490D-26
    0.43  27384.4  -16.5168  0.975D+06     0.4060D-05  0.1000D+01  0.9654D-06  0.1181D-28
    0.39  30174.1  -17.1355  0.233D+06     0.2903D-05  0.1000D+01  0.4113D-06  0.3073D-30
    0.35  33596.6  -17.8208  0.485D+05     0.1517D-05  0.1000D+01  0.2962D-06  0.3361D-31
    0.31  37894.7  -18.5887  0.842D+04     0.6193D-06  0.1000D+01  0.2971D-06  0.8349D-32
    0.27  43454.0  -19.4619  0.115D+04     0.2026D-06  0.1000D+01  0.3706D-06  0.3149D-32
    0.23  50924.9  -20.4739  0.113D+03     0.5212D-07  0.1000D+01  0.5553D-06  0.1480D-32

  8   O                                       I           II          III         IV   
    0.98  11935.7  -12.9633  0.381D+10     0.1603D-05  0.9964D+00  0.3644D-02  0.4590D-13
    0.94  12436.9  -13.0314  0.324D+10     0.2361D-05  0.9986D+00  0.1367D-02  0.3714D-14
    0.90  12982.0  -13.0379  0.319D+10     0.4133D-05  0.9996D+00  0.4131D-03  0.1888D-15
    0.86  13577.0  -13.0453  0.313D+10     0.7625D-05  0.9999D+00  0.1097D-03  0.6956D-17
    0.82  14229.2  -13.0635  0.300D+10     0.1523D-04  0.1000D+01  0.2380D-04  0.1556D-18
    0.78  14947.3  -13.1135  0.266D+10     0.3241D-04  0.1000D+01  0.4039D-05  0.1839D-20
    0.74  15741.7  -13.3923  0.139D+10     0.4465D-04  0.1000D+01  0.9068D-06  0.3366D-22
    0.70  16625.2  -13.7745  0.576D+09     0.4676D-04  0.1000D+01  0.2692D-06  0.1100D-23
    0.66  17613.9  -14.0424  0.310D+09     0.6266D-04  0.9999D+00  0.6107D-07  0.2059D-25
    0.62  18727.5  -14.3059  0.168D+09     0.9614D-04  0.9999D+00  0.1004D-07  0.1655D-27
    0.59  19991.5  -14.5866  0.878D+08     0.1575D-03  0.9998D+00  0.1334D-08  0.7438D-30
    0.55  21438.4  -14.9553  0.373D+08     0.2652D-03  0.9997D+00  0.1263D-09  0.1237D-32
    0.51  23111.1  -15.4346  0.122D+08     0.4507D-03  0.9995D+00  0.8263D-11  0.6770D-36
    0.47  25067.0  -15.9527  0.364D+07     0.6901D-03  0.9993D+00  0.5990D-12  0.4549D-39
    0.43  27384.4  -16.5168  0.975D+06     0.8648D-03  0.9991D+00  0.5963D-13  0.6559D-42
    0.39  30174.1  -17.1355  0.233D+06     0.7935D-03  0.9992D+00  0.1049D-13  0.3926D-44
    0.35  33596.6  -17.8208  0.485D+05     0.4984D-03  0.9995D+00  0.3671D-14  0.1317D-45
    0.31  37894.7  -18.5887  0.842D+04     0.2343D-03  0.9998D+00  0.1897D-14  0.1127D-46
    0.27  43454.0  -19.4619  0.115D+04     0.8561D-04  0.9999D+00  0.1189D-14  0.1435D-47
    0.23  50924.9  -20.4739  0.113D+03     0.2373D-04  0.1000D+01  0.8118D-15  0.2017D-48

 12   MG                                      I           II          III         IV   
    0.98  11935.7  -12.9633  0.381D+10     0.1953D-13  0.5327D-05  0.1000D+01  0.8365D-20
    0.94  12436.9  -13.0314  0.324D+10     0.3424D-13  0.8302D-05  0.1000D+01  0.9086D-21
    0.90  12982.0  -13.0379  0.319D+10     0.8617D-13  0.1554D-04  0.1000D+01  0.7392D-22
    0.86  13577.0  -13.0453  0.313D+10     0.2424D-12  0.3104D-04  0.1000D+01  0.4572D-23
    0.82  14229.2  -13.0635  0.300D+10     0.8220D-12  0.6925D-04  0.9999D+00  0.1867D-24
    0.78  14947.3  -13.1135  0.266D+10     0.3271D-11  0.1715D-03  0.9998D+00  0.4294D-26
    0.74  15741.7  -13.3923  0.139D+10     0.5666D-11  0.2842D-03  0.9997D+00  0.9906D-28
    0.70  16625.2  -13.7745  0.576D+09     0.6059D-11  0.3643D-03  0.9996D+00  0.3172D-29
    0.66  17613.9  -14.0424  0.310D+09     0.1058D-10  0.5942D-03  0.9994D+00  0.7383D-31
    0.62  18727.5  -14.3059  0.168D+09     0.2084D-10  0.1068D-02  0.9989D+00  0.7788D-33
    0.59  19991.5  -14.5866  0.878D+08     0.4188D-10  0.1992D-02  0.9980D+00  0.4604D-35
    0.55  21438.4  -14.9553  0.373D+08     0.7489D-10  0.3718D-02  0.9963D+00  0.9330D-38
    0.51  23111.1  -15.4346  0.122D+08     0.1136D-09  0.6838D-02  0.9932D+00  0.5583D-41
    0.47  25067.0  -15.9527  0.364D+07     0.1441D-09  0.1144D-01  0.9886D+00  0.3715D-44
    0.43  27384.4  -16.5168  0.975D+06     0.1355D-09  0.1602D-01  0.9840D+00  0.4577D-47
    0.39  30174.1  -17.1355  0.233D+06     0.8272D-10  0.1712D-01  0.9829D+00  0.1918D-49
    0.35  33596.6  -17.8208  0.485D+05     0.3019D-10  0.1327D-01  0.9867D+00  0.3571D-51
    0.31  37894.7  -18.5887  0.842D+04     0.7403D-11  0.8188D-02  0.9918D+00  0.1404D-52
    0.27  43454.0  -19.4619  0.115D+04     0.1279D-11  0.4230D-02  0.9958D+00  0.6905D-54
    0.23  50924.9  -20.4739  0.113D+03     0.1584D-12  0.1874D-02  0.9981D+00  0.3160D-55

 14   SI                                      I           II          III         IV   
    0.98  11935.7  -12.9633  0.381D+10     0.3025D-12  0.5151D-04  0.9754D+00  0.2457D-01
    0.94  12436.9  -13.0314  0.324D+10     0.5872D-12  0.8452D-04  0.9903D+00  0.9664D-02
    0.90  12982.0  -13.0379  0.319D+10     0.1609D-11  0.1652D-03  0.9968D+00  0.3045D-02
    0.86  13577.0  -13.0453  0.313D+10     0.4876D-11  0.3440D-03  0.9988D+00  0.8439D-03
    0.82  14229.2  -13.0635  0.300D+10     0.1741D-10  0.7996D-03  0.9990D+00  0.1916D-03
    0.78  14947.3  -13.1135  0.266D+10     0.7098D-10  0.2066D-02  0.9979D+00  0.3427D-04
    0.74  15741.7  -13.3923  0.139D+10     0.1230D-09  0.3580D-02  0.9964D+00  0.8171D-05
    0.70  16625.2  -13.7745  0.576D+09     0.1276D-09  0.4759D-02  0.9952D+00  0.2571D-05
    0.66  17613.9  -14.0424  0.310D+09     0.2161D-09  0.8040D-02  0.9920D+00  0.6204D-06
    0.62  18727.5  -14.3059  0.168D+09     0.4374D-09  0.1530D-01  0.9847D+00  0.1112D-06
    0.59  19991.5  -14.5866  0.878D+08     0.9344D-09  0.3060D-01  0.9694D+00  0.1634D-07
    0.55  21438.4  -14.9553  0.373D+08     0.1861D-08  0.6235D-01  0.9376D+00  0.1742D-08
    0.51  23111.1  -15.4346  0.122D+08     0.3235D-08  0.1254D+00  0.8746D+00  0.1281D-09
    0.47  25067.0  -15.9527  0.364D+07     0.4435D-08  0.2189D+00  0.7811D+00  0.9936D-11
    0.43  27384.4  -16.5168  0.975D+06     0.4263D-08  0.3108D+00  0.6892D+00  0.1029D-11
    0.39  30174.1  -17.1355  0.233D+06     0.2630D-08  0.3486D+00  0.6514D+00  0.1963D-12
    0.35  33596.6  -17.8208  0.485D+05     0.9913D-09  0.3055D+00  0.6945D+00  0.8124D-13
    0.31  37894.7  -18.5887  0.842D+04     0.2466D-09  0.2183D+00  0.7817D+00  0.5161D-13
    0.27  43454.0  -19.4619  0.115D+04     0.4027D-10  0.1262D+00  0.8738D+00  0.3930D-13
    0.23  50924.9  -20.4739  0.113D+03     0.4110D-11  0.5752D-01  0.9425D+00  0.3142D-13

 16   S                                       I           II          III         IV   
    0.98  11935.7  -12.9633  0.381D+10     0.2284D-09  0.5272D-02  0.9926D+00  0.2168D-02
    0.94  12436.9  -13.0314  0.324D+10     0.5733D-09  0.1004D-01  0.9891D+00  0.8108D-03
    0.90  12982.0  -13.0379  0.319D+10     0.2049D-08  0.2299D-01  0.9768D+00  0.2424D-03
    0.86  13577.0  -13.0453  0.313D+10     0.8169D-08  0.5624D-01  0.9437D+00  0.6241D-04
    0.82  14229.2  -13.0635  0.300D+10     0.3717D-07  0.1473D+00  0.8527D+00  0.1228D-04
    0.78  14947.3  -13.1135  0.266D+10     0.1679D-06  0.3670D+00  0.6330D+00  0.1552D-05
    0.74  15741.7  -13.3923  0.139D+10     0.3056D-06  0.5753D+00  0.4247D+00  0.2349D-06
    0.70  16625.2  -13.7745  0.576D+09     0.3363D-06  0.7062D+00  0.2938D+00  0.4843D-07
    0.66  17613.9  -14.0424  0.310D+09     0.4635D-06  0.8468D+00  0.1532D+00  0.5775D-08
    0.62  18727.5  -14.3059  0.168D+09     0.6457D-06  0.9409D+00  0.5911D-01  0.3751D-09
    0.59  19991.5  -14.5866  0.878D+08     0.8649D-06  0.9813D+00  0.1866D-01  0.1631D-10
    0.55  21438.4  -14.9553  0.373D+08     0.1072D-05  0.9952D+00  0.4812D-02  0.4188D-12
    0.51  23111.1  -15.4346  0.122D+08     0.1215D-05  0.9990D+00  0.1031D-02  0.6246D-14
    0.47  25067.0  -15.9527  0.364D+07     0.1237D-05  0.9998D+00  0.2449D-03  0.1137D-15
    0.43  27384.4  -16.5168  0.975D+06     0.1061D-05  0.9999D+00  0.7488D-04  0.3630D-17
    0.39  30174.1  -17.1355  0.233D+06     0.7131D-06  0.1000D+01  0.3495D-04  0.3091D-18
    0.35  33596.6  -17.8208  0.485D+05     0.3586D-06  0.1000D+01  0.2713D-04  0.8606D-19
    0.31  37894.7  -18.5887  0.842D+04     0.1431D-06  0.1000D+01  0.2920D-04  0.4876D-19
    0.27  43454.0  -19.4619  0.115D+04     0.4615D-07  0.1000D+01  0.3921D-04  0.4166D-19
    0.23  50924.9  -20.4739  0.113D+03     0.1186D-07  0.9999D+00  0.6398D-04  0.4687D-19

 20   CA                                      I           II          III         IV   
    0.98  11935.7  -12.9633  0.381D+10     0.5239D-15  0.5771D-06  0.1000D+01  0.6386D-08
    0.94  12436.9  -13.0314  0.324D+10     0.8001D-15  0.8011D-06  0.1000D+01  0.1536D-08
    0.90  12982.0  -13.0379  0.319D+10     0.1723D-14  0.1326D-05  0.1000D+01  0.2903D-09
    0.86  13577.0  -13.0453  0.313D+10     0.4038D-14  0.2313D-05  0.1000D+01  0.4583D-10
    0.82  14229.2  -13.0635  0.300D+10     0.1092D-13  0.4404D-05  0.1000D+01  0.5476D-11
    0.78  14947.3  -13.1135  0.266D+10     0.3263D-13  0.9003D-05  0.1000D+01  0.4552D-12
    0.74  15741.7  -13.3923  0.139D+10     0.4042D-13  0.1198D-04  0.1000D+01  0.4539D-13
    0.70  16625.2  -13.7745  0.576D+09     0.3081D-13  0.1232D-04  0.1000D+01  0.6086D-14
    0.66  17613.9  -14.0424  0.310D+09     0.3825D-13  0.1606D-04  0.1000D+01  0.6143D-15
    0.62  18727.5  -14.3059  0.168D+09     0.5186D-13  0.2244D-04  0.1000D+01  0.3841D-16
    0.59  19991.5  -14.5866  0.878D+08     0.6996D-13  0.3195D-04  0.1000D+01  0.1717D-17
    0.55  21438.4  -14.9553  0.373D+08     0.7892D-13  0.4359D-04  0.1000D+01  0.4257D-19
    0.51  23111.1  -15.4346  0.122D+08     0.7024D-13  0.5576D-04  0.9999D+00  0.5429D-21
    0.47  25067.0  -15.9527  0.364D+07     0.5257D-13  0.6524D-04  0.9999D+00  0.7661D-23
    0.43  27384.4  -16.5168  0.975D+06     0.3000D-13  0.6527D-04  0.9999D+00  0.1643D-24
    0.39  30174.1  -17.1355  0.233D+06     0.1170D-13  0.5168D-04  0.9999D+00  0.7808D-26
    0.35  33596.6  -17.8208  0.485D+05     0.2876D-14  0.3077D-04  0.1000D+01  0.9737D-27
    0.31  37894.7  -18.5887  0.842D+04     0.4752D-15  0.1460D-04  0.1000D+01  0.2028D-27
    0.27  43454.0  -19.4619  0.115D+04     0.5273D-16  0.5608D-05  0.1000D+01  0.5173D-28
    0.23  50924.9  -20.4739  0.113D+03     0.3729D-17  0.1697D-05  0.1000D+01  0.1354D-28

 22   TI                                      I           II          III         IV   
    0.98  11935.7  -12.9633  0.381D+10     0.1249D-14  0.1102D-05  0.4579D+00  0.5421D+00
    0.94  12436.9  -13.0314  0.324D+10     0.3095D-14  0.2312D-05  0.6473D+00  0.3527D+00
    0.90  12982.0  -13.0379  0.319D+10     0.9848D-14  0.5268D-05  0.8300D+00  0.1700D+00
    0.86  13577.0  -13.0453  0.313D+10     0.3024D-13  0.1118D-04  0.9351D+00  0.6489D-01
    0.82  14229.2  -13.0635  0.300D+10     0.1014D-12  0.2440D-04  0.9805D+00  0.1952D-01
    0.78  14947.3  -13.1135  0.266D+10     0.3710D-12  0.5629D-04  0.9952D+00  0.4700D-02
    0.74  15741.7  -13.3923  0.139D+10     0.5603D-12  0.8473D-04  0.9984D+00  0.1552D-02
    0.70  16625.2  -13.7745  0.576D+09     0.5096D-12  0.9816D-04  0.9992D+00  0.6704D-03
    0.66  17613.9  -14.0424  0.310D+09     0.7463D-12  0.1443D-03  0.9996D+00  0.2239D-03
    0.62  18727.5  -14.3059  0.168D+09     0.1217D-11  0.2313D-03  0.9997D+00  0.5921D-04
    0.59  19991.5  -14.5866  0.878D+08     0.2001D-11  0.3823D-03  0.9996D+00  0.1356D-04
    0.55  21438.4  -14.9553  0.373D+08     0.2850D-11  0.6215D-03  0.9994D+00  0.2522D-05
    0.51  23111.1  -15.4346  0.122D+08     0.3332D-11  0.9753D-03  0.9990D+00  0.3755D-06
    0.47  25067.0  -15.9527  0.364D+07     0.3239D-11  0.1393D-02  0.9986D+00  0.6157D-07
    0.43  27384.4  -16.5168  0.975D+06     0.2340D-11  0.1677D-02  0.9983D+00  0.1311D-07
    0.39  30174.1  -17.1355  0.233D+06     0.1108D-11  0.1560D-02  0.9984D+00  0.4400D-08
    0.35  33596.6  -17.8208  0.485D+05     0.3152D-12  0.1063D-02  0.9989D+00  0.2554D-08
    0.31  37894.7  -18.5887  0.842D+04     0.5908D-13  0.5746D-03  0.9994D+00  0.2057D-08
    0.27  43454.0  -19.4619  0.115D+04     0.7441D-14  0.2543D-03  0.9997D+00  0.1998D-08
    0.23  50924.9  -20.4739  0.113D+03     0.6074D-15  0.9135D-04  0.9999D+00  0.2171D-08

 24   CR                                      I           II          III         IV   
    0.98  11935.7  -12.9633  0.381D+10     0.1359D-13  0.7424D-05  0.9142D+00  0.8576D-01
    0.94  12436.9  -13.0314  0.324D+10     0.2711D-13  0.1222D-04  0.9617D+00  0.3831D-01
    0.90  12982.0  -13.0379  0.319D+10     0.7505D-13  0.2358D-04  0.9864D+00  0.1355D-01
    0.86  13577.0  -13.0453  0.313D+10     0.2266D-12  0.4778D-04  0.9957D+00  0.4207D-02
    0.82  14229.2  -13.0635  0.300D+10     0.8104D-12  0.1074D-03  0.9988D+00  0.1082D-02
    0.78  14947.3  -13.1135  0.266D+10     0.3332D-11  0.2675D-03  0.9995D+00  0.2239D-03
    0.74  15741.7  -13.3923  0.139D+10     0.5825D-11  0.4459D-03  0.9995D+00  0.6287D-04
    0.70  16625.2  -13.7745  0.576D+09     0.6131D-11  0.5739D-03  0.9994D+00  0.2318D-04
    0.66  17613.9  -14.0424  0.310D+09     0.1042D-10  0.9425D-03  0.9991D+00  0.6568D-05
    0.62  18727.5  -14.3059  0.168D+09     0.2022D-10  0.1731D-02  0.9983D+00  0.1424D-05
    0.59  19991.5  -14.5866  0.878D+08     0.4036D-10  0.3349D-02  0.9967D+00  0.2598D-06
    0.55  21438.4  -14.9553  0.373D+08     0.7271D-10  0.6639D-02  0.9934D+00  0.3639D-07
    0.51  23111.1  -15.4346  0.122D+08     0.1127D-09  0.1333D-01  0.9867D+00  0.3808D-08
    0.47  25067.0  -15.9527  0.364D+07     0.1449D-09  0.2445D-01  0.9756D+00  0.4354D-09
    0.43  27384.4  -16.5168  0.975D+06     0.1363D-09  0.3739D-01  0.9626D+00  0.6576D-10
    0.39  30174.1  -17.1355  0.233D+06     0.8171D-10  0.4317D-01  0.9568D+00  0.1651D-10
    0.35  33596.6  -17.8208  0.485D+05     0.2863D-10  0.3557D-01  0.9644D+00  0.7704D-11
    0.31  37894.7  -18.5887  0.842D+04     0.6553D-11  0.2302D-01  0.9770D+00  0.5145D-11
    0.27  43454.0  -19.4619  0.115D+04     0.1015D-11  0.1228D-01  0.9877D+00  0.4136D-11
    0.23  50924.9  -20.4739  0.113D+03     0.1046D-12  0.5438D-02  0.9946D+00  0.3645D-11

 26   FE                                      I           II          III         IV   
    0.98  11935.7  -12.9633  0.381D+10     0.5257D-13  0.1785D-04  0.9748D+00  0.2514D-01
    0.94  12436.9  -13.0314  0.324D+10     0.1067D-12  0.2908D-04  0.9891D+00  0.1092D-01
    0.90  12982.0  -13.0379  0.319D+10     0.3070D-12  0.5654D-04  0.9961D+00  0.3824D-02
    0.86  13577.0  -13.0453  0.313D+10     0.9799D-12  0.1171D-03  0.9987D+00  0.1190D-02
    0.82  14229.2  -13.0635  0.300D+10     0.3768D-11  0.2714D-03  0.9994D+00  0.3091D-03
    0.78  14947.3  -13.1135  0.266D+10     0.1698D-10  0.7024D-03  0.9992D+00  0.6493D-04
    0.74  15741.7  -13.3923  0.139D+10     0.3296D-10  0.1223D-02  0.9988D+00  0.1857D-04
    0.70  16625.2  -13.7745  0.576D+09     0.3860D-10  0.1644D-02  0.9983D+00  0.6979D-05
    0.66  17613.9  -14.0424  0.310D+09     0.7288D-10  0.2814D-02  0.9972D+00  0.2014D-05
    0.62  18727.5  -14.3059  0.168D+09     0.1564D-09  0.5349D-02  0.9947D+00  0.4415D-06
    0.59  19991.5  -14.5866  0.878D+08     0.3432D-09  0.1060D-01  0.9894D+00  0.8102D-07
    0.55  21438.4  -14.9553  0.373D+08     0.6781D-09  0.2125D-01  0.9788D+00  0.1134D-07
    0.51  23111.1  -15.4346  0.122D+08     0.1148D-08  0.4228D-01  0.9577D+00  0.1180D-08
    0.47  25067.0  -15.9527  0.364D+07     0.1597D-08  0.7564D-01  0.9244D+00  0.1336D-09
    0.43  27384.4  -16.5168  0.975D+06     0.1619D-08  0.1121D+00  0.8879D+00  0.1999D-10
    0.39  30174.1  -17.1355  0.233D+06     0.1062D-08  0.1277D+00  0.8723D+00  0.5055D-11
    0.35  33596.6  -17.8208  0.485D+05     0.4202D-09  0.1074D+00  0.8926D+00  0.2440D-11
    0.31  37894.7  -18.5887  0.842D+04     0.1114D-09  0.7257D-01  0.9274D+00  0.1706D-11
    0.27  43454.0  -19.4619  0.115D+04     0.2056D-10  0.4093D-01  0.9591D+00  0.1436D-11
    0.23  50924.9  -20.4739  0.113D+03     0.2663D-11  0.1973D-01  0.9803D+00  0.1328D-11

 27   CO                                      I           II          III         IV   
    0.98  11935.7  -12.9633  0.381D+10     0.1148D-12  0.3459D-04  0.9925D+00  0.7455D-02
    0.94  12436.9  -13.0314  0.324D+10     0.2309D-12  0.5621D-04  0.9970D+00  0.2948D-02
    0.90  12982.0  -13.0379  0.319D+10     0.6580D-12  0.1094D-03  0.9990D+00  0.9400D-03
    0.86  13577.0  -13.0453  0.313D+10     0.2081D-11  0.2274D-03  0.9995D+00  0.2648D-03
    0.82  14229.2  -13.0635  0.300D+10     0.7798D-11  0.5252D-03  0.9994D+00  0.6140D-04
    0.78  14947.3  -13.1135  0.266D+10     0.3348D-10  0.1340D-02  0.9986D+00  0.1127D-04
    0.74  15741.7  -13.3923  0.139D+10     0.6089D-10  0.2283D-02  0.9977D+00  0.2766D-05
    0.70  16625.2  -13.7745  0.576D+09     0.6553D-10  0.2964D-02  0.9970D+00  0.8955D-06
    0.66  17613.9  -14.0424  0.310D+09     0.1143D-09  0.4914D-02  0.9951D+00  0.2220D-06
    0.62  18727.5  -14.3059  0.168D+09     0.2406D-09  0.9439D-02  0.9906D+00  0.4069D-07
    0.59  19991.5  -14.5866  0.878D+08     0.5404D-09  0.1951D-01  0.9805D+00  0.6103D-08
    0.55  21438.4  -14.9553  0.373D+08     0.1154D-08  0.4245D-01  0.9575D+00  0.6645D-09
    0.51  23111.1  -15.4346  0.122D+08     0.2201D-08  0.9425D-01  0.9058D+00  0.5008D-10
    0.47  25067.0  -15.9527  0.364D+07     0.3292D-08  0.1806D+00  0.8194D+00  0.3981D-11
    0.43  27384.4  -16.5168  0.975D+06     0.3392D-08  0.2748D+00  0.7252D+00  0.4188D-12
    0.39  30174.1  -17.1355  0.233D+06     0.2191D-08  0.3183D+00  0.6817D+00  0.8032D-13
    0.35  33596.6  -17.8208  0.485D+05     0.8461D-09  0.2779D+00  0.7221D+00  0.3338D-13
    0.31  37894.7  -18.5887  0.842D+04     0.2112D-09  0.1923D+00  0.8077D+00  0.2131D-13
    0.27  43454.0  -19.4619  0.115D+04     0.3375D-10  0.1046D+00  0.8954D+00  0.1631D-13
    0.23  50924.9  -20.4739  0.113D+03     0.3249D-11  0.4313D-01  0.9569D+00  0.1317D-13

 28   NI                                      I           II          III         IV   
    0.98  11935.7  -12.9633  0.381D+10     0.2290D-12  0.5776D-04  0.9971D+00  0.2826D-02
    0.94  12436.9  -13.0314  0.324D+10     0.4708D-12  0.9611D-04  0.9988D+00  0.1057D-02
    0.90  12982.0  -13.0379  0.319D+10     0.1377D-11  0.1922D-03  0.9995D+00  0.3186D-03
    0.86  13577.0  -13.0453  0.313D+10     0.4488D-11  0.4125D-03  0.9995D+00  0.8440D-04
    0.82  14229.2  -13.0635  0.300D+10     0.1741D-10  0.9917D-03  0.9990D+00  0.1824D-04
    0.78  14947.3  -13.1135  0.266D+10     0.7806D-10  0.2662D-02  0.9973D+00  0.3078D-05
    0.74  15741.7  -13.3923  0.139D+10     0.1494D-09  0.4814D-02  0.9952D+00  0.6866D-06
    0.70  16625.2  -13.7745  0.576D+09     0.1694D-09  0.6653D-02  0.9933D+00  0.2025D-06
    0.66  17613.9  -14.0424  0.310D+09     0.3118D-09  0.1173D-01  0.9883D+00  0.4558D-07
    0.62  18727.5  -14.3059  0.168D+09     0.6958D-09  0.2389D-01  0.9761D+00  0.7442D-08
    0.59  19991.5  -14.5866  0.878D+08     0.1649D-08  0.5193D-01  0.9481D+00  0.9717D-09
    0.55  21438.4  -14.9553  0.373D+08     0.3666D-08  0.1166D+00  0.8834D+00  0.8734D-10
    0.51  23111.1  -15.4346  0.122D+08     0.6913D-08  0.2533D+00  0.7467D+00  0.4938D-11
    0.47  25067.0  -15.9527  0.364D+07     0.9463D-08  0.4413D+00  0.5587D+00  0.2727D-12
    0.43  27384.4  -16.5168  0.975D+06     0.8698D-08  0.5988D+00  0.4012D+00  0.1976D-13
    0.39  30174.1  -17.1355  0.233D+06     0.5374D-08  0.6682D+00  0.3318D+00  0.2901D-14
    0.35  33596.6  -17.8208  0.485D+05     0.2258D-08  0.6440D+00  0.3560D+00  0.1093D-14
    0.31  37894.7  -18.5887  0.842D+04     0.6835D-09  0.5507D+00  0.4493D+00  0.7140D-15
    0.27  43454.0  -19.4619  0.115D+04     0.1427D-09  0.4002D+00  0.5998D+00  0.5970D-15
    0.23  50924.9  -20.4739  0.113D+03     0.1836D-10  0.2260D+00  0.7740D+00  0.5234D-15

 31   GA                                      I           II          III         IV   
    0.98  11935.7  -12.9633  0.381D+10     0.1855D-23  0.5953D-15  0.2606D-11  0.2042D-12
    0.94  12436.9  -13.0314  0.324D+10     0.1001D-22  0.2658D-14  0.6423D-11  0.2100D-12
    0.90  12982.0  -13.0379  0.319D+10     0.1110D-21  0.2067D-13  0.2279D-10  0.2524D-12
    0.86  13577.0  -13.0453  0.313D+10     0.1568D-20  0.1982D-12  0.9192D-10  0.3075D-12
    0.82  14229.2  -13.0635  0.300D+10     0.3329D-19  0.2690D-11  0.4598D-09  0.3868D-12
    0.78  14947.3  -13.1135  0.266D+10     0.1022D-17  0.5132D-10  0.2813D-08  0.4796D-12
    0.74  15741.7  -13.3923  0.139D+10     0.6051D-17  0.3008D-09  0.7673D-08  0.3600D-12
    0.70  16625.2  -13.7745  0.576D+09     0.1261D-16  0.7997D-09  0.1241D-07  0.2111D-12
    0.66  17613.9  -14.0424  0.310D+09     0.6890D-16  0.4422D-08  0.3258D-07  0.1548D-12
    0.62  18727.5  -14.3059  0.168D+09     0.5575D-15  0.3582D-07  0.1061D-06  0.1077D-12
    0.59  19991.5  -14.5866  0.878D+08     0.5254D-14  0.3484D-06  0.3779D-06  0.6925D-13
    0.55  21438.4  -14.9553  0.373D+08     0.4902D-13  0.3851D-05  0.1381D-05  0.3517D-13
    0.51  23111.1  -15.4346  0.122D+08     0.4226D-12  0.4684D-04  0.5028D-05  0.1340D-13
    0.47  25067.0  -15.9527  0.364D+07     0.2479D-11  0.4260D-03  0.1511D-04  0.4650D-14
    0.43  27384.4  -16.5168  0.975D+06     0.7083D-11  0.2141D-02  0.3131D-04  0.1479D-14
    0.39  30174.1  -17.1355  0.233D+06     0.6745D-11  0.4206D-02  0.3645D-04  0.4372D-15
    0.35  33596.6  -17.8208  0.485D+05     0.1727D-11  0.2688D-02  0.2133D-04  0.1192D-15
    0.31  37894.7  -18.5887  0.842D+04     0.1702D-12  0.7935D-03  0.7660D-05  0.2838D-16
    0.27  43454.0  -19.4619  0.115D+04     0.7696D-14  0.1312D-03  0.1874D-05  0.5557D-17
    0.23  50924.9  -20.4739  0.113D+03     0.1656D-15  0.1298D-04  0.3240D-06  0.8478D-18

 32   GE                                      I           II          III         IV   
    0.98  11935.7  -12.9633  0.381D+10     0.1699D-12  0.3699D-04  0.9883D+00  0.1167D-01
    0.94  12436.9  -13.0314  0.324D+10     0.3472D-12  0.5939D-04  0.9955D+00  0.4453D-02
    0.90  12982.0  -13.0379  0.319D+10     0.1004D-11  0.1140D-03  0.9985D+00  0.1367D-02
    0.86  13577.0  -13.0453  0.313D+10     0.3213D-11  0.2331D-03  0.9994D+00  0.3690D-03
    0.82  14229.2  -13.0635  0.300D+10     0.1226D-10  0.5306D-03  0.9994D+00  0.8151D-04
    0.78  14947.3  -13.1135  0.266D+10     0.5401D-10  0.1336D-02  0.9987D+00  0.1412D-04
    0.74  15741.7  -13.3923  0.139D+10     0.1008D-09  0.2244D-02  0.9978D+00  0.3252D-05
    0.70  16625.2  -13.7745  0.576D+09     0.1116D-09  0.2888D-02  0.9971D+00  0.9898D-06
    0.66  17613.9  -14.0424  0.310D+09     0.1984D-09  0.4726D-02  0.9953D+00  0.2310D-06
    0.62  18727.5  -14.3059  0.168D+09     0.4113D-09  0.8740D-02  0.9913D+00  0.3970D-07
    0.59  19991.5  -14.5866  0.878D+08     0.8886D-09  0.1708D-01  0.9829D+00  0.5574D-08
    0.55  21438.4  -14.9553  0.373D+08     0.1772D-08  0.3430D-01  0.9657D+00  0.5646D-09
    0.51  23111.1  -15.4346  0.122D+08     0.3082D-08  0.6902D-01  0.9310D+00  0.3956D-10
    0.47  25067.0  -15.9527  0.364D+07     0.4316D-08  0.1229D+00  0.8771D+00  0.2990D-11
    0.43  27384.4  -16.5168  0.975D+06     0.4302D-08  0.1790D+00  0.8210D+00  0.3055D-12
    0.39  30174.1  -17.1355  0.233D+06     0.2726D-08  0.1998D+00  0.8002D+00  0.5651D-13
    0.35  33596.6  -17.8208  0.485D+05     0.1022D-08  0.1652D+00  0.8348D+00  0.2183D-13
    0.31  37894.7  -18.5887  0.842D+04     0.2474D-09  0.1075D+00  0.8925D+00  0.1265D-13
    0.27  43454.0  -19.4619  0.115D+04     0.3909D-10  0.5577D-01  0.9442D+00  0.8764D-14
    0.23  50924.9  -20.4739  0.113D+03     0.3869D-11  0.2266D-01  0.9773D+00  0.6459D-14
