
     NP4 =     9     ITT =  4     JS = 20      KB = 501 XE1= 0.150

     Day = 19.60     Log Taug = -3.700

     CHL(eV) = 25.0     NC =  5

     WVM1 = 0.2500    WVM2 = 1.2000       KG =  1500

                  LOG R/RS     LOG L/LS         VEL LB          TB

                   4.303       9.480            8250.0       10000.0


                     1.0000



       RADIUS    VELOCITY  DENSITY    MASS    TOT. MASS   NEWMASS NEWTOT. MASS Kin. En.
   1  0.53D+14    193.09  0.19D-12  0.582D-04  0.582D-04  0.152D-02  0.152D-02  0.284D+12
   2  0.46D+15   1699.64  0.12D-12  0.204D-01  0.205D-01  0.508D-01  0.523D-01  0.734D+15
   3  0.76D+15   2779.51  0.82D-13  0.566D-01  0.770D-01  0.808D-01  0.133D+00  0.385D+16
   4  0.10D+16   3736.92  0.58D-13  0.754D-01  0.152D+00  0.907D-01  0.224D+00  0.102D+17
   5  0.12D+16   4553.08  0.43D-13  0.773D-01  0.230D+00  0.910D-01  0.315D+00  0.196D+17
   6  0.15D+16   5334.55  0.32D-13  0.790D-01  0.309D+00  0.943D-01  0.409D+00  0.330D+17
   7  0.17D+16   6153.91  0.24D-13  0.826D-01  0.391D+00  0.986D-01  0.508D+00  0.517D+17
   8  0.19D+16   7036.23  0.17D-13  0.841D-01  0.475D+00  0.115D+00  0.623D+00  0.802D+17
   9  0.22D+16   8256.81  0.11D-13  0.102D+00  0.577D+00  0.105D+00  0.728D+00  0.116D+18
  10  0.25D+16   9216.44  0.86D-14  0.808D-01  0.658D+00  0.891D-01  0.817D+00  0.154D+18
  11  0.28D+16  10159.20  0.72D-14  0.812D-01  0.739D+00  0.101D+00  0.918D+00  0.206D+18
  12  0.31D+16  11337.24  0.49D-14  0.853D-01  0.825D+00  0.882D-01  0.101D+01  0.263D+18
  13  0.34D+16  12358.60  0.33D-14  0.613D-01  0.886D+00  0.721D-01  0.108D+01  0.318D+18
  14  0.37D+16  13539.64  0.32D-14  0.820D-01  0.968D+00  0.716D-01  0.115D+01  0.383D+18
  15  0.39D+16  14262.30  0.31D-14  0.552D-01  0.102D+01  0.653D-01  0.122D+01  0.450D+18
  16  0.41D+16  15158.44  0.27D-14  0.662D-01  0.109D+01  0.985D-01  0.131D+01  0.563D+18
  17  0.46D+16  16746.85  0.54D-15  0.277D-01  0.112D+01  0.555D-01  0.137D+01  0.641D+18
  18  0.57D+16  20745.14  0.64D-16  0.116D-01  0.113D+01  0.989D-02  0.138D+01  0.662D+18
  19  0.61D+16  22490.48  0.20D-16  0.205D-02  0.113D+01  0.109D-02  0.138D+01  0.665D+18
 /, Kin. En. =    51.121343040386641     

      XS      VS        LOG RH      TE       TR       W    SH M    TOTM

      0.98   8429.12    -13.35   8592.27   9546.97  0.397  0.035  0.035
      0.94   8811.75    -13.40   8592.27   9546.97  0.324  0.038  0.074
      0.89   9230.77    -13.45   8592.27   9546.97  0.276  0.041  0.115
      0.85   9691.63    -13.49   8592.27   9546.97  0.238  0.046  0.160
      0.81  10200.93    -13.53   8592.27   9546.97  0.206  0.051  0.211
      0.77  10766.72    -13.61   8592.27   9546.97  0.179  0.052  0.263
      0.72  11398.96    -13.70   8592.27   9546.97  0.155  0.053  0.317
      0.68  12110.09    -13.82   8592.27   9546.97  0.134  0.052  0.369
      0.64  12915.85    -13.86   8592.27   9546.97  0.115  0.061  0.429
      0.60  13836.48    -13.88   8592.27   9546.97  0.099  0.077  0.506
      0.55  14898.42    -13.94   8592.27   9546.97  0.084  0.091  0.597
      0.51  16136.92    -14.39   8592.27   9546.97  0.070  0.044  0.641
      0.47  17600.00    -14.86   8592.27   9546.97  0.058  0.021  0.661
      0.43  19354.84    -15.27   8592.27   9546.97  0.048  0.012  0.673
      0.38  21498.37    -15.80   8592.27   9546.97  0.038  0.005  0.679
      0.34  24175.82    -16.55   8592.27   9546.97  0.030  0.002  0.680
      0.30  27615.06    -17.40   8592.27   9546.97  0.023  0.000  0.681
      0.26  32195.12    -18.37   8592.27   9546.97  0.017  0.000  0.681
      0.21  38596.49    -19.53   8592.27   9546.97  0.012  0.000  0.681
      0.17  48175.18    -20.95   8592.27   9546.97  0.007  0.000  0.681

        XS        VS          LOG RH       TE          TR         W

        0.98     8429.12      -13.35     8592.27     9546.97    0.397
        0.94     8811.75      -13.40     8592.27     9546.97    0.324
        0.89     9230.77      -13.45     8592.27     9546.97    0.276
        0.85     9691.63      -13.49     8592.27     9546.97    0.238
        0.81    10200.93      -13.53     8592.27     9546.97    0.206
        0.77    10766.72      -13.61     8592.27     9546.97    0.179
        0.72    11398.96      -13.70     8592.27     9546.97    0.155
        0.68    12110.09      -13.82     8592.27     9546.97    0.134
        0.64    12915.85      -13.86     8592.27     9546.97    0.115
        0.60    13836.48      -13.88     8592.27     9546.97    0.099
        0.55    14898.42      -13.94     8592.27     9546.97    0.084
        0.51    16136.92      -14.39     8592.27     9546.97    0.070
        0.47    17600.00      -14.86     8592.27     9546.97    0.058
        0.43    19354.84      -15.27     8592.27     9546.97    0.048
        0.38    21498.37      -15.80     8592.27     9546.97    0.038
        0.34    24175.82      -16.55     8592.27     9546.97    0.030
        0.30    27615.06      -17.40     8592.27     9546.97    0.023
        0.26    32195.12      -18.37     8592.27     9546.97    0.017
        0.21    38596.49      -19.53     8592.27     9546.97    0.012
        0.17    48175.18      -20.95     8592.27     9546.97    0.007

     No. of ions =  30            Total No. Included = 53118


         En consv. check  -0.680D-14


      NPK        ABS      ESC      event      no event            out of rg

     90000     52008     37992     22508     15484         0         0


                         No. pkts   =   90000
                         Esc to inf =   37992
                         No line ev =       0
  PW(2)=    36125.908337923065       RQ(JS,5)=    36125.908337923065     
  TB=   10000.000000000000       CLP=  1.33750607507601758E-005  CL=  2.76809648811031531E-005

     JP       LP       KP        KJ         L        NUJ        BT        NPK

  1.68709  0.85706  0.56114  0.256E+00   1.12346  0.818E+15   0.0281   1 1.334E+05
  1.37768  0.86170  0.47560  0.240E+00   1.11294  0.802E+15   0.0294   2 1.233E+05
  1.14500  0.86135  0.40713  0.234E+00   1.10357  0.794E+15   0.0308   3 1.158E+05
  0.96860  0.85632  0.34777  0.233E+00   1.09441  0.791E+15   0.0323   4 1.093E+05
  0.79798  0.85422  0.29096  0.225E+00   1.08431  0.781E+15   0.0340   5 1.017E+05
  0.65076  0.85201  0.24096  0.219E+00   1.07406  0.767E+15   0.0359   6 9.399E+04
  0.52387  0.85000  0.19948  0.218E+00   1.06433  0.768E+15   0.0380   7 8.713E+04
  0.40493  0.85189  0.16176  0.202E+00   1.05401  0.750E+15   0.0404   8 7.939E+04
  0.33023  0.84392  0.13270  0.207E+00   1.04489  0.743E+15   0.0431   9 7.412E+04
  0.24588  0.84593  0.10358  0.193E+00   1.03360  0.729E+15   0.0462  10 6.611E+04
  0.16866  0.85488  0.07482  0.167E+00   1.01986  0.692E+15   0.0497  11 5.480E+04
  0.10211  0.87188  0.05351  0.119E+00   1.00843  0.621E+15   0.0538  12 4.461E+04
  0.06843  0.87518  0.04208  0.658E-01   1.00320  0.556E+15   0.0587  13 4.020E+04
  0.04923  0.87022  0.03443  0.331E-01   1.00109  0.517E+15   0.0646  14 3.865E+04
  0.03683  0.85922  0.02808  0.164E-01   1.00032  0.496E+15   0.0717  15 3.816E+04
  0.02737  0.84397  0.02232  0.971E-02   1.00008  0.484E+15   0.0806  16 3.802E+04
  0.01990  0.82349  0.01707  0.832E-02   1.00003  0.476E+15   0.0921  17 3.800E+04
  0.01385  0.79634  0.01238  0.692E-02   1.00001  0.466E+15   0.1074  18 3.799E+04
  0.00902  0.75887  0.00834  0.557E-02   1.00000  0.454E+15   0.1287  19 3.799E+04
  0.00530  0.70433  0.00503  0.453E-02   1.00000  0.436E+15   0.1607  20 3.799E+04
                                         0.48319

     Scale:  L = 43.063     L+ = 43.459

               TB1 = 11994.2          Log EP0 = 38.504926
  TEMP IT no:           1

    12.2    -24.1770      0.4014   T* =  9547.0   TB = 11994.2

        XS        VS          LOG RH       TE          TR         W

        0.98     8429.12      -13.35     8989.91     9988.79    1.368
        0.94     8811.75      -13.40     8921.04     9912.27    1.198
        0.89     9230.77      -13.45     8852.17     9835.75    1.027
        0.85     9691.63      -13.49     8804.49     9782.77    0.878
        0.81    10200.93      -13.53     8730.84     9700.94    0.751
        0.77    10766.72      -13.61     8658.41     9620.46    0.635
        0.72    11398.96      -13.70     8601.25     9556.95    0.522
        0.68    12110.09      -13.82     8518.13     9464.59    0.429
        0.64    12915.85      -13.86     8425.08     9361.20    0.353
        0.60    13836.48      -13.88     8282.58     9202.87    0.283
        0.55    14898.42      -13.94     7970.41     8856.01    0.224
        0.51    16136.92      -14.39     7490.17     8322.41    0.184
        0.47    17600.00      -14.86     7016.70     7796.33    0.158
        0.43    19354.84      -15.27     6692.51     7436.12    0.136
        0.38    21498.37      -15.80     6509.37     7232.64    0.113
        0.34    24175.82      -16.55     6405.88     7117.65    0.090
        0.30    27615.06      -17.40     6330.41     7033.79    0.068
        0.26    32195.12      -18.37     6249.38     6943.76    0.050
        0.21    38596.49      -19.53     6145.95     6828.83    0.035
        0.17    48175.18      -20.95     6042.51     6713.90    0.020

         En consv. check   0.195D-14


      NPK        ABS      ESC      event      no event            out of rg

     90000     52270     37730     23891     13839         0         0


                         No. pkts   =   90000
                         Esc to inf =   37730
                         No line ev =       0
  PW(2)=    35291.197774035638       RQ(JS,5)=    35291.197774035638     
  TB=   11994.202180572642       CLP=  2.76809648811032818E-005  CL=  2.83356775364455837E-005

     JP       LP       KP        KJ         L        NUJ        BT        NPK

  1.75120  0.87510  0.57757  0.232E+00   1.15101  0.956E+15   0.0281   1 1.345E+05
  1.39396  0.88490  0.48367  0.195E+00   1.13948  0.911E+15   0.0294   2 1.229E+05
  1.16853  0.88297  0.41512  0.180E+00   1.13013  0.898E+15   0.0308   3 1.157E+05
  0.98878  0.87780  0.35685  0.170E+00   1.12119  0.880E+15   0.0323   4 1.100E+05
  0.83339  0.87160  0.30527  0.159E+00   1.11212  0.871E+15   0.0340   5 1.045E+05
  0.70101  0.86395  0.26103  0.154E+00   1.10329  0.864E+15   0.0359   6 9.984E+04
  0.59451  0.85274  0.22421  0.150E+00   1.09486  0.856E+15   0.0380   7 9.679E+04
  0.49604  0.84185  0.19089  0.141E+00   1.08592  0.850E+15   0.0404   8 9.312E+04
  0.41348  0.82826  0.16134  0.139E+00   1.07658  0.847E+15   0.0431   9 8.972E+04
  0.33756  0.81504  0.13153  0.131E+00   1.06490  0.833E+15   0.0462  10 8.429E+04
  0.23562  0.82469  0.09668  0.112E+00   1.04731  0.801E+15   0.0497  11 7.183E+04
  0.14993  0.84223  0.06656  0.820E-01   1.02896  0.741E+15   0.0538  12 5.737E+04
  0.09737  0.85085  0.04888  0.544E-01   1.01708  0.685E+15   0.0587  13 4.894E+04
  0.06374  0.85374  0.03677  0.375E-01   1.00856  0.633E+15   0.0646  14 4.329E+04
  0.04242  0.85098  0.02813  0.232E-01   1.00308  0.584E+15   0.0717  15 3.966E+04
  0.02895  0.84149  0.02187  0.780E-02   1.00069  0.538E+15   0.0806  16 3.809E+04
  0.02045  0.82271  0.01674  0.288E-02   1.00013  0.517E+15   0.0921  17 3.778E+04
  0.01408  0.79601  0.01220  0.215E-02   1.00002  0.504E+15   0.1074  18 3.773E+04
  0.00912  0.75871  0.00825  0.177E-02   1.00000  0.490E+15   0.1287  19 3.773E+04
  0.00534  0.70426  0.00500  0.131E-02   1.00000  0.470E+15   0.1607  20 3.773E+04
                                         0.97689

     Scale:  L = 43.063     L+ = 43.469

               TB1 = 12064.5          Log EP0 = 38.515079
  TEMP IT no:           2

     7.8    -24.1770      0.3921   T* =  9547.0   TB = 12064.5

        XS        VS          LOG RH       TE          TR         W

        0.98     8429.12      -13.35    10121.72    11246.36    0.876
        0.94     8811.75      -13.40     9927.57    11030.63    0.795
        0.89     9230.77      -13.45     9733.42    10814.91    0.714
        0.85     9691.63      -13.49     9600.91    10667.68    0.636
        0.81    10200.93      -13.53     9495.09    10550.10    0.561
        0.77    10766.72      -13.61     9412.42    10458.25    0.490
        0.72    11398.96      -13.70     9336.36    10373.73    0.427
        0.68    12110.09      -13.82     9268.48    10298.32    0.368
        0.64    12915.85      -13.86     9185.61    10206.23    0.317
        0.60    13836.48      -13.88     9009.14    10010.16    0.271
        0.55    14898.42      -13.94     8642.11     9602.35    0.228
        0.51    16136.92      -14.39     8100.60     9000.66    0.193
        0.47    17600.00      -14.86     7528.58     8365.09    0.167
        0.43    19354.84      -15.27     7018.12     7797.91    0.145
        0.38    21498.37      -15.80     6571.41     7301.57    0.126
        0.34    24175.82      -16.55     6217.14     6907.94    0.108
        0.30    27615.06      -17.40     5994.12     6660.13    0.087
        0.26    32195.12      -18.37     5847.98     6497.76    0.066
        0.21    38596.49      -19.53     5697.54     6330.60    0.048
        0.17    48175.18      -20.95     5547.11     6163.45    0.029

         En consv. check   0.110D-13


      NPK        ABS      ESC      event      no event            out of rg

     90000     50046     39954     23299     16655         0         0


                         No. pkts   =   90000
                         Esc to inf =   39954
                         No line ev =       0
  PW(2)=    37625.825737601648       RQ(JS,5)=    37625.825737601648     
  TB=   12064.503661429408       CLP=  2.83356775364457632E-005  CL=  2.65774898064401172E-005

     JP       LP       KP        KJ         L        NUJ        BT        NPK

  1.58579  0.88001  0.53617  0.261E+00   1.13162  0.992E+15   0.0281   1 1.329E+05
  1.29834  0.88391  0.45061  0.239E+00   1.12119  0.963E+15   0.0294   2 1.220E+05
  1.06716  0.88545  0.38150  0.212E+00   1.11176  0.934E+15   0.0308   3 1.132E+05
  0.90605  0.88015  0.32637  0.205E+00   1.10331  0.925E+15   0.0323   4 1.071E+05
  0.74536  0.87839  0.27684  0.190E+00   1.09465  0.909E+15   0.0340   5 1.006E+05
  0.61918  0.87345  0.23394  0.183E+00   1.08611  0.897E+15   0.0359   6 9.495E+04
  0.51335  0.86709  0.19679  0.175E+00   1.07765  0.883E+15   0.0380   7 8.967E+04
  0.41580  0.86221  0.16593  0.171E+00   1.06963  0.878E+15   0.0404   8 8.505E+04
  0.34261  0.85251  0.13992  0.167E+00   1.06184  0.874E+15   0.0431   9 8.151E+04
  0.27238  0.84536  0.11374  0.149E+00   1.05214  0.856E+15   0.0462  10 7.618E+04
  0.20193  0.84498  0.08662  0.137E+00   1.03925  0.835E+15   0.0497  11 6.714E+04
  0.13291  0.85607  0.06335  0.105E+00   1.02616  0.785E+15   0.0538  12 5.679E+04
  0.09261  0.85656  0.04864  0.834E-01   1.01748  0.746E+15   0.0587  13 5.077E+04
  0.06452  0.85344  0.03773  0.554E-01   1.01073  0.696E+15   0.0646  14 4.662E+04
  0.04356  0.84923  0.02902  0.336E-01   1.00528  0.645E+15   0.0717  15 4.312E+04
  0.03005  0.83854  0.02219  0.197E-01   1.00169  0.604E+15   0.0806  16 4.093E+04
  0.02059  0.82209  0.01682  0.554E-02   1.00041  0.565E+15   0.0921  17 4.014E+04
  0.01413  0.79556  0.01222  0.267E-02   1.00007  0.549E+15   0.1074  18 3.999E+04
  0.00912  0.75866  0.00826  0.212E-02   1.00001  0.530E+15   0.1287  19 3.996E+04
  0.00534  0.70424  0.00500  0.178E-02   1.00000  0.509E+15   0.1607  20 3.995E+04
                                         1.06615

     Scale:  L = 43.063     L+ = 43.442

               TB1 = 11872.8          Log EP0 = 38.487259
  TEMP IT no:           3

     5.7    -24.1770      0.4181   T* =  9547.0   TB = 11872.8

        XS        VS          LOG RH       TE          TR         W

        0.98     8429.12      -13.35    10818.45    12020.50    0.620
        0.94     8811.75      -13.40    10575.67    11750.75    0.568
        0.89     9230.77      -13.45    10332.89    11480.99    0.516
        0.85     9691.63      -13.49    10165.90    11295.44    0.461
        0.81    10200.93      -13.53    10029.00    11143.34    0.404
        0.77    10766.72      -13.61     9896.94    10996.60    0.353
        0.72    11398.96      -13.70     9787.86    10875.40    0.305
        0.68    12110.09      -13.82     9711.71    10790.79    0.258
        0.64    12915.85      -13.86     9618.10    10686.78    0.218
        0.60    13836.48      -13.88     9435.44    10483.82    0.185
        0.55    14898.42      -13.94     9110.07    10122.30    0.157
        0.51    16136.92      -14.39     8644.71     9605.24    0.133
        0.47    17600.00      -14.86     8129.99     9033.32    0.116
        0.43    19354.84      -15.27     7602.29     8446.99    0.105
        0.38    21498.37      -15.80     7089.04     7876.71    0.095
        0.34    24175.82      -16.55     6645.23     7383.59    0.085
        0.30    27615.06      -17.40     6305.65     7006.28    0.072
        0.26    32195.12      -18.37     6078.23     6753.59    0.057
        0.21    38596.49      -19.53     5888.04     6542.27    0.042
        0.17    48175.18      -20.95     5697.86     6330.95    0.027

         En consv. check   0.692D-14


      NPK        ABS      ESC      event      no event            out of rg

     90000     49459     40541     22066     18475         0         0


                         No. pkts   =   90000
                         Esc to inf =   40541
                         No line ev =       0
  PW(2)=    38419.501852123540       RQ(JS,5)=    38419.501852123540     
  TB=   11872.838195848117       CLP=  2.65774898064402256E-005  CL=  2.60284478400837855E-005

     JP       LP       KP        KJ         L        NUJ        BT        NPK

  1.57583  0.87215  0.52829  0.286E+00   1.12164  0.101E+16   0.0281   1 1.337E+05
  1.29300  0.87566  0.44650  0.267E+00   1.11165  0.984E+15   0.0294   2 1.233E+05
  1.06845  0.87632  0.38037  0.248E+00   1.10262  0.964E+15   0.0308   3 1.153E+05
  0.89641  0.87302  0.32339  0.235E+00   1.09389  0.945E+15   0.0323   4 1.081E+05
  0.72672  0.87363  0.27119  0.219E+00   1.08481  0.925E+15   0.0340   5 1.004E+05
  0.59143  0.87181  0.22762  0.207E+00   1.07611  0.906E+15   0.0359   6 9.400E+04
  0.49875  0.86317  0.19178  0.201E+00   1.06800  0.894E+15   0.0380   7 8.877E+04
  0.39639  0.86116  0.16001  0.200E+00   1.05974  0.892E+15   0.0404   8 8.351E+04
  0.32180  0.85398  0.13299  0.186E+00   1.05156  0.875E+15   0.0431   9 7.870E+04
  0.25234  0.84905  0.10699  0.174E+00   1.04189  0.863E+15   0.0462  10 7.264E+04
  0.17964  0.85367  0.07983  0.154E+00   1.02906  0.824E+15   0.0497  11 6.243E+04
  0.11569  0.86570  0.05837  0.117E+00   1.01748  0.768E+15   0.0538  12 5.241E+04
  0.08135  0.86521  0.04584  0.866E-01   1.01108  0.724E+15   0.0587  13 4.769E+04
  0.05758  0.86097  0.03648  0.644E-01   1.00664  0.681E+15   0.0646  14 4.480E+04
  0.04047  0.85374  0.02872  0.365E-01   1.00319  0.634E+15   0.0717  15 4.248E+04
  0.02885  0.84089  0.02233  0.246E-01   1.00112  0.601E+15   0.0806  16 4.116E+04
  0.02025  0.82277  0.01697  0.784E-02   1.00030  0.571E+15   0.0921  17 4.066E+04
  0.01398  0.79598  0.01231  0.499E-02   1.00008  0.556E+15   0.1074  18 4.057E+04
  0.00907  0.75876  0.00830  0.404E-02   1.00000  0.539E+15   0.1287  19 4.054E+04
  0.00532  0.70428  0.00502  0.340E-02   1.00000  0.518E+15   0.1607  20 4.054E+04
                                         1.02109

     Scale:  L = 43.063     L+ = 43.432

               TB1 = 11811.0          Log EP0 = 38.478193
  TEMP IT no:           4

     2.0    -24.1770      0.4269   T* =  9547.0   TB = 11811.0

        XS        VS          LOG RH       TE          TR         W

        0.98     8429.12      -13.35    11177.40    12419.33    0.542
        0.94     8811.75      -13.40    10944.58    12160.65    0.494
        0.89     9230.77      -13.45    10711.77    11901.96    0.445
        0.85     9691.63      -13.49    10504.80    11672.00    0.399
        0.81    10200.93      -13.53    10309.85    11455.39    0.353
        0.77    10766.72      -13.61    10134.48    11260.53    0.310
        0.72    11398.96      -13.70    10013.45    11126.05    0.268
        0.68    12110.09      -13.82     9920.62    11022.91    0.226
        0.64    12915.85      -13.86     9790.92    10878.80    0.191
        0.60    13836.48      -13.88     9575.35    10639.28    0.161
        0.55    14898.42      -13.94     9192.15    10213.50    0.135
        0.51    16136.92      -14.39     8675.07     9638.96    0.115
        0.47    17600.00      -14.86     8154.35     9060.39    0.101
        0.43    19354.84      -15.27     7649.16     8499.06    0.092
        0.38    21498.37      -15.80     7163.47     7959.41    0.085
        0.34    24175.82      -16.55     6749.55     7499.50    0.076
        0.30    27615.06      -17.40     6434.42     7149.36    0.065
        0.26    32195.12      -18.37     6209.35     6899.28    0.052
        0.21    38596.49      -19.53     6012.62     6680.68    0.038
        0.17    48175.18      -20.95     5815.88     6462.09    0.025

         En consv. check   0.268D-14


      NPK        ABS      ESC      event      no event            out of rg

     90000     49670     40330     21840     18490         0         0


                         No. pkts   =   90000
                         Esc to inf =   40330
                         No line ev =       0
  PW(2)=    38214.166148748336       RQ(JS,5)=    38214.166148748336     
  TB=   11811.039632309181       CLP=  2.60284478400838669E-005  CL=  2.61683061749275921E-005

     JP       LP       KP        KJ         L        NUJ        BT        NPK

  1.59190  0.87083  0.53364  0.296E+00   1.12284  0.102E+16   0.0281   1 1.342E+05
  1.29465  0.87596  0.45056  0.279E+00   1.11272  0.993E+15   0.0294   2 1.238E+05
  1.08208  0.87473  0.38253  0.258E+00   1.10348  0.969E+15   0.0308   3 1.150E+05
  0.89283  0.87413  0.32403  0.247E+00   1.09448  0.955E+15   0.0323   4 1.078E+05
  0.73122  0.87314  0.27176  0.229E+00   1.08538  0.932E+15   0.0340   5 9.994E+04
  0.59321  0.87186  0.22801  0.219E+00   1.07669  0.917E+15   0.0359   6 9.359E+04
  0.49220  0.86549  0.19302  0.224E+00   1.06878  0.919E+15   0.0380   7 8.897E+04
  0.40034  0.86013  0.16203  0.213E+00   1.06078  0.907E+15   0.0404   8 8.426E+04
  0.32569  0.85256  0.13441  0.197E+00   1.05238  0.890E+15   0.0431   9 7.932E+04
  0.25787  0.84629  0.10901  0.190E+00   1.04305  0.874E+15   0.0462  10 7.370E+04
  0.18385  0.85090  0.08127  0.162E+00   1.02994  0.836E+15   0.0497  11 6.345E+04
  0.11733  0.86412  0.05886  0.124E+00   1.01765  0.771E+15   0.0538  12 5.276E+04
  0.08060  0.86571  0.04587  0.954E-01   1.01081  0.723E+15   0.0587  13 4.756E+04
  0.05721  0.86127  0.03637  0.626E-01   1.00624  0.674E+15   0.0646  14 4.439E+04
  0.04641  0.84200  0.02874  0.344E-01   1.00301  0.692E+15   0.0717  15 4.227E+04
  0.02850  0.84176  0.02231  0.186E-01   1.00095  0.592E+15   0.0806  16 4.083E+04
  0.02021  0.82286  0.01698  0.760E-02   1.00028  0.568E+15   0.0921  17 4.044E+04
  0.01398  0.79598  0.01232  0.488E-02   1.00009  0.553E+15   0.1074  18 4.036E+04
  0.00907  0.75876  0.00830  0.421E-02   1.00000  0.537E+15   0.1287  19 4.033E+04
  0.00532  0.70429  0.00502  0.346E-02   1.00000  0.515E+15   0.1607  20 4.033E+04
                                         0.99466

     Scale:  L = 43.063     L+ = 43.435

               TB1 = 11826.9          Log EP0 = 38.480521
  TEMP IT no:           5

     1.2    -24.1770      0.4246   T* =  9547.0   TB = 11826.9

        XS        VS          LOG RH       TE          TR         W

        0.98     8429.12      -13.35    11348.27    12609.19    0.513
        0.94     8811.75      -13.40    11114.44    12349.37    0.467
        0.89     9230.77      -13.45    10880.60    12089.56    0.421
        0.85     9691.63      -13.49    10668.59    11853.99    0.376
        0.81    10200.93      -13.53    10462.65    11625.17    0.333
        0.77    10766.72      -13.61    10314.43    11460.48    0.289
        0.72    11398.96      -13.70    10231.62    11368.47    0.245
        0.68    12110.09      -13.82    10120.15    11244.61    0.209
        0.64    12915.85      -13.86     9953.87    11059.86    0.181
        0.60    13836.48      -13.88     9712.19    10791.32    0.155
        0.55    14898.42      -13.94     9291.92    10324.36    0.132
        0.51    16136.92      -14.39     8721.07     9690.08    0.114
        0.47    17600.00      -14.86     8151.13     9056.81    0.101
        0.43    19354.84      -15.27     7746.44     8607.15    0.090
        0.38    21498.37      -15.80     7380.49     8200.55    0.080
        0.34    24175.82      -16.55     6850.51     7611.68    0.074
        0.30    27615.06      -17.40     6434.21     7149.13    0.065
        0.26    32195.12      -18.37     6224.77     6916.41    0.051
        0.21    38596.49      -19.53     6028.13     6697.93    0.038
        0.17    48175.18      -20.95     5831.49     6479.44    0.024

         En consv. check  -0.100D-13


      NPK        ABS      ESC      event      no event            out of rg

     90000     49850     40150     21209     18941         0         0


                         No. pkts   =   90000
                         Esc to inf =   40150
                         No line ev =       0
  PW(2)=    38088.184776235277       RQ(JS,5)=    38088.184776235277     
  TB=   11826.873790438627       CLP=  2.61683061749276429E-005  CL=  2.62548610776520791E-005

     JP       LP       KP        KJ         L        NUJ        BT        NPK

  1.60020  0.86840  0.53834  0.301E+00   1.12193  0.103E+16   0.0281   1 1.348E+05
  1.30124  0.87352  0.45598  0.284E+00   1.11189  0.100E+16   0.0294   2 1.247E+05
  1.07894  0.87357  0.38734  0.269E+00   1.10257  0.983E+15   0.0308   3 1.163E+05
  0.90967  0.86945  0.32951  0.259E+00   1.09377  0.968E+15   0.0323   4 1.092E+05
  0.74396  0.86865  0.27422  0.238E+00   1.08404  0.937E+15   0.0340   5 1.009E+05
  0.59447  0.86966  0.22942  0.233E+00   1.07514  0.933E+15   0.0359   6 9.405E+04
  0.49086  0.86399  0.19164  0.221E+00   1.06649  0.920E+15   0.0380   7 8.831E+04
  0.39630  0.85967  0.15943  0.209E+00   1.05800  0.899E+15   0.0404   8 8.257E+04
  0.31717  0.85447  0.13276  0.204E+00   1.04999  0.891E+15   0.0431   9 7.799E+04
  0.24847  0.84971  0.10693  0.184E+00   1.04050  0.870E+15   0.0462  10 7.182E+04
  0.17690  0.85424  0.07961  0.157E+00   1.02771  0.824E+15   0.0497  11 6.155E+04
  0.11524  0.86491  0.05838  0.123E+00   1.01632  0.770E+15   0.0538  12 5.181E+04
  0.07796  0.86779  0.04507  0.816E-01   1.00921  0.706E+15   0.0587  13 4.619E+04
  0.05525  0.86354  0.03583  0.512E-01   1.00494  0.660E+15   0.0646  14 4.327E+04
  0.03958  0.85502  0.02852  0.324E-01   1.00234  0.622E+15   0.0717  15 4.156E+04
  0.02833  0.84203  0.02233  0.158E-01   1.00081  0.590E+15   0.0806  16 4.058E+04
  0.02018  0.82286  0.01700  0.882E-02   1.00024  0.569E+15   0.0921  17 4.026E+04
  0.01393  0.79615  0.01233  0.516E-02   1.00005  0.553E+15   0.1074  18 4.016E+04
  0.00906  0.75879  0.00831  0.441E-02   1.00001  0.538E+15   0.1287  19 4.015E+04
  0.00532  0.70429  0.00502  0.369E-02   1.00000  0.516E+15   0.1607  20 4.015E+04
                                         0.99670

     Scale:  L = 43.063     L+ = 43.436

               TB1 = 11836.6          Log EP0 = 38.481955
  TEMP IT no:           6

     1.0    -24.1770      0.4232   T* =  9547.0   TB = 11836.6

        XS        VS          LOG RH       TE          TR         W

        0.98     8429.12      -13.35    11461.23    12734.70    0.494
        0.94     8811.75      -13.40    11244.67    12494.08    0.447
        0.89     9230.77      -13.45    11028.12    12253.46    0.401
        0.85     9691.63      -13.49    10807.68    12008.53    0.362
        0.81    10200.93      -13.53    10588.95    11765.50    0.322
        0.77    10766.72      -13.61    10442.20    11602.45    0.277
        0.72    11398.96      -13.70    10311.16    11456.84    0.237
        0.68    12110.09      -13.82    10152.05    11280.06    0.204
        0.64    12915.85      -13.86     9986.20    11095.78    0.174
        0.60    13836.48      -13.88     9717.00    10796.66    0.149
        0.55    14898.42      -13.94     9263.37    10292.63    0.129
        0.51    16136.92      -14.39     8671.89     9635.43    0.113
        0.47    17600.00      -14.86     8063.10     8959.00    0.102
        0.43    19354.84      -15.27     7550.83     8389.81    0.093
        0.38    21498.37      -15.80     7121.18     7912.42    0.084
        0.34    24175.82      -16.55     6739.06     7487.84    0.075
        0.30    27615.06      -17.40     6444.93     7161.03    0.064
        0.26    32195.12      -18.37     6233.75     6926.39    0.051
        0.21    38596.49      -19.53     6039.46     6710.51    0.037
        0.17    48175.18      -20.95     5845.17     6494.63    0.024

         En consv. check   0.541D-14


      NPK        ABS      ESC      event      no event            out of rg

     90000     50229     39771     21142     18629         0         0


                         No. pkts   =   90000
                         Esc to inf =   39771
                         No line ev =       0
  PW(2)=    37647.617396343638       RQ(JS,5)=    37647.617396343638     
  TB=   11836.641394663833       CLP=  2.62548610776522384E-005  CL=  2.65621058956341982E-005

     JP       LP       KP        KJ         L        NUJ        BT        NPK

  1.62745  0.86813  0.55023  0.302E+00   1.12627  0.103E+16   0.0281   1 1.361E+05
  1.33913  0.87121  0.46497  0.291E+00   1.11587  0.102E+16   0.0294   2 1.260E+05
  1.09854  0.87316  0.39371  0.274E+00   1.10616  0.991E+15   0.0308   3 1.170E+05
  0.90798  0.87220  0.33074  0.261E+00   1.09645  0.975E+15   0.0323   4 1.085E+05
  0.74459  0.87094  0.27708  0.246E+00   1.08707  0.953E+15   0.0340   5 1.008E+05
  0.60965  0.86827  0.23439  0.246E+00   1.07868  0.949E+15   0.0359   6 9.503E+04
  0.49872  0.86391  0.19610  0.233E+00   1.06999  0.933E+15   0.0380   7 8.920E+04
  0.40448  0.85890  0.16253  0.221E+00   1.06117  0.919E+15   0.0404   8 8.337E+04
  0.32422  0.85341  0.13470  0.204E+00   1.05273  0.896E+15   0.0431   9 7.837E+04
  0.25535  0.84787  0.10861  0.183E+00   1.04312  0.866E+15   0.0462  10 7.234E+04
  0.18024  0.85366  0.08089  0.159E+00   1.03014  0.830E+15   0.0497  11 6.210E+04
  0.11997  0.86242  0.05964  0.127E+00   1.01877  0.780E+15   0.0538  12 5.266E+04
  0.08229  0.86424  0.04631  0.919E-01   1.01161  0.729E+15   0.0587  13 4.739E+04
  0.05815  0.86009  0.03665  0.656E-01   1.00680  0.681E+15   0.0646  14 4.419E+04
  0.04066  0.85326  0.02876  0.373E-01   1.00315  0.632E+15   0.0717  15 4.178E+04
  0.02850  0.84178  0.02230  0.167E-01   1.00094  0.589E+15   0.0806  16 4.027E+04
  0.02023  0.82276  0.01697  0.807E-02   1.00024  0.567E+15   0.0921  17 3.988E+04
  0.01396  0.79607  0.01231  0.534E-02   1.00004  0.552E+15   0.1074  18 3.979E+04
  0.00907  0.75877  0.00830  0.431E-02   1.00000  0.536E+15   0.1287  19 3.977E+04
  0.00532  0.70429  0.00502  0.347E-02   1.00000  0.514E+15   0.1607  20 3.977E+04
                                         0.98843

     Scale:  L = 43.063     L+ = 43.441

               TB1 = 11871.1          Log EP0 = 38.487007
  TEMP IT no:           7

     0.8    -24.1770      0.4183   T* =  9547.0   TB = 11871.1

        XS        VS          LOG RH       TE          TR         W

        0.98     8429.12      -13.35    11589.11    12876.78    0.487
        0.94     8811.75      -13.40    11366.19    12629.10    0.439
        0.89     9230.77      -13.45    11143.27    12381.41    0.390
        0.85     9691.63      -13.49    10921.65    12135.17    0.348
        0.81    10200.93      -13.53    10734.73    11927.48    0.307
        0.77    10766.72      -13.61    10595.83    11773.15    0.265
        0.72    11398.96      -13.70    10455.83    11617.59    0.228
        0.68    12110.09      -13.82    10278.29    11420.33    0.198
        0.64    12915.85      -13.86    10042.84    11158.71    0.174
        0.60    13836.48      -13.88     9720.29    10800.32    0.153
        0.55    14898.42      -13.94     9287.69    10319.66    0.131
        0.51    16136.92      -14.39     8750.81     9723.12    0.113
        0.47    17600.00      -14.86     8183.90     9093.23    0.101
        0.43    19354.84      -15.27     7645.02     8494.47    0.093
        0.38    21498.37      -15.80     7139.89     7933.21    0.086
        0.34    24175.82      -16.55     6715.98     7462.20    0.077
        0.30    27615.06      -17.40     6425.36     7139.28    0.065
        0.26    32195.12      -18.37     6221.92     6913.24    0.051
        0.21    38596.49      -19.53     6026.89     6696.55    0.038
        0.17    48175.18      -20.95     5831.87     6479.85    0.024

         En consv. check   0.850D-14


      NPK        ABS      ESC      event      no event            out of rg

     90000     50491     39509     20719     18790         0         0


                         No. pkts   =   90000
                         Esc to inf =   39509
                         No line ev =       0
  PW(2)=    37437.738232549360       RQ(JS,5)=    37437.738232549360     
  TB=   11871.119727088579       CLP=  2.65621058956342592E-005  CL=  2.67110153340025636E-005

     JP       LP       KP        KJ         L        NUJ        BT        NPK

  1.64735  0.86489  0.54872  0.304E+00   1.12518  0.104E+16   0.0281   1 1.351E+05
  1.35954  0.86753  0.46748  0.297E+00   1.11526  0.102E+16   0.0294   2 1.257E+05
  1.11789  0.86921  0.39560  0.277E+00   1.10548  0.100E+16   0.0308   3 1.169E+05
  0.91413  0.87009  0.33193  0.267E+00   1.09565  0.977E+15   0.0323   4 1.083E+05
  0.73849  0.87116  0.27819  0.252E+00   1.08625  0.962E+15   0.0340   5 1.005E+05
  0.61523  0.86583  0.23145  0.253E+00   1.07688  0.948E+15   0.0359   6 9.324E+04
  0.49655  0.86356  0.19361  0.232E+00   1.06829  0.932E+15   0.0380   7 8.758E+04
  0.39442  0.86156  0.16055  0.219E+00   1.05964  0.911E+15   0.0404   8 8.174E+04
  0.32134  0.85389  0.13349  0.210E+00   1.05148  0.899E+15   0.0431   9 7.716E+04
  0.25308  0.84838  0.10755  0.187E+00   1.04189  0.869E+15   0.0462  10 7.122E+04
  0.18041  0.85291  0.08090  0.158E+00   1.02949  0.835E+15   0.0497  11 6.158E+04
  0.11708  0.86419  0.05891  0.125E+00   1.01756  0.776E+15   0.0538  12 5.153E+04
  0.08050  0.86574  0.04589  0.901E-01   1.01075  0.719E+15   0.0587  13 4.647E+04
  0.05707  0.86138  0.03644  0.595E-01   1.00626  0.675E+15   0.0646  14 4.346E+04
  0.04003  0.85439  0.02875  0.366E-01   1.00304  0.629E+15   0.0717  15 4.134E+04
  0.02859  0.84142  0.02235  0.193E-01   1.00098  0.594E+15   0.0806  16 4.007E+04
  0.02018  0.82294  0.01698  0.769E-02   1.00023  0.568E+15   0.0921  17 3.959E+04
  0.01395  0.79607  0.01232  0.520E-02   1.00006  0.553E+15   0.1074  18 3.952E+04
  0.00906  0.75877  0.00831  0.447E-02   1.00000  0.537E+15   0.1287  19 3.951E+04
  0.00532  0.70429  0.00502  0.394E-02   1.00000  0.516E+15   0.1607  20 3.951E+04
                                         0.99443

     Scale:  L = 43.063     L+ = 43.444

               TB1 = 11887.7          Log EP0 = 38.489435
  TEMP IT no:           8

     0.4    -24.1770      0.4160   T* =  9547.0   TB = 11887.7

        XS        VS          LOG RH       TE          TR         W

        0.98     8429.12      -13.35    11681.35    12979.27    0.479
        0.94     8811.75      -13.40    11454.46    12727.18    0.432
        0.89     9230.77      -13.45    11227.57    12475.08    0.384
        0.85     9691.63      -13.49    11003.90    12226.56    0.340
        0.81    10200.93      -13.53    10817.65    12019.61    0.298
        0.77    10766.72      -13.61    10656.66    11840.73    0.259
        0.72    11398.96      -13.70    10479.16    11643.51    0.225
        0.68    12110.09      -13.82    10285.99    11428.87    0.194
        0.64    12915.85      -13.86    10064.24    11182.49    0.170
        0.60    13836.48      -13.88     9755.48    10839.42    0.149
        0.55    14898.42      -13.94     9315.97    10351.08    0.129
        0.51    16136.92      -14.39     8748.71     9720.79    0.111
        0.47    17600.00      -14.86     8156.15     9062.39    0.101
        0.43    19354.84      -15.27     7618.18     8464.64    0.093
        0.38    21498.37      -15.80     7133.05     7925.61    0.085
        0.34    24175.82      -16.55     6729.94     7477.71    0.076
        0.30    27615.06      -17.40     6437.33     7152.59    0.065
        0.26    32195.12      -18.37     6229.27     6921.41    0.051
        0.21    38596.49      -19.53     6036.65     6707.38    0.037
        0.17    48175.18      -20.95     5844.02     6493.35    0.024

         En consv. check  -0.104D-13


      NPK        ABS      ESC      event      no event            out of rg

     90000     50255     39745     20900     18845         0         0


                         No. pkts   =   90000
                         Esc to inf =   39745
                         No line ev =       0
  PW(2)=    37619.272389418067       RQ(JS,5)=    37619.272389418067     
  TB=   11887.722492272005       CLP=  2.67110153340026382E-005  CL=  2.65821196552778131E-005

     JP       LP       KP        KJ         L        NUJ        BT        NPK

  1.64935  0.86528  0.55211  0.307E+00   1.12620  0.104E+16   0.0281   1 1.368E+05
  1.36150  0.86784  0.46934  0.299E+00   1.11609  0.103E+16   0.0294   2 1.269E+05
  1.12824  0.86812  0.40096  0.287E+00   1.10682  0.101E+16   0.0308   3 1.191E+05
  0.92123  0.86926  0.33659  0.269E+00   1.09692  0.987E+15   0.0323   4 1.102E+05
  0.75306  0.86850  0.28040  0.258E+00   1.08707  0.978E+15   0.0340   5 1.017E+05
  0.61437  0.86635  0.23342  0.245E+00   1.07768  0.952E+15   0.0359   6 9.473E+04
  0.49365  0.86470  0.19383  0.234E+00   1.06865  0.936E+15   0.0380   7 8.813E+04
  0.40094  0.85956  0.16107  0.218E+00   1.06008  0.919E+15   0.0404   8 8.261E+04
  0.32463  0.85268  0.13430  0.208E+00   1.05201  0.902E+15   0.0431   9 7.821E+04
  0.25220  0.84903  0.10707  0.189E+00   1.04184  0.879E+15   0.0462  10 7.130E+04
  0.18005  0.85337  0.08035  0.161E+00   1.02936  0.834E+15   0.0497  11 6.168E+04
  0.12360  0.85900  0.05872  0.130E+00   1.01756  0.784E+15   0.0538  12 5.185E+04
  0.08086  0.86546  0.04591  0.903E-01   1.01089  0.725E+15   0.0587  13 4.692E+04
  0.05781  0.86039  0.03657  0.613E-01   1.00649  0.682E+15   0.0646  14 4.399E+04
  0.04086  0.85277  0.02869  0.372E-01   1.00291  0.638E+15   0.0717  15 4.159E+04
  0.02850  0.84170  0.02230  0.160E-01   1.00088  0.592E+15   0.0806  16 4.025E+04
  0.02023  0.82274  0.01697  0.686E-02   1.00021  0.570E+15   0.0921  17 3.984E+04
  0.01396  0.79603  0.01232  0.575E-02   1.00006  0.555E+15   0.1074  18 3.977E+04
  0.00907  0.75874  0.00831  0.413E-02   1.00000  0.539E+15   0.1287  19 3.975E+04
  0.00532  0.70429  0.00502  0.359E-02   1.00000  0.517E+15   0.1607  20 3.974E+04
                                         1.00485

     Scale:  L = 43.063     L+ = 43.442

               TB1 = 11873.4          Log EP0 = 38.487335
  TEMP IT no:           9

     0.6    -24.1770      0.4180   T* =  9547.0   TB = 11873.4

        XS        VS          LOG RH       TE          TR         W

        0.98     8429.12      -13.35    11747.49    13052.77    0.468
        0.94     8811.75      -13.40    11543.17    12825.74    0.420
        0.89     9230.77      -13.45    11338.84    12598.72    0.372
        0.85     9691.63      -13.49    11124.32    12360.35    0.329
        0.81    10200.93      -13.53    10928.63    12142.92    0.289
        0.77    10766.72      -13.61    10725.77    11917.52    0.253
        0.72    11398.96      -13.70    10526.70    11696.33    0.221
        0.68    12110.09      -13.82    10335.32    11483.69    0.192
        0.64    12915.85      -13.86    10117.67    11241.85    0.168
        0.60    13836.48      -13.88     9808.98    10898.87    0.146
        0.55    14898.42      -13.94     9357.14    10396.82    0.128
        0.51    16136.92      -14.39     8792.04     9768.93    0.112
        0.47    17600.00      -14.86     8202.60     9114.01    0.100
        0.43    19354.84      -15.27     7669.95     8522.17    0.091
        0.38    21498.37      -15.80     7179.47     7977.19    0.084
        0.34    24175.82      -16.55     6747.84     7497.60    0.076
        0.30    27615.06      -17.40     6449.56     7166.17    0.064
        0.26    32195.12      -18.37     6247.27     6941.41    0.050
        0.21    38596.49      -19.53     6051.65     6724.05    0.037
        0.17    48175.18      -20.95     5856.03     6506.70    0.024

         En consv. check   0.178D-13


      NPK        ABS      ESC      event      no event            out of rg

     90000     50859     39141     20403     18738         0         0


                         No. pkts   =   90000
                         Esc to inf =   39141
                         No line ev =       0
  PW(2)=    37066.929673314531       RQ(JS,5)=    37066.929673314531     
  TB=   11873.355229773890       CLP=  2.65821196552778571E-005  CL=  2.69782258421022299E-005

     JP       LP       KP        KJ         L        NUJ        BT        NPK

  1.65199  0.86494  0.55945  0.311E+00   1.12703  0.105E+16   0.0281   1 1.362E+05
  1.37832  0.86546  0.47871  0.306E+00   1.11722  0.103E+16   0.0294   2 1.273E+05
  1.12553  0.86830  0.40292  0.289E+00   1.10689  0.101E+16   0.0308   3 1.180E+05
  0.91709  0.86973  0.33573  0.276E+00   1.09650  0.996E+15   0.0323   4 1.084E+05
  0.76223  0.86624  0.28190  0.265E+00   1.08703  0.978E+15   0.0340   5 1.014E+05
  0.61003  0.86700  0.23227  0.245E+00   1.07698  0.951E+15   0.0359   6 9.310E+04
  0.49434  0.86405  0.19276  0.233E+00   1.06789  0.933E+15   0.0380   7 8.642E+04
  0.39945  0.85962  0.16100  0.226E+00   1.05960  0.922E+15   0.0404   8 8.144E+04
  0.31832  0.85495  0.13275  0.203E+00   1.05095  0.897E+15   0.0431   9 7.610E+04
  0.25030  0.84970  0.10743  0.193E+00   1.04170  0.880E+15   0.0462  10 7.060E+04
  0.17909  0.85366  0.07997  0.158E+00   1.02879  0.831E+15   0.0497  11 6.044E+04
  0.11717  0.86408  0.05889  0.128E+00   1.01750  0.781E+15   0.0538  12 5.116E+04
  0.08121  0.86490  0.04606  0.942E-01   1.01086  0.730E+15   0.0587  13 4.634E+04
  0.05756  0.86058  0.03650  0.626E-01   1.00623  0.681E+15   0.0646  14 4.323E+04
  0.04021  0.85390  0.02867  0.345E-01   1.00275  0.628E+15   0.0717  15 4.085E+04
  0.02838  0.84193  0.02234  0.156E-01   1.00089  0.590E+15   0.0806  16 3.965E+04
  0.02016  0.82297  0.01699  0.765E-02   1.00021  0.567E+15   0.0921  17 3.922E+04
  0.01395  0.79610  0.01232  0.500E-02   1.00004  0.553E+15   0.1074  18 3.915E+04
  0.00906  0.75878  0.00831  0.422E-02   1.00000  0.537E+15   0.1287  19 3.914E+04
  0.00532  0.70429  0.00502  0.364E-02   1.00000  0.516E+15   0.1607  20 3.914E+04
                                         0.98532

     Scale:  L = 43.063     L+ = 43.448

               TB1 = 11917.3          Log EP0 = 38.493758
  TEMP IT no:          30

     0.3    -24.1770      0.4119   T* =  9547.0   TB = 11917.3

        XS        VS          LOG RH       TE          TR         W

        0.98     8429.12      -13.35    11807.58    13119.53    0.463
        0.94     8811.75      -13.40    11604.28    12893.64    0.414
        0.89     9230.77      -13.45    11400.98    12667.75    0.365
        0.85     9691.63      -13.49    11194.40    12438.22    0.321
        0.81    10200.93      -13.53    10977.48    12197.20    0.285
        0.77    10766.72      -13.61    10741.26    11934.73    0.252
        0.72    11398.96      -13.70    10534.84    11705.38    0.220
        0.68    12110.09      -13.82    10344.95    11494.39    0.190
        0.64    12915.85      -13.86    10121.90    11246.56    0.166
        0.60    13836.48      -13.88     9813.95    10904.39    0.145
        0.55    14898.42      -13.94     9355.47    10394.96    0.126
        0.51    16136.92      -14.39     8798.22     9775.80    0.109
        0.47    17600.00      -14.86     8229.88     9144.31    0.098
        0.43    19354.84      -15.27     7668.93     8521.03    0.091
        0.38    21498.37      -15.80     7142.22     7935.81    0.085
        0.34    24175.82      -16.55     6719.43     7466.04    0.077
        0.30    27615.06      -17.40     6434.41     7149.34    0.065
        0.26    32195.12      -18.37     6233.86     6926.51    0.051
        0.21    38596.49      -19.53     6041.28     6712.53    0.037
        0.17    48175.18      -20.95     5848.70     6498.56    0.024

         En consv. check   0.134D-13


      NPK        ABS      ESC      event      no event            out of rg

     90000     50772     39228     20478     18750         0         0


                         No. pkts   =   90000
                         Esc to inf =   39228
                         No line ev =       0
  PW(2)=    37156.527223085439       RQ(JS,5)=    37156.527223085439     
  TB=   11917.342079453198       CLP=  2.69782258421023519E-005  CL=  2.69131717826066819E-005

     JP       LP       KP        KJ         L        NUJ        BT        NPK

  1.67649  0.86192  0.55864  0.311E+00   1.12680  0.105E+16   0.0281   1 1.365E+05
  1.37008  0.86641  0.47888  0.310E+00   1.11709  0.105E+16   0.0294   2 1.278E+05
  1.14354  0.86533  0.40329  0.298E+00   1.10674  0.102E+16   0.0308   3 1.184E+05
  0.92092  0.86881  0.33619  0.280E+00   1.09634  0.100E+16   0.0323   4 1.088E+05
  0.75269  0.86805  0.28054  0.261E+00   1.08658  0.981E+15   0.0340   5 1.008E+05
  0.61451  0.86579  0.23185  0.236E+00   1.07677  0.945E+15   0.0359   6 9.297E+04
  0.49193  0.86468  0.19241  0.227E+00   1.06772  0.931E+15   0.0380   7 8.638E+04
  0.39324  0.86179  0.15864  0.215E+00   1.05879  0.910E+15   0.0404   8 8.035E+04
  0.32046  0.85413  0.13226  0.199E+00   1.05083  0.894E+15   0.0431   9 7.610E+04
  0.25038  0.84971  0.10780  0.190E+00   1.04195  0.883E+15   0.0462  10 7.087E+04
  0.18010  0.85309  0.08053  0.161E+00   1.02923  0.835E+15   0.0497  11 6.092E+04
  0.11767  0.86374  0.05875  0.130E+00   1.01746  0.786E+15   0.0538  12 5.108E+04
  0.08041  0.86593  0.04584  0.881E-01   1.01080  0.725E+15   0.0587  13 4.614E+04
  0.05733  0.86111  0.03656  0.590E-01   1.00651  0.680E+15   0.0646  14 4.331E+04
  0.04055  0.85337  0.02887  0.401E-01   1.00327  0.636E+15   0.0717  15 4.129E+04
  0.02853  0.84158  0.02235  0.174E-01   1.00096  0.593E+15   0.0806  16 3.976E+04
  0.02020  0.82283  0.01699  0.679E-02   1.00024  0.569E+15   0.0921  17 3.932E+04
  0.01396  0.79600  0.01232  0.515E-02   1.00004  0.554E+15   0.1074  18 3.925E+04
  0.00906  0.75878  0.00831  0.419E-02   1.00000  0.538E+15   0.1287  19 3.923E+04
  0.00532  0.70429  0.00502  0.363E-02   1.00000  0.516E+15   0.1607  20 3.923E+04
                                         1.00242

     Scale:  L = 43.063     L+ = 43.447

               TB1 = 11910.2          Log EP0 = 38.492710

         En consv. check  -0.452D-14


      NPK        ABS      ESC      event      no event            out of rg

     90000     50681     39319     20509     18810         0         0


                         No. pkts   =   90000
                         Esc to inf =   39319
                         No line ev =       0
  PW(2)=    37237.338312713815       RQ(JS,5)=    37237.338312713815     
  TB=   11910.151340537786       CLP=  2.69131717826068580E-005  CL=  2.68547658160243281E-005

     JP       LP       KP        KJ         L        NUJ        BT        NPK

  1.66678  0.86308  0.55691  0.307E+00   1.12661  0.105E+16   0.0281   1 1.364E+05
  1.35929  0.86791  0.47273  0.302E+00   1.11632  0.103E+16   0.0294   2 1.265E+05
  1.14092  0.86582  0.40225  0.290E+00   1.10667  0.102E+16   0.0308   3 1.182E+05
  0.93872  0.86570  0.33839  0.277E+00   1.09679  0.100E+16   0.0323   4 1.101E+05
  0.74689  0.86928  0.28010  0.260E+00   1.08651  0.975E+15   0.0340   5 1.008E+05
  0.61743  0.86511  0.23274  0.244E+00   1.07701  0.953E+15   0.0359   6 9.362E+04
  0.50033  0.86224  0.19308  0.231E+00   1.06790  0.937E+15   0.0380   7 8.700E+04
  0.39616  0.86069  0.16026  0.216E+00   1.05927  0.919E+15   0.0404   8 8.130E+04
  0.31829  0.85488  0.13213  0.200E+00   1.05061  0.895E+15   0.0431   9 7.621E+04
  0.24992  0.84980  0.10733  0.195E+00   1.04156  0.882E+15   0.0462  10 7.076E+04
  0.18151  0.85205  0.08016  0.160E+00   1.02886  0.834E+15   0.0497  11 6.096E+04
  0.11741  0.86380  0.05897  0.123E+00   1.01749  0.774E+15   0.0538  12 5.151E+04
  0.08062  0.86547  0.04603  0.952E-01   1.01076  0.727E+15   0.0587  13 4.651E+04
  0.05712  0.86119  0.03641  0.575E-01   1.00609  0.677E+15   0.0646  14 4.325E+04
  0.04053  0.85328  0.02872  0.349E-01   1.00285  0.632E+15   0.0717  15 4.116E+04
  0.02840  0.84192  0.02234  0.174E-01   1.00091  0.591E+15   0.0806  16 3.979E+04
  0.02018  0.82288  0.01700  0.775E-02   1.00025  0.568E+15   0.0921  17 3.943E+04
  0.01395  0.79606  0.01233  0.514E-02   1.00007  0.553E+15   0.1074  18 3.935E+04
  0.00906  0.75879  0.00831  0.448E-02   1.00000  0.537E+15   0.1287  19 3.932E+04
  0.00532  0.70429  0.00502  0.358E-02   1.00000  0.516E+15   0.1607  20 3.932E+04
                                         1.00217

     Scale:  L = 43.063     L+ = 43.446

               TB1 = 11903.7          Log EP0 = 38.491766

         En consv. check  -0.729D-14


      NPK        ABS      ESC      event      no event            out of rg

     90000     50822     39178     20307     18871         0         0


                         No. pkts   =   90000
                         Esc to inf =   39178
                         No line ev =       0
  PW(2)=    37112.109248806984       RQ(JS,5)=    37112.109248806984     
  TB=   11903.684333128092       CLP=  2.68547658160246601E-005  CL=  2.69453830634039276E-005

     JP       LP       KP        KJ         L        NUJ        BT        NPK

  1.67038  0.86278  0.56210  0.315E+00   1.12735  0.105E+16   0.0281   1 1.373E+05
  1.37816  0.86543  0.47614  0.302E+00   1.11682  0.104E+16   0.0294   2 1.272E+05
  1.13810  0.86627  0.40600  0.292E+00   1.10727  0.102E+16   0.0308   3 1.188E+05
  0.93268  0.86676  0.33874  0.276E+00   1.09685  0.999E+15   0.0323   4 1.097E+05
  0.76564  0.86534  0.28257  0.263E+00   1.08698  0.979E+15   0.0340   5 1.015E+05
  0.62303  0.86364  0.23412  0.250E+00   1.07725  0.963E+15   0.0359   6 9.382E+04
  0.49507  0.86367  0.19299  0.233E+00   1.06778  0.940E+15   0.0380   7 8.664E+04
  0.40083  0.85895  0.16144  0.221E+00   1.05956  0.920E+15   0.0404   8 8.154E+04
  0.32231  0.85305  0.13432  0.208E+00   1.05140  0.899E+15   0.0431   9 7.705E+04
  0.24953  0.84981  0.10706  0.184E+00   1.04123  0.870E+15   0.0462  10 7.024E+04
  0.17886  0.85368  0.07986  0.166E+00   1.02858  0.835E+15   0.0497  11 6.022E+04
  0.11579  0.86516  0.05872  0.123E+00   1.01731  0.772E+15   0.0538  12 5.080E+04
  0.08060  0.86559  0.04587  0.891E-01   1.01070  0.723E+15   0.0587  13 4.606E+04
  0.05674  0.86182  0.03649  0.593E-01   1.00630  0.675E+15   0.0646  14 4.310E+04
  0.04043  0.85355  0.02880  0.352E-01   1.00309  0.633E+15   0.0717  15 4.107E+04
  0.02856  0.84150  0.02235  0.191E-01   1.00096  0.594E+15   0.0806  16 3.973E+04
  0.02022  0.82273  0.01699  0.902E-02   1.00025  0.570E+15   0.0921  17 3.928E+04
  0.01395  0.79608  0.01232  0.525E-02   1.00007  0.553E+15   0.1074  18 3.919E+04
  0.00906  0.75876  0.00831  0.439E-02   1.00000  0.537E+15   0.1287  19 3.918E+04
  0.00532  0.70429  0.00502  0.371E-02   1.00000  0.516E+15   0.1607  20 3.918E+04
                                         0.99664

     Scale:  L = 43.063     L+ = 43.447

               TB1 = 11913.7          Log EP0 = 38.493229

         En consv. check   0.129D-13


      NPK        ABS      ESC      event      no event            out of rg

     90000     50737     39263     20634     18629         0         0


                         No. pkts   =   90000
                         Esc to inf =   39263
                         No line ev =       0
  PW(2)=    37151.092529004476       RQ(JS,5)=    37151.092529004476     
  TB=   11913.713436132333       CLP=  2.69453830634044257E-005  CL=  2.69171088096341543E-005

     JP       LP       KP        KJ         L        NUJ        BT        NPK

  1.65948  0.86502  0.56051  0.307E+00   1.12812  0.104E+16   0.0281   1 1.368E+05
  1.37257  0.86713  0.47771  0.300E+00   1.11799  0.103E+16   0.0294   2 1.276E+05
  1.16251  0.86342  0.40513  0.289E+00   1.10804  0.102E+16   0.0308   3 1.191E+05
  0.93095  0.86797  0.34002  0.277E+00   1.09797  0.100E+16   0.0323   4 1.101E+05
  0.76201  0.86692  0.28410  0.259E+00   1.08812  0.976E+15   0.0340   5 1.021E+05
  0.61718  0.86578  0.23420  0.247E+00   1.07799  0.956E+15   0.0359   6 9.402E+04
  0.50592  0.86112  0.19611  0.233E+00   1.06929  0.938E+15   0.0380   7 8.828E+04
  0.40581  0.85770  0.16280  0.217E+00   1.06052  0.910E+15   0.0404   8 8.249E+04
  0.32522  0.85219  0.13482  0.217E+00   1.05198  0.910E+15   0.0431   9 7.775E+04
  0.25377  0.84790  0.10818  0.189E+00   1.04209  0.878E+15   0.0462  10 7.127E+04
  0.17967  0.85321  0.08063  0.160E+00   1.02913  0.835E+15   0.0497  11 6.114E+04
  0.11623  0.86477  0.05866  0.121E+00   1.01722  0.767E+15   0.0538  12 5.093E+04
  0.07996  0.86623  0.04558  0.813E-01   1.01033  0.712E+15   0.0587  13 4.585E+04
  0.05679  0.86172  0.03638  0.561E-01   1.00611  0.667E+15   0.0646  14 4.310E+04
  0.04026  0.85386  0.02872  0.329E-01   1.00290  0.627E+15   0.0717  15 4.105E+04
  0.02843  0.84185  0.02235  0.159E-01   1.00093  0.588E+15   0.0806  16 3.978E+04
  0.02018  0.82293  0.01699  0.672E-02   1.00023  0.566E+15   0.0921  17 3.935E+04
  0.01395  0.79606  0.01232  0.450E-02   1.00006  0.551E+15   0.1074  18 3.928E+04
  0.00906  0.75878  0.00831  0.367E-02   1.00000  0.535E+15   0.1287  19 3.926E+04
  0.00532  0.70429  0.00502  0.291E-02   1.00000  0.514E+15   0.1607  20 3.926E+04
                                         1.00105

     Scale:  L = 43.063     L+ = 43.447

               TB1 = 11910.6          Log EP0 = 38.492773
     POWER:   0.3715E+05    INPUT FLUX:   0.2563E-09    INT. FLUX:  0.2367E-09

UNREDD. MAGS: U=    12.175 B=    12.595 V=    12.539 R=    12.372
UNREDD. COL.: U-B = -0.420 B-V =  0.057 V-R =  0.167

REDD. MAGS:   U=    14.078 B=    14.143 V=    13.726 R=    13.355
REDD. COL.:   U-B = -0.066 B-V =  0.417 V-R =  0.371

ABS. MAG:     U =  -19.265 B =  -18.845 V =  -18.901
MBol =  12.490  Bol. Corr. =  -0.049  (MBol)o= -18.950
