
     NP4 =     9     ITT =  4     JS = 20      KB = 501 XE1= 0.210

     Day = 10.40     Log Taug = -3.700

     CHL(eV) = 25.0     NC =  5

     WVM1 = 0.2500    WVM2 = 1.2000       KG =  1500

                  LOG R/RS     LOG L/LS         VEL LB          TB

                   4.179       9.050           11700.0       10000.0


                     0.9776



       RADIUS    VELOCITY  DENSITY    MASS    TOT. MASS   NEWMASS NEWTOT. MASS Kin. En.
   1  0.53D+14    193.09  0.19D-12  0.582D-04  0.582D-04  0.152D-02  0.152D-02  0.284D+12
   2  0.46D+15   1699.64  0.12D-12  0.204D-01  0.205D-01  0.508D-01  0.523D-01  0.734D+15
   3  0.76D+15   2779.51  0.82D-13  0.566D-01  0.770D-01  0.808D-01  0.133D+00  0.385D+16
   4  0.10D+16   3736.92  0.58D-13  0.754D-01  0.152D+00  0.907D-01  0.224D+00  0.102D+17
   5  0.12D+16   4553.08  0.43D-13  0.773D-01  0.230D+00  0.910D-01  0.315D+00  0.196D+17
   6  0.15D+16   5334.55  0.32D-13  0.790D-01  0.309D+00  0.943D-01  0.409D+00  0.330D+17
   7  0.17D+16   6153.91  0.24D-13  0.826D-01  0.391D+00  0.986D-01  0.508D+00  0.517D+17
   8  0.19D+16   7036.23  0.17D-13  0.841D-01  0.475D+00  0.115D+00  0.623D+00  0.802D+17
   9  0.22D+16   8256.81  0.11D-13  0.102D+00  0.577D+00  0.105D+00  0.728D+00  0.116D+18
  10  0.25D+16   9216.44  0.86D-14  0.808D-01  0.658D+00  0.891D-01  0.817D+00  0.154D+18
  11  0.28D+16  10159.20  0.72D-14  0.812D-01  0.739D+00  0.101D+00  0.918D+00  0.206D+18
  12  0.31D+16  11337.24  0.49D-14  0.853D-01  0.825D+00  0.882D-01  0.101D+01  0.263D+18
  13  0.34D+16  12358.60  0.33D-14  0.613D-01  0.886D+00  0.721D-01  0.108D+01  0.318D+18
  14  0.37D+16  13539.64  0.32D-14  0.820D-01  0.968D+00  0.716D-01  0.115D+01  0.383D+18
  15  0.39D+16  14262.30  0.31D-14  0.552D-01  0.102D+01  0.653D-01  0.122D+01  0.450D+18
  16  0.41D+16  15158.44  0.27D-14  0.662D-01  0.109D+01  0.985D-01  0.131D+01  0.563D+18
  17  0.46D+16  16746.85  0.54D-15  0.277D-01  0.112D+01  0.555D-01  0.137D+01  0.641D+18
  18  0.57D+16  20745.14  0.64D-16  0.116D-01  0.113D+01  0.989D-02  0.138D+01  0.662D+18
  19  0.61D+16  22490.48  0.20D-16  0.205D-02  0.113D+01  0.109D-02  0.138D+01  0.665D+18
 /, Kin. En. =    51.121343040386641     

      XS      VS        LOG RH      TE       TR       W    SH M    TOTM

      0.98  11935.73    -12.96   7733.10   8592.33  0.401  0.034  0.034
      0.94  12436.89    -13.03   7733.10   8592.33  0.330  0.034  0.069
      0.90  12981.97    -13.04   7733.10   8592.33  0.283  0.040  0.109
      0.86  13577.02    -13.05   7733.10   8592.33  0.246  0.047  0.157
      0.82  14229.25    -13.06   7733.10   8592.33  0.215  0.055  0.211
      0.78  14947.30    -13.11   7733.10   8592.33  0.189  0.060  0.271
      0.74  15741.68    -13.39   7733.10   8592.33  0.165  0.039  0.310
      0.70  16625.22    -13.77   7733.10   8592.33  0.145  0.020  0.330
      0.66  17613.85    -14.04   7733.10   8592.33  0.126  0.014  0.343
      0.62  18727.49    -14.31   7733.10   8592.33  0.110  0.009  0.353
      0.59  19991.46    -14.59   7733.10   8592.33  0.095  0.006  0.359
      0.55  21438.39    -14.96   7733.10   8592.33  0.081  0.004  0.363
      0.51  23111.11    -15.43   7733.10   8592.33  0.069  0.002  0.364
      0.47  25066.95    -15.95   7733.10   8592.33  0.058  0.001  0.365
      0.43  27384.44    -16.52   7733.10   8592.33  0.048  0.000  0.365
      0.39  30174.08    -17.14   7733.10   8592.33  0.039  0.000  0.365
      0.35  33596.55    -17.82   7733.10   8592.33  0.031  0.000  0.365
      0.31  37894.74    -18.59   7733.10   8592.33  0.024  0.000  0.365
      0.27  43454.04    -19.46   7733.10   8592.33  0.018  0.000  0.365
      0.23  50924.92    -20.47   7733.10   8592.33  0.013  0.000  0.365

        XS        VS          LOG RH       TE          TR         W

        0.98    11935.73      -12.96     7733.10     8592.33    0.401
        0.94    12436.89      -13.03     7733.10     8592.33    0.330
        0.90    12981.97      -13.04     7733.10     8592.33    0.283
        0.86    13577.02      -13.05     7733.10     8592.33    0.246
        0.82    14229.25      -13.06     7733.10     8592.33    0.215
        0.78    14947.30      -13.11     7733.10     8592.33    0.189
        0.74    15741.68      -13.39     7733.10     8592.33    0.165
        0.70    16625.22      -13.77     7733.10     8592.33    0.145
        0.66    17613.85      -14.04     7733.10     8592.33    0.126
        0.62    18727.49      -14.31     7733.10     8592.33    0.110
        0.59    19991.46      -14.59     7733.10     8592.33    0.095
        0.55    21438.39      -14.96     7733.10     8592.33    0.081
        0.51    23111.11      -15.43     7733.10     8592.33    0.069
        0.47    25066.95      -15.95     7733.10     8592.33    0.058
        0.43    27384.44      -16.52     7733.10     8592.33    0.048
        0.39    30174.08      -17.14     7733.10     8592.33    0.039
        0.35    33596.55      -17.82     7733.10     8592.33    0.031
        0.31    37894.74      -18.59     7733.10     8592.33    0.024
        0.27    43454.04      -19.46     7733.10     8592.33    0.018
        0.23    50924.92      -20.47     7733.10     8592.33    0.013

     No. of ions =  27            Total No. Included = 36735


         En consv. check   0.943D-14


      NPK        ABS      ESC      event      no event            out of rg

     90000     55940     34060     21234     12826         0         0


                         No. pkts   =   90000
                         Esc to inf =   34060
                         No line ev =       0
  PW(2)=    32792.588063637486       RQ(JS,5)=    32792.588063637486     
  TB=   10000.000000000000       CLP=  2.03851600501297983E-005  CL=  3.04946958763789603E-005

     JP       LP       KP        KJ         L        NUJ        BT        NPK

  1.91776  0.71625  0.62529  0.221E+00   1.14248  0.782E+15   0.0398   1 1.365E+05
  1.52681  0.73511  0.51783  0.197E+00   1.12361  0.753E+15   0.0415   2 1.229E+05
  1.27405  0.73745  0.42831  0.180E+00   1.10600  0.733E+15   0.0433   3 1.114E+05
  0.98890  0.75611  0.34272  0.169E+00   1.08695  0.718E+15   0.0453   4 9.776E+04
  0.74904  0.77598  0.26320  0.162E+00   1.06678  0.703E+15   0.0475   5 8.286E+04
  0.53162  0.80341  0.19043  0.144E+00   1.04562  0.679E+15   0.0499   6 6.639E+04
  0.35939  0.83154  0.13631  0.120E+00   1.02796  0.645E+15   0.0525   7 5.247E+04
  0.23919  0.85401  0.10373  0.103E+00   1.01647  0.611E+15   0.0555   8 4.389E+04
  0.17662  0.86056  0.08504  0.750E-01   1.00986  0.579E+15   0.0588   9 3.952E+04
  0.13611  0.86114  0.07174  0.659E-01   1.00540  0.558E+15   0.0625  10 3.688E+04
  0.10470  0.86026  0.06184  0.521E-01   1.00268  0.538E+15   0.0667  11 3.535E+04
  0.08286  0.85538  0.05375  0.413E-01   1.00116  0.522E+15   0.0715  12 3.456E+04
  0.06595  0.84812  0.04660  0.322E-01   1.00043  0.506E+15   0.0771  13 3.419E+04
  0.05324  0.83728  0.04003  0.307E-01   1.00025  0.499E+15   0.0836  14 3.413E+04
  0.04259  0.82390  0.03371  0.302E-01   1.00012  0.494E+15   0.0913  15 3.409E+04
  0.03354  0.80762  0.02774  0.273E-01   1.00005  0.486E+15   0.1006  16 3.407E+04
  0.02581  0.78772  0.02219  0.253E-01   1.00001  0.477E+15   0.1121  17 3.406E+04
  0.01932  0.76271  0.01714  0.246E-01   1.00001  0.468E+15   0.1264  18 3.406E+04
  0.01388  0.73083  0.01266  0.232E-01   1.00000  0.457E+15   0.1449  19 3.406E+04
  0.00942  0.68895  0.00878  0.210E-01   1.00000  0.443E+15   0.1699  20 3.406E+04
                                         0.66848

     Scale:  L = 42.633     L+ = 43.071

               TB1 = 11059.3          Log EP0 = 38.116969
  TEMP IT no:           1

    13.2    -24.1770      0.3644   T* =  8592.3   TB = 11059.3

        XS        VS          LOG RH       TE          TR         W

        0.98    11935.73      -12.96     8446.64     9385.15    1.321
        0.94    12436.89      -13.03     8281.49     9201.65    1.179
        0.90    12981.97      -13.04     8116.33     9018.15    1.037
        0.86    13577.02      -13.05     7986.58     8873.97    0.873
        0.82    14229.25      -13.06     7848.96     8721.06    0.704
        0.78    14947.30      -13.11     7657.83     8508.70    0.555
        0.74    15741.68      -13.39     7410.26     8233.62    0.432
        0.70    16625.22      -13.77     7145.87     7939.86    0.341
        0.66    17613.85      -14.04     6909.42     7677.14    0.282
        0.62    18727.49      -14.31     6722.43     7469.37    0.240
        0.59    19991.46      -14.59     6571.34     7301.48    0.204
        0.55    21438.39      -14.96     6438.79     7154.21    0.174
        0.51    23111.11      -15.43     6330.84     7034.26    0.148
        0.47    25066.95      -15.95     6262.50     6958.33    0.125
        0.43    27384.44      -16.52     6212.13     6902.37    0.103
        0.39    30174.08      -17.14     6151.55     6835.05    0.084
        0.35    33596.55      -17.82     6084.21     6760.23    0.068
        0.31    37894.74      -18.59     6011.03     6678.92    0.053
        0.27    43454.04      -19.46     5922.67     6580.74    0.041
        0.23    50924.92      -20.47     5834.30     6482.56    0.028

         En consv. check   0.140D-14


      NPK        ABS      ESC      event      no event            out of rg

     90000     51942     38058     24034     14024         0         0


                         No. pkts   =   90000
                         Esc to inf =   38058
                         No line ev =       0
  PW(2)=    36359.986072888474       RQ(JS,5)=    36359.986072888474     
  TB=   11059.297609415702       CLP=  3.04946958763789942E-005  CL=  2.75027608095164224E-005

     JP       LP       KP        KJ         L        NUJ        BT        NPK

  1.72115  0.76172  0.56740  0.226E+00   1.14585  0.866E+15   0.0398   1 1.374E+05
  1.45091  0.76328  0.49164  0.214E+00   1.13272  0.856E+15   0.0415   2 1.292E+05
  1.26626  0.75344  0.42567  0.187E+00   1.11985  0.837E+15   0.0433   3 1.223E+05
  1.03370  0.75930  0.35903  0.183E+00   1.10513  0.828E+15   0.0453   4 1.134E+05
  0.83484  0.76514  0.28975  0.175E+00   1.08756  0.811E+15   0.0475   5 1.011E+05
  0.62114  0.78618  0.21896  0.147E+00   1.06689  0.783E+15   0.0499   6 8.492E+04
  0.43581  0.81279  0.16226  0.133E+00   1.04819  0.759E+15   0.0525   7 6.986E+04
  0.31355  0.82918  0.12555  0.114E+00   1.03475  0.733E+15   0.0555   8 5.997E+04
  0.23188  0.83776  0.10044  0.941E-01   1.02472  0.705E+15   0.0588   9 5.325E+04
  0.17365  0.84207  0.08134  0.801E-01   1.01651  0.677E+15   0.0625  10 4.800E+04
  0.12701  0.84646  0.06641  0.680E-01   1.00981  0.641E+15   0.0667  11 4.377E+04
  0.09326  0.84798  0.05484  0.511E-01   1.00479  0.601E+15   0.0715  12 4.060E+04
  0.07107  0.84394  0.04629  0.408E-01   1.00203  0.574E+15   0.0771  13 3.895E+04
  0.05581  0.83490  0.03944  0.368E-01   1.00092  0.559E+15   0.0836  14 3.841E+04
  0.04371  0.82298  0.03318  0.332E-01   1.00037  0.545E+15   0.0913  15 3.817E+04
  0.03419  0.80700  0.02738  0.284E-01   1.00020  0.535E+15   0.1006  16 3.812E+04
  0.02617  0.78736  0.02196  0.240E-01   1.00009  0.525E+15   0.1121  17 3.808E+04
  0.01951  0.76249  0.01700  0.203E-01   1.00003  0.514E+15   0.1264  18 3.806E+04
  0.01398  0.73069  0.01257  0.185E-01   1.00000  0.502E+15   0.1449  19 3.806E+04
  0.00947  0.68888  0.00874  0.170E-01   1.00000  0.486E+15   0.1699  20 3.806E+04
                                         1.10879

     Scale:  L = 42.633     L+ = 43.026

               TB1 = 10777.4          Log EP0 = 38.072121
  TEMP IT no:           2

     6.8    -24.1770      0.4040   T* =  8592.3   TB = 10777.4

        XS        VS          LOG RH       TE          TR         W

        0.98    11935.73      -12.96     9379.18    10421.31    0.789
        0.94    12436.89      -13.03     9220.15    10244.61    0.726
        0.90    12981.97      -13.04     9061.11    10067.90    0.663
        0.86    13577.02      -13.05     8911.08     9901.20    0.588
        0.82    14229.25      -13.06     8724.87     9694.30    0.508
        0.78    14947.30      -13.11     8477.02     9418.92    0.428
        0.74    15741.68      -13.39     8206.88     9118.76    0.350
        0.70    16625.22      -13.77     7926.15     8806.84    0.289
        0.66    17613.85      -14.04     7638.33     8487.03    0.246
        0.62    18727.49      -14.31     7344.70     8160.78    0.213
        0.59    19991.46      -14.59     7023.49     7803.87    0.188
        0.55    21438.39      -14.96     6702.70     7447.44    0.168
        0.51    23111.11      -15.43     6456.59     7173.98    0.148
        0.47    25066.95      -15.95     6294.01     6993.34    0.128
        0.43    27384.44      -16.52     6170.46     6856.07    0.109
        0.39    30174.08      -17.14     6064.74     6738.60    0.091
        0.35    33596.55      -17.82     5964.41     6627.12    0.074
        0.31    37894.74      -18.59     5855.22     6505.80    0.060
        0.27    43454.04      -19.46     5728.51     6365.01    0.047
        0.23    50924.92      -20.47     5601.80     6224.22    0.034

         En consv. check   0.195D-13


      NPK        ABS      ESC      event      no event            out of rg

     90000     48770     41230     24829     16401         0         0


                         No. pkts   =   90000
                         Esc to inf =   41230
                         No line ev =       0
  PW(2)=    39523.066795319522       RQ(JS,5)=    39523.066795319522     
  TB=   10777.438208777423       CLP=  2.75027608095163580E-005  CL=  2.53016802865718906E-005

     JP       LP       KP        KJ         L        NUJ        BT        NPK

  1.52746  0.78429  0.50681  0.248E+00   1.12625  0.869E+15   0.0398   1 1.337E+05
  1.29647  0.78388  0.44133  0.242E+00   1.11490  0.863E+15   0.0415   2 1.262E+05
  1.09625  0.78265  0.38032  0.229E+00   1.10313  0.851E+15   0.0433   3 1.185E+05
  0.91520  0.78258  0.31808  0.220E+00   1.08949  0.842E+15   0.0453   4 1.088E+05
  0.72985  0.79042  0.25565  0.207E+00   1.07377  0.830E+15   0.0475   5 9.685E+04
  0.52554  0.81453  0.19187  0.188E+00   1.05531  0.805E+15   0.0499   6 8.049E+04
  0.37372  0.83489  0.14401  0.179E+00   1.03977  0.791E+15   0.0525   7 6.696E+04
  0.27358  0.84667  0.11463  0.158E+00   1.02947  0.766E+15   0.0555   8 5.887E+04
  0.21540  0.84694  0.09576  0.145E+00   1.02265  0.751E+15   0.0588   9 5.444E+04
  0.16758  0.84675  0.08019  0.124E+00   1.01659  0.727E+15   0.0625  10 5.081E+04
  0.12858  0.84614  0.06711  0.110E+00   1.01127  0.709E+15   0.0667  11 4.764E+04
  0.09528  0.84684  0.05581  0.957E-01   1.00655  0.673E+15   0.0715  12 4.463E+04
  0.07288  0.84238  0.04687  0.829E-01   1.00335  0.645E+15   0.0771  13 4.276E+04
  0.05681  0.83382  0.03963  0.770E-01   1.00166  0.626E+15   0.0836  14 4.189E+04
  0.04440  0.82191  0.03326  0.690E-01   1.00086  0.610E+15   0.0913  15 4.153E+04
  0.03443  0.80658  0.02737  0.627E-01   1.00041  0.595E+15   0.1006  16 4.135E+04
  0.02627  0.78716  0.02194  0.583E-01   1.00022  0.581E+15   0.1121  17 4.128E+04
  0.01958  0.76227  0.01698  0.518E-01   1.00009  0.569E+15   0.1264  18 4.124E+04
  0.01401  0.73062  0.01256  0.430E-01   1.00001  0.554E+15   0.1449  19 4.123E+04
  0.00948  0.68884  0.00873  0.379E-01   1.00000  0.536E+15   0.1699  20 4.123E+04
                                         1.08699

     Scale:  L = 42.633     L+ = 42.990

               TB1 = 10555.0          Log EP0 = 38.035894
  TEMP IT no:           3

     6.5    -24.1770      0.4391   T* =  8592.3   TB = 10555.0

        XS        VS          LOG RH       TE          TR         W

        0.98    11935.73      -12.96     9685.62    10761.80    0.618
        0.94    12436.89      -13.03     9562.56    10625.06    0.556
        0.90    12981.97      -13.04     9439.49    10488.32    0.494
        0.86    13577.02      -13.05     9309.14    10343.49    0.433
        0.82    14229.25      -13.06     9137.33    10152.59    0.368
        0.78    14947.30      -13.11     8915.66     9906.29    0.301
        0.74    15741.68      -13.39     8681.92     9646.58    0.240
        0.70    16625.22      -13.77     8441.93     9379.93    0.198
        0.66    17613.85      -14.04     8198.53     9109.48    0.171
        0.62    18727.49      -14.31     7949.81     8833.12    0.150
        0.59    19991.46      -14.59     7666.79     8518.65    0.133
        0.55    21438.39      -14.96     7341.78     8157.54    0.119
        0.51    23111.11      -15.43     7049.49     7832.77    0.107
        0.47    25066.95      -15.95     6836.35     7595.95    0.094
        0.43    27384.44      -16.52     6666.52     7407.24    0.081
        0.39    30174.08      -17.14     6515.53     7239.48    0.069
        0.35    33596.55      -17.82     6377.44     7086.04    0.057
        0.31    37894.74      -18.59     6240.42     6933.81    0.046
        0.27    43454.04      -19.46     6086.16     6762.40    0.037
        0.23    50924.92      -20.47     5931.90     6591.00    0.027

         En consv. check   0.304D-14


      NPK        ABS      ESC      event      no event            out of rg

     90000     47810     42190     24560     17630         0         0


                         No. pkts   =   90000
                         Esc to inf =   42190
                         No line ev =       0
  PW(2)=    40616.473935589143       RQ(JS,5)=    40616.473935589143     
  TB=   10555.013898791261       CLP=  2.53016802865718330E-005  CL=  2.46205517885632035E-005

     JP       LP       KP        KJ         L        NUJ        BT        NPK

  1.49527  0.78280  0.49018  0.264E+00   1.11663  0.863E+15   0.0398   1 1.329E+05
  1.24437  0.78715  0.42682  0.252E+00   1.10565  0.854E+15   0.0415   2 1.253E+05
  1.04831  0.78674  0.36619  0.244E+00   1.09395  0.849E+15   0.0433   3 1.170E+05
  0.87016  0.78787  0.30554  0.238E+00   1.08071  0.841E+15   0.0453   4 1.073E+05
  0.69359  0.79543  0.24407  0.230E+00   1.06532  0.833E+15   0.0475   5 9.457E+04
  0.51696  0.81263  0.18461  0.210E+00   1.04822  0.809E+15   0.0499   6 7.941E+04
  0.35452  0.83794  0.13628  0.199E+00   1.03254  0.790E+15   0.0525   7 6.495E+04
  0.25264  0.85231  0.10744  0.173E+00   1.02249  0.764E+15   0.0555   8 5.631E+04
  0.19244  0.85601  0.08959  0.157E+00   1.01619  0.743E+15   0.0588   9 5.184E+04
  0.15020  0.85541  0.07543  0.141E+00   1.01108  0.724E+15   0.0625  10 4.844E+04
  0.11428  0.85550  0.06419  0.124E+00   1.00723  0.698E+15   0.0667  11 4.597E+04
  0.08884  0.85183  0.05465  0.109E+00   1.00423  0.674E+15   0.0715  12 4.410E+04
  0.07003  0.84498  0.04682  0.101E+00   1.00248  0.657E+15   0.0771  13 4.317E+04
  0.05523  0.83564  0.03987  0.884E-01   1.00144  0.637E+15   0.0836  14 4.267E+04
  0.04401  0.82223  0.03351  0.817E-01   1.00087  0.628E+15   0.0913  15 4.248E+04
  0.03413  0.80698  0.02756  0.761E-01   1.00052  0.613E+15   0.1006  16 4.234E+04
  0.02624  0.78692  0.02204  0.711E-01   1.00023  0.601E+15   0.1121  17 4.227E+04
  0.01950  0.76239  0.01704  0.672E-01   1.00005  0.587E+15   0.1264  18 4.221E+04
  0.01396  0.73069  0.01259  0.596E-01   1.00000  0.572E+15   0.1449  19 4.219E+04
  0.00946  0.68888  0.00875  0.491E-01   1.00000  0.553E+15   0.1699  20 4.219E+04
                                         1.02767

     Scale:  L = 42.633     L+ = 42.978

               TB1 = 10483.2          Log EP0 = 38.024043
  TEMP IT no:           4

     2.5    -24.1770      0.4513   T* =  8592.3   TB = 10483.2

        XS        VS          LOG RH       TE          TR         W

        0.98    11935.73      -12.96     9708.30    10787.00    0.593
        0.94    12436.89      -13.03     9616.27    10684.75    0.525
        0.90    12981.97      -13.04     9524.25    10582.50    0.456
        0.86    13577.02      -13.05     9425.39    10472.65    0.393
        0.82    14229.25      -13.06     9279.31    10310.35    0.332
        0.78    14947.30      -13.11     9067.95    10075.50    0.272
        0.74    15741.68      -13.39     8823.77     9804.19    0.215
        0.70    16625.22      -13.77     8568.63     9520.70    0.172
        0.66    17613.85      -14.04     8323.73     9248.59    0.145
        0.62    18727.49      -14.31     8080.88     8978.76    0.126
        0.59    19991.46      -14.59     7809.21     8676.90    0.111
        0.55    21438.39      -14.96     7538.46     8376.06    0.099
        0.51    23111.11      -15.43     7300.91     8112.12    0.089
        0.47    25066.95      -15.95     7102.62     7891.79    0.078
        0.43    27384.44      -16.52     6942.27     7713.64    0.068
        0.39    30174.08      -17.14     6795.58     7550.64    0.058
        0.35    33596.55      -17.82     6649.78     7388.65    0.048
        0.31    37894.74      -18.59     6497.99     7219.99    0.039
        0.27    43454.04      -19.46     6329.48     7032.75    0.031
        0.23    50924.92      -20.47     6160.96     6845.52    0.023

         En consv. check   0.534D-14


      NPK        ABS      ESC      event      no event            out of rg

     90000     47939     42061     24284     17777         0         0


                         No. pkts   =   90000
                         Esc to inf =   42061
                         No line ev =       0
  PW(2)=    40531.072349292655       RQ(JS,5)=    40531.072349292655     
  TB=   10483.249307572914       CLP=  2.46205517885631933E-005  CL=  2.46724288807880990E-005

     JP       LP       KP        KJ         L        NUJ        BT        NPK

  1.47474  0.78531  0.49184  0.257E+00   1.11602  0.856E+15   0.0398   1 1.329E+05
  1.24504  0.78613  0.42596  0.254E+00   1.10459  0.853E+15   0.0415   2 1.249E+05
  1.06310  0.78262  0.36757  0.248E+00   1.09328  0.848E+15   0.0433   3 1.175E+05
  0.86422  0.78829  0.30663  0.242E+00   1.07994  0.839E+15   0.0453   4 1.074E+05
  0.69449  0.79416  0.24346  0.230E+00   1.06412  0.829E+15   0.0475   5 9.428E+04
  0.50125  0.81677  0.18295  0.214E+00   1.04671  0.808E+15   0.0499   6 7.837E+04
  0.34773  0.83962  0.13585  0.206E+00   1.03147  0.790E+15   0.0525   7 6.435E+04
  0.25193  0.85179  0.10722  0.187E+00   1.02154  0.770E+15   0.0555   8 5.598E+04
  0.19234  0.85529  0.08867  0.161E+00   1.01492  0.744E+15   0.0588   9 5.110E+04
  0.14723  0.85662  0.07494  0.141E+00   1.01006  0.717E+15   0.0625  10 4.786E+04
  0.11381  0.85528  0.06367  0.124E+00   1.00623  0.692E+15   0.0667  11 4.539E+04
  0.08780  0.85233  0.05436  0.108E+00   1.00346  0.669E+15   0.0715  12 4.369E+04
  0.06941  0.84530  0.04666  0.965E-01   1.00186  0.650E+15   0.0771  13 4.283E+04
  0.05490  0.83581  0.03987  0.877E-01   1.00109  0.635E+15   0.0836  14 4.245E+04
  0.04357  0.82282  0.03354  0.812E-01   1.00067  0.623E+15   0.0913  15 4.230E+04
  0.03423  0.80649  0.02757  0.745E-01   1.00031  0.612E+15   0.1006  16 4.216E+04
  0.02609  0.78728  0.02206  0.701E-01   1.00011  0.597E+15   0.1121  17 4.210E+04
  0.01945  0.76253  0.01705  0.665E-01   1.00001  0.584E+15   0.1264  18 4.206E+04
  0.01395  0.73073  0.01260  0.617E-01   1.00000  0.570E+15   0.1449  19 4.206E+04
  0.00945  0.68890  0.00876  0.510E-01   1.00000  0.552E+15   0.1699  20 4.206E+04
                                         0.99790

     Scale:  L = 42.633     L+ = 42.979

               TB1 = 10488.8          Log EP0 = 38.024957
  TEMP IT no:           5

     0.5    -24.1770      0.4503   T* =  8592.3   TB = 10488.8

        XS        VS          LOG RH       TE          TR         W

        0.98    11935.73      -12.96     9680.27    10755.86    0.596
        0.94    12436.89      -13.03     9610.56    10678.40    0.526
        0.90    12981.97      -13.04     9540.84    10600.93    0.456
        0.86    13577.02      -13.05     9443.70    10493.00    0.390
        0.82    14229.25      -13.06     9298.97    10332.18    0.327
        0.78    14947.30      -13.11     9098.57    10109.52    0.263
        0.74    15741.68      -13.39     8874.94     9861.04    0.206
        0.70    16625.22      -13.77     8635.30     9594.77    0.166
        0.66    17613.85      -14.04     8366.27     9295.86    0.141
        0.62    18727.49      -14.31     8083.88     8982.09    0.124
        0.59    19991.46      -14.59     7807.39     8674.87    0.110
        0.55    21438.39      -14.96     7550.74     8389.71    0.098
        0.51    23111.11      -15.43     7330.97     8145.52    0.086
        0.47    25066.95      -15.95     7151.32     7945.91    0.076
        0.43    27384.44      -16.52     7001.50     7779.44    0.065
        0.39    30174.08      -17.14     6860.28     7622.53    0.055
        0.35    33596.55      -17.82     6710.83     7456.47    0.046
        0.31    37894.74      -18.59     6555.92     7284.36    0.038
        0.27    43454.04      -19.46     6389.03     7098.92    0.030
        0.23    50924.92      -20.47     6222.13     6913.48    0.022

         En consv. check  -0.833D-14


      NPK        ABS      ESC      event      no event            out of rg

     90000     47753     42247     24263     17984         0         0


                         No. pkts   =   90000
                         Esc to inf =   42247
                         No line ev =       0
  PW(2)=    40712.525039187785       RQ(JS,5)=    40712.740534138669     
  TB=   10488.767170333309       CLP=  2.46724288807880651E-005  CL=  2.45623356934538590E-005

     JP       LP       KP        KJ         L        NUJ        BT        NPK

  1.48572  0.78317  0.48985  0.262E+00   1.11536  0.862E+15   0.0398   1 1.331E+05
  1.24590  0.78570  0.42497  0.254E+00   1.10414  0.853E+15   0.0415   2 1.248E+05
  1.06811  0.78138  0.36451  0.247E+00   1.09244  0.847E+15   0.0433   3 1.170E+05
  0.87518  0.78551  0.30492  0.242E+00   1.07942  0.839E+15   0.0453   4 1.074E+05
  0.69238  0.79459  0.24453  0.232E+00   1.06426  0.833E+15   0.0475   5 9.508E+04
  0.50252  0.81617  0.18338  0.218E+00   1.04666  0.814E+15   0.0499   6 7.901E+04
  0.34372  0.84094  0.13504  0.201E+00   1.03096  0.791E+15   0.0525   7 6.433E+04
  0.24999  0.85250  0.10609  0.178E+00   1.02087  0.764E+15   0.0555   8 5.562E+04
  0.18951  0.85670  0.08845  0.158E+00   1.01471  0.739E+15   0.0588   9 5.111E+04
  0.14638  0.85714  0.07510  0.148E+00   1.01014  0.724E+15   0.0625  10 4.815E+04
  0.11281  0.85605  0.06343  0.132E+00   1.00603  0.697E+15   0.0667  11 4.542E+04
  0.08766  0.85244  0.05433  0.112E+00   1.00341  0.671E+15   0.0715  12 4.384E+04
  0.06914  0.84563  0.04671  0.104E+00   1.00191  0.657E+15   0.0771  13 4.301E+04
  0.05533  0.83515  0.03991  0.938E-01   1.00114  0.642E+15   0.0836  14 4.268E+04
  0.04365  0.82263  0.03355  0.849E-01   1.00066  0.626E+15   0.0913  15 4.250E+04
  0.03404  0.80698  0.02758  0.781E-01   1.00032  0.612E+15   0.1006  16 4.236E+04
  0.02607  0.78734  0.02207  0.727E-01   1.00012  0.599E+15   0.1121  17 4.228E+04
  0.01946  0.76242  0.01706  0.701E-01   1.00001  0.588E+15   0.1264  18 4.225E+04
  0.01394  0.73073  0.01261  0.646E-01   1.00000  0.572E+15   0.1449  19 4.225E+04
  0.00945  0.68888  0.00876  0.539E-01   1.00000  0.554E+15   0.1699  20 4.225E+04
                                         1.00448

     Scale:  L = 42.633     L+ = 42.977

               TB1 = 10477.1          Log EP0 = 38.023017
  TEMP IT no:           6

     0.4    -24.1770      0.4524   T* =  8592.3   TB = 10477.1

        XS        VS          LOG RH       TE          TR         W

        0.98    11935.73      -12.96     9700.82    10778.69    0.592
        0.94    12436.89      -13.03     9620.31    10689.23    0.525
        0.90    12981.97      -13.04     9539.79    10599.77    0.458
        0.86    13577.02      -13.05     9453.96    10504.40    0.391
        0.82    14229.25      -13.06     9332.34    10369.26    0.323
        0.78    14947.30      -13.11     9142.55    10158.38    0.258
        0.74    15741.68      -13.39     8894.71     9883.01    0.202
        0.70    16625.22      -13.77     8619.89     9577.65    0.165
        0.66    17613.85      -14.04     8357.15     9285.72    0.141
        0.62    18727.49      -14.31     8111.00     9012.22    0.122
        0.59    19991.46      -14.59     7842.50     8713.89    0.107
        0.55    21438.39      -14.96     7585.05     8427.83    0.096
        0.51    23111.11      -15.43     7384.41     8204.90    0.084
        0.47    25066.95      -15.95     7212.38     8013.75    0.073
        0.43    27384.44      -16.52     7045.66     7828.51    0.064
        0.39    30174.08      -17.14     6888.89     7654.32    0.054
        0.35    33596.55      -17.82     6744.50     7493.89    0.045
        0.31    37894.74      -18.59     6597.82     7330.91    0.037
        0.27    43454.04      -19.46     6427.96     7142.18    0.029
        0.23    50924.92      -20.47     6258.11     6953.45    0.022

         En consv. check  -0.620D-14


      NPK        ABS      ESC      event      no event            out of rg

     90000     47739     42261     24239     18022         0         0


                         No. pkts   =   90000
                         Esc to inf =   42261
                         No line ev =       0
  PW(2)=    40735.268062458912       RQ(JS,5)=    40735.524036679999     
  TB=   10477.050968344463       CLP=  2.45623746965760800E-005  CL=  2.45485979043637074E-005

     JP       LP       KP        KJ         L        NUJ        BT        NPK

  1.49747  0.78123  0.48881  0.257E+00   1.11520  0.856E+15   0.0398   1 1.331E+05
  1.25267  0.78443  0.42507  0.257E+00   1.10415  0.857E+15   0.0415   2 1.252E+05
  1.04615  0.78607  0.36518  0.251E+00   1.09260  0.850E+15   0.0433   3 1.172E+05
  0.87016  0.78669  0.30431  0.237E+00   1.07922  0.832E+15   0.0453   4 1.073E+05
  0.68560  0.79650  0.24459  0.241E+00   1.06429  0.836E+15   0.0475   5 9.515E+04
  0.50813  0.81433  0.18432  0.222E+00   1.04695  0.816E+15   0.0499   6 7.947E+04
  0.35393  0.83703  0.13616  0.203E+00   1.03136  0.792E+15   0.0525   7 6.504E+04
  0.25095  0.85197  0.10710  0.185E+00   1.02123  0.770E+15   0.0555   8 5.623E+04
  0.18855  0.85708  0.08862  0.162E+00   1.01466  0.740E+15   0.0588   9 5.123E+04
  0.14515  0.85780  0.07469  0.140E+00   1.00975  0.710E+15   0.0625  10 4.788E+04
  0.11243  0.85623  0.06341  0.126E+00   1.00591  0.692E+15   0.0667  11 4.543E+04
  0.08741  0.85261  0.05428  0.108E+00   1.00328  0.665E+15   0.0715  12 4.380E+04
  0.06922  0.84548  0.04665  0.992E-01   1.00178  0.650E+15   0.0771  13 4.298E+04
  0.05478  0.83595  0.03987  0.907E-01   1.00105  0.635E+15   0.0836  14 4.262E+04
  0.04351  0.82294  0.03354  0.831E-01   1.00064  0.621E+15   0.0913  15 4.246E+04
  0.03408  0.80687  0.02758  0.771E-01   1.00033  0.610E+15   0.1006  16 4.237E+04
  0.02609  0.78727  0.02207  0.717E-01   1.00011  0.597E+15   0.1121  17 4.230E+04
  0.01944  0.76252  0.01706  0.677E-01   1.00001  0.584E+15   0.1264  18 4.226E+04
  0.01394  0.73072  0.01261  0.622E-01   1.00000  0.569E+15   0.1449  19 4.226E+04
  0.00945  0.68888  0.00876  0.518E-01   1.00000  0.551E+15   0.1699  20 4.226E+04
                                         1.00056

     Scale:  L = 42.633     L+ = 42.977

               TB1 = 10475.6          Log EP0 = 38.022774
  TEMP IT no:           7

     0.3    -24.1770      0.4526   T* =  8592.3   TB = 10475.6

        XS        VS          LOG RH       TE          TR         W

        0.98    11935.73      -12.96     9718.35    10798.16    0.595
        0.94    12436.89      -13.03     9632.27    10702.52    0.524
        0.90    12981.97      -13.04     9546.19    10606.87    0.452
        0.86    13577.02      -13.05     9443.21    10492.45    0.389
        0.82    14229.25      -13.06     9346.16    10384.62    0.320
        0.78    14947.30      -13.11     9170.12    10189.03    0.256
        0.74    15741.68      -13.39     8919.53     9910.59    0.204
        0.70    16625.22      -13.77     8646.03     9606.70    0.165
        0.66    17613.85      -14.04     8347.71     9275.23    0.140
        0.62    18727.49      -14.31     8058.41     8953.78    0.124
        0.59    19991.46      -14.59     7795.63     8661.81    0.109
        0.55    21438.39      -14.96     7550.95     8389.94    0.097
        0.51    23111.11      -15.43     7346.64     8162.94    0.085
        0.47    25066.95      -15.95     7175.42     7972.69    0.074
        0.43    27384.44      -16.52     7019.56     7799.51    0.064
        0.39    30174.08      -17.14     6876.01     7640.01    0.055
        0.35    33596.55      -17.82     6731.79     7479.77    0.046
        0.31    37894.74      -18.59     6580.40     7311.55    0.037
        0.27    43454.04      -19.46     6413.66     7126.29    0.030
        0.23    50924.92      -20.47     6246.92     6941.02    0.022

         En consv. check  -0.430D-14


      NPK        ABS      ESC      event      no event            out of rg

     90000     47800     42200     24186     18014         0         0


                         No. pkts   =   90000
                         Esc to inf =   42200
                         No line ev =       0
  PW(2)=    40684.903831655545       RQ(JS,5)=    40684.903831655545     
  TB=   10475.586477769681       CLP=  2.45486441821825342E-005  CL=  2.45791412986438936E-005

     JP       LP       KP        KJ         L        NUJ        BT        NPK

  1.47515  0.78457  0.48980  0.260E+00   1.11501  0.855E+15   0.0398   1 1.332E+05
  1.23720  0.78699  0.42571  0.253E+00   1.10393  0.850E+15   0.0415   2 1.251E+05
  1.04695  0.78555  0.36432  0.249E+00   1.09207  0.846E+15   0.0433   3 1.167E+05
  0.87241  0.78588  0.30440  0.243E+00   1.07898  0.839E+15   0.0453   4 1.070E+05
  0.69041  0.79487  0.24406  0.232E+00   1.06385  0.832E+15   0.0475   5 9.487E+04
  0.50220  0.81602  0.18314  0.221E+00   1.04633  0.813E+15   0.0499   6 7.880E+04
  0.34958  0.83849  0.13550  0.198E+00   1.03091  0.789E+15   0.0525   7 6.439E+04
  0.25220  0.85125  0.10645  0.180E+00   1.02077  0.764E+15   0.0555   8 5.584E+04
  0.19025  0.85603  0.08856  0.162E+00   1.01448  0.740E+15   0.0588   9 5.121E+04
  0.14652  0.85676  0.07472  0.139E+00   1.00960  0.716E+15   0.0625  10 4.785E+04
  0.11258  0.85596  0.06349  0.130E+00   1.00580  0.697E+15   0.0667  11 4.535E+04
  0.08771  0.85216  0.05432  0.108E+00   1.00316  0.670E+15   0.0715  12 4.372E+04
  0.06868  0.84600  0.04670  0.988E-01   1.00172  0.651E+15   0.0771  13 4.288E+04
  0.05459  0.83613  0.03996  0.895E-01   1.00108  0.635E+15   0.0836  14 4.258E+04
  0.04350  0.82283  0.03360  0.822E-01   1.00066  0.623E+15   0.0913  15 4.244E+04
  0.03401  0.80697  0.02762  0.773E-01   1.00034  0.611E+15   0.1006  16 4.232E+04
  0.02602  0.78744  0.02208  0.718E-01   1.00011  0.597E+15   0.1121  17 4.222E+04
  0.01943  0.76252  0.01707  0.685E-01   1.00001  0.585E+15   0.1264  18 4.220E+04
  0.01393  0.73075  0.01261  0.640E-01   1.00000  0.570E+15   0.1449  19 4.220E+04
  0.00944  0.68890  0.00876  0.534E-01   1.00000  0.552E+15   0.1699  20 4.220E+04
                                         0.99876

     Scale:  L = 42.633     L+ = 42.978

               TB1 = 10478.8          Log EP0 = 38.023312
  TEMP IT no:           8

     0.2    -24.1770      0.4521   T* =  8592.3   TB = 10478.8

        XS        VS          LOG RH       TE          TR         W

        0.98    11935.73      -12.96     9664.82    10738.69    0.596
        0.94    12436.89      -13.03     9597.03    10663.37    0.525
        0.90    12981.97      -13.04     9529.24    10588.05    0.455
        0.86    13577.02      -13.05     9451.09    10501.21    0.389
        0.82    14229.25      -13.06     9336.11    10373.45    0.322
        0.78    14947.30      -13.11     9146.86    10163.18    0.258
        0.74    15741.68      -13.39     8894.29     9882.54    0.204
        0.70    16625.22      -13.77     8620.78     9578.64    0.167
        0.66    17613.85      -14.04     8345.55     9272.83    0.142
        0.62    18727.49      -14.31     8081.73     8979.69    0.123
        0.59    19991.46      -14.59     7825.55     8695.06    0.108
        0.55    21438.39      -14.96     7569.82     8410.91    0.096
        0.51    23111.11      -15.43     7346.78     8163.09    0.085
        0.47    25066.95      -15.95     7170.89     7967.66    0.074
        0.43    27384.44      -16.52     7022.28     7802.53    0.064
        0.39    30174.08      -17.14     6879.32     7643.69    0.054
        0.35    33596.55      -17.82     6732.49     7480.54    0.045
        0.31    37894.74      -18.59     6582.84     7314.26    0.037
        0.27    43454.04      -19.46     6417.89     7130.98    0.029
        0.23    50924.92      -20.47     6252.93     6947.71    0.022

         En consv. check   0.734D-14


      NPK        ABS      ESC      event      no event            out of rg

     90000     47727     42273     24449     17824         0         0


                         No. pkts   =   90000
                         Esc to inf =   42273
                         No line ev =       0
  PW(2)=    40722.848996284585       RQ(JS,5)=    40722.848996284585     
  TB=   10478.838454264420       CLP=  2.45791412986438530E-005  CL=  2.45562386877999768E-005

     JP       LP       KP        KJ         L        NUJ        BT        NPK

  1.48468  0.78366  0.48807  0.258E+00   1.11539  0.854E+15   0.0398   1 1.329E+05
  1.23538  0.78799  0.42418  0.258E+00   1.10431  0.857E+15   0.0415   2 1.250E+05
  1.04849  0.78590  0.36346  0.250E+00   1.09256  0.853E+15   0.0433   3 1.168E+05
  0.86928  0.78731  0.30325  0.238E+00   1.07938  0.836E+15   0.0453   4 1.069E+05
  0.69449  0.79445  0.24389  0.233E+00   1.06454  0.830E+15   0.0475   5 9.482E+04
  0.50991  0.81414  0.18487  0.223E+00   1.04752  0.821E+15   0.0499   6 7.972E+04
  0.35809  0.83574  0.13741  0.209E+00   1.03212  0.798E+15   0.0525   7 6.568E+04
  0.25502  0.85033  0.10810  0.188E+00   1.02186  0.774E+15   0.0555   8 5.678E+04
  0.19106  0.85588  0.08927  0.161E+00   1.01515  0.745E+15   0.0588   9 5.164E+04
  0.14680  0.85686  0.07506  0.142E+00   1.01011  0.722E+15   0.0625  10 4.808E+04
  0.11282  0.85605  0.06368  0.126E+00   1.00624  0.697E+15   0.0667  11 4.559E+04
  0.08782  0.85230  0.05439  0.116E+00   1.00348  0.674E+15   0.0715  12 4.392E+04
  0.06907  0.84572  0.04672  0.996E-01   1.00194  0.654E+15   0.0771  13 4.304E+04
  0.05484  0.83590  0.03990  0.904E-01   1.00114  0.639E+15   0.0836  14 4.268E+04
  0.04353  0.82293  0.03354  0.821E-01   1.00069  0.626E+15   0.0913  15 4.249E+04
  0.03406  0.80696  0.02758  0.762E-01   1.00036  0.614E+15   0.1006  16 4.238E+04
  0.02614  0.78712  0.02206  0.720E-01   1.00013  0.603E+15   0.1121  17 4.232E+04
  0.01945  0.76249  0.01706  0.679E-01   1.00002  0.588E+15   0.1264  18 4.228E+04
  0.01395  0.73072  0.01261  0.630E-01   1.00000  0.574E+15   0.1449  19 4.227E+04
  0.00945  0.68890  0.00876  0.519E-01   1.00000  0.556E+15   0.1699  20 4.227E+04
                                         1.00093

     Scale:  L = 42.633     L+ = 42.977

               TB1 = 10476.4          Log EP0 = 38.022907
  TEMP IT no:           9

     0.4    -24.1770      0.4525   T* =  8592.3   TB = 10476.4

        XS        VS          LOG RH       TE          TR         W

        0.98    11935.73      -12.96     9695.50    10772.77    0.592
        0.94    12436.89      -13.03     9628.71    10698.57    0.520
        0.90    12981.97      -13.04     9561.93    10624.36    0.448
        0.86    13577.02      -13.05     9448.76    10498.62    0.389
        0.82    14229.25      -13.06     9337.56    10375.07    0.324
        0.78    14947.30      -13.11     9189.81    10210.90    0.257
        0.74    15741.68      -13.39     8960.86     9956.51    0.202
        0.70    16625.22      -13.77     8680.81     9645.34    0.164
        0.66    17613.85      -14.04     8391.92     9324.36    0.139
        0.62    18727.49      -14.31     8118.16     9020.17    0.122
        0.59    19991.46      -14.59     7853.25     8725.84    0.107
        0.55    21438.39      -14.96     7599.69     8444.10    0.095
        0.51    23111.11      -15.43     7379.66     8199.62    0.084
        0.47    25066.95      -15.95     7200.80     8000.89    0.073
        0.43    27384.44      -16.52     7049.80     7833.11    0.063
        0.39    30174.08      -17.14     6910.41     7678.23    0.054
        0.35    33596.55      -17.82     6769.99     7522.21    0.045
        0.31    37894.74      -18.59     6616.44     7351.59    0.036
        0.27    43454.04      -19.46     6445.79     7161.99    0.029
        0.23    50924.92      -20.47     6275.15     6972.39    0.021

         En consv. check   0.130D-13


      NPK        ABS      ESC      event      no event            out of rg

     90000     47840     42160     24136     18024         0         0


                         No. pkts   =   90000
                         Esc to inf =   42160
                         No line ev =       0
  PW(2)=    40645.899280737896       RQ(JS,5)=    40645.899280737896     
  TB=   10476.396580273347       CLP=  2.45562386878000208E-005  CL=  2.46027278937312200E-005

     JP       LP       KP        KJ         L        NUJ        BT        NPK

  1.46296  0.78615  0.48675  0.257E+00   1.11406  0.854E+15   0.0398   1 1.321E+05
  1.22551  0.78887  0.41886  0.252E+00   1.10234  0.849E+15   0.0415   2 1.231E+05
  1.04798  0.78514  0.36167  0.251E+00   1.09131  0.848E+15   0.0433   3 1.161E+05
  0.86658  0.78712  0.30225  0.245E+00   1.07827  0.843E+15   0.0453   4 1.064E+05
  0.67303  0.79965  0.24105  0.233E+00   1.06292  0.830E+15   0.0475   5 9.356E+04
  0.49797  0.81740  0.18220  0.224E+00   1.04602  0.818E+15   0.0499   6 7.835E+04
  0.35199  0.83763  0.13460  0.228E+00   1.03062  0.821E+15   0.0525   7 6.402E+04
  0.25350  0.85074  0.10600  0.186E+00   1.02064  0.762E+15   0.0555   8 5.552E+04
  0.18812  0.85727  0.08819  0.165E+00   1.01439  0.744E+15   0.0588   9 5.086E+04
  0.14645  0.85691  0.07457  0.148E+00   1.00961  0.721E+15   0.0625  10 4.776E+04
  0.11171  0.85676  0.06329  0.125E+00   1.00577  0.690E+15   0.0667  11 4.516E+04
  0.08758  0.85242  0.05430  0.113E+00   1.00328  0.672E+15   0.0715  12 4.370E+04
  0.06892  0.84581  0.04667  0.986E-01   1.00178  0.652E+15   0.0771  13 4.289E+04
  0.05498  0.83561  0.03988  0.865E-01   1.00103  0.636E+15   0.0836  14 4.253E+04
  0.04340  0.82310  0.03354  0.808E-01   1.00059  0.622E+15   0.0913  15 4.236E+04
  0.03401  0.80701  0.02758  0.744E-01   1.00029  0.610E+15   0.1006  16 4.226E+04
  0.02610  0.78720  0.02207  0.698E-01   1.00010  0.599E+15   0.1121  17 4.220E+04
  0.01944  0.76252  0.01706  0.657E-01   1.00001  0.585E+15   0.1264  18 4.217E+04
  0.01394  0.73074  0.01261  0.612E-01   1.00000  0.571E+15   0.1449  19 4.216E+04
  0.00945  0.68890  0.00876  0.509E-01   1.00000  0.553E+15   0.1699  20 4.216E+04
                                         0.99811

     Scale:  L = 42.633     L+ = 42.978

               TB1 = 10481.4          Log EP0 = 38.023728
  TEMP IT no:          30

     0.3    -24.1770      0.4516   T* =  8592.3   TB = 10481.4

        XS        VS          LOG RH       TE          TR         W

        0.98    11935.73      -12.96     9639.37    10710.41    0.596
        0.94    12436.89      -13.03     9592.61    10658.46    0.523
        0.90    12981.97      -13.04     9545.85    10606.50    0.450
        0.86    13577.02      -13.05     9468.97    10521.07    0.383
        0.82    14229.25      -13.06     9348.97    10387.74    0.315
        0.78    14947.30      -13.11     9234.84    10260.94    0.247
        0.74    15741.68      -13.39     9041.01    10045.57    0.192
        0.70    16625.22      -13.77     8698.08     9664.53    0.161
        0.66    17613.85      -14.04     8379.57     9310.63    0.139
        0.62    18727.49      -14.31     8109.85     9010.95    0.121
        0.59    19991.46      -14.59     7827.44     8697.15    0.108
        0.55    21438.39      -14.96     7579.82     8422.02    0.095
        0.51    23111.11      -15.43     7367.50     8186.12    0.084
        0.47    25066.95      -15.95     7182.85     7980.94    0.074
        0.43    27384.44      -16.52     7027.75     7808.61    0.064
        0.39    30174.08      -17.14     6889.44     7654.93    0.054
        0.35    33596.55      -17.82     6751.30     7501.45    0.045
        0.31    37894.74      -18.59     6601.00     7334.44    0.037
        0.27    43454.04      -19.46     6432.62     7147.35    0.029
        0.23    50924.92      -20.47     6264.23     6960.26    0.022

         En consv. check  -0.107D-13


      NPK        ABS      ESC      event      no event            out of rg

     90000     47559     42441     24609     17832         0         0


                         No. pkts   =   90000
                         Esc to inf =   42441
                         No line ev =       0
  PW(2)=    40892.163766810634       RQ(JS,5)=    40892.163766810634     
  TB=   10481.351471542861       CLP=  2.46027278937311591E-005  CL=  2.44545631212509098E-005

     JP       LP       KP        KJ         L        NUJ        BT        NPK

  1.48749  0.78273  0.48747  0.258E+00   1.11482  0.854E+15   0.0398   1 1.332E+05
  1.21946  0.79057  0.42189  0.258E+00   1.10348  0.854E+15   0.0415   2 1.245E+05
  1.04595  0.78610  0.36203  0.247E+00   1.09192  0.847E+15   0.0433   3 1.166E+05
  0.86208  0.78874  0.30396  0.244E+00   1.07922  0.839E+15   0.0453   4 1.075E+05
  0.68389  0.79705  0.24356  0.234E+00   1.06407  0.832E+15   0.0475   5 9.503E+04
  0.50852  0.81429  0.18373  0.220E+00   1.04684  0.815E+15   0.0499   6 7.958E+04
  0.34810  0.83936  0.13598  0.202E+00   1.03140  0.793E+15   0.0525   7 6.502E+04
  0.25133  0.85193  0.10708  0.189E+00   1.02134  0.774E+15   0.0555   8 5.638E+04
  0.19015  0.85636  0.08893  0.166E+00   1.01496  0.750E+15   0.0588   9 5.166E+04
  0.14787  0.85614  0.07498  0.146E+00   1.01001  0.723E+15   0.0625  10 4.833E+04
  0.11353  0.85542  0.06362  0.135E+00   1.00611  0.701E+15   0.0667  11 4.576E+04
  0.08721  0.85282  0.05431  0.111E+00   1.00332  0.671E+15   0.0715  12 4.400E+04
  0.06887  0.84593  0.04665  0.103E+00   1.00182  0.655E+15   0.0771  13 4.312E+04
  0.05497  0.83569  0.03987  0.965E-01   1.00107  0.643E+15   0.0836  14 4.279E+04
  0.04352  0.82292  0.03353  0.875E-01   1.00064  0.628E+15   0.0913  15 4.265E+04
  0.03408  0.80690  0.02758  0.809E-01   1.00035  0.615E+15   0.1006  16 4.255E+04
  0.02614  0.78711  0.02207  0.752E-01   1.00014  0.603E+15   0.1121  17 4.248E+04
  0.01945  0.76250  0.01706  0.715E-01   1.00001  0.589E+15   0.1264  18 4.244E+04
  0.01394  0.73073  0.01261  0.662E-01   1.00000  0.574E+15   0.1449  19 4.244E+04
  0.00945  0.68889  0.00876  0.551E-01   1.00000  0.556E+15   0.1699  20 4.244E+04
                                         1.00606

     Scale:  L = 42.633     L+ = 42.975

               TB1 = 10465.5          Log EP0 = 38.021105

         En consv. check  -0.346D-14


      NPK        ABS      ESC      event      no event            out of rg

     90000     47674     42326     24370     17956         0         0


                         No. pkts   =   90000
                         Esc to inf =   42326
                         No line ev =       0
  PW(2)=    40803.387449403148       RQ(JS,5)=    40803.387449403148     
  TB=   10465.535272301957       CLP=  2.44545631212506557E-005  CL=  2.45077691463733491E-005

     JP       LP       KP        KJ         L        NUJ        BT        NPK

  1.46171  0.78660  0.48607  0.263E+00   1.11419  0.859E+15   0.0398   1 1.325E+05
  1.23821  0.78662  0.42126  0.252E+00   1.10292  0.850E+15   0.0415   2 1.242E+05
  1.05758  0.78316  0.36235  0.243E+00   1.09152  0.839E+15   0.0433   3 1.165E+05
  0.86329  0.78799  0.30269  0.239E+00   1.07846  0.836E+15   0.0453   4 1.068E+05
  0.69404  0.79386  0.24201  0.238E+00   1.06328  0.837E+15   0.0475   5 9.422E+04
  0.50411  0.81544  0.18238  0.226E+00   1.04612  0.816E+15   0.0499   6 7.876E+04
  0.34123  0.84174  0.13514  0.204E+00   1.03085  0.792E+15   0.0525   7 6.439E+04
  0.25008  0.85232  0.10638  0.178E+00   1.02087  0.759E+15   0.0555   8 5.591E+04
  0.19310  0.85464  0.08879  0.165E+00   1.01472  0.751E+15   0.0588   9 5.149E+04
  0.14520  0.85771  0.07484  0.140E+00   1.00979  0.716E+15   0.0625  10 4.802E+04
  0.11331  0.85552  0.06370  0.132E+00   1.00609  0.698E+15   0.0667  11 4.559E+04
  0.08752  0.85248  0.05441  0.112E+00   1.00338  0.673E+15   0.0715  12 4.390E+04
  0.06898  0.84573  0.04676  0.990E-01   1.00188  0.653E+15   0.0771  13 4.309E+04
  0.05466  0.83610  0.03990  0.882E-01   1.00107  0.637E+15   0.0836  14 4.268E+04
  0.04343  0.82305  0.03356  0.831E-01   1.00065  0.625E+15   0.0913  15 4.253E+04
  0.03415  0.80665  0.02760  0.787E-01   1.00033  0.616E+15   0.1006  16 4.245E+04
  0.02607  0.78730  0.02208  0.715E-01   1.00013  0.600E+15   0.1121  17 4.237E+04
  0.01944  0.76252  0.01707  0.674E-01   1.00002  0.587E+15   0.1264  18 4.233E+04
  0.01394  0.73074  0.01261  0.623E-01   1.00001  0.573E+15   0.1449  19 4.233E+04
  0.00945  0.68889  0.00876  0.522E-01   1.00000  0.555E+15   0.1699  20 4.233E+04
                                         0.99783

     Scale:  L = 42.633     L+ = 42.976

               TB1 = 10471.2          Log EP0 = 38.022049

         En consv. check  -0.122D-13


      NPK        ABS      ESC      event      no event            out of rg

     90000     47637     42363     24275     18088         0         0


                         No. pkts   =   90000
                         Esc to inf =   42363
                         No line ev =       0
  PW(2)=    40832.718975655785       RQ(JS,5)=    40832.846013662100     
  TB=   10471.223124844630       CLP=  2.45077691463731526E-005  CL=  2.44900881918790089E-005

     JP       LP       KP        KJ         L        NUJ        BT        NPK

  1.48323  0.78316  0.48752  0.266E+00   1.11456  0.862E+15   0.0398   1 1.329E+05
  1.23557  0.78726  0.42218  0.261E+00   1.10324  0.855E+15   0.0415   2 1.245E+05
  1.03901  0.78726  0.36245  0.250E+00   1.09169  0.845E+15   0.0433   3 1.167E+05
  0.86885  0.78678  0.30174  0.240E+00   1.07836  0.840E+15   0.0453   4 1.067E+05
  0.67380  0.79970  0.24121  0.236E+00   1.06323  0.832E+15   0.0475   5 9.395E+04
  0.50304  0.81600  0.18217  0.222E+00   1.04626  0.813E+15   0.0499   6 7.869E+04
  0.35050  0.83840  0.13562  0.204E+00   1.03121  0.794E+15   0.0525   7 6.485E+04
  0.25311  0.85104  0.10744  0.184E+00   1.02142  0.770E+15   0.0555   8 5.656E+04
  0.19018  0.85625  0.08885  0.163E+00   1.01482  0.745E+15   0.0588   9 5.152E+04
  0.14724  0.85645  0.07474  0.146E+00   1.00977  0.722E+15   0.0625  10 4.813E+04
  0.11369  0.85524  0.06345  0.123E+00   1.00591  0.692E+15   0.0667  11 4.560E+04
  0.08741  0.85259  0.05433  0.113E+00   1.00331  0.672E+15   0.0715  12 4.394E+04
  0.06893  0.84582  0.04661  0.966E-01   1.00174  0.650E+15   0.0771  13 4.303E+04
  0.05469  0.83609  0.03987  0.892E-01   1.00105  0.635E+15   0.0836  14 4.272E+04
  0.04344  0.82305  0.03354  0.830E-01   1.00063  0.623E+15   0.0913  15 4.257E+04
  0.03420  0.80656  0.02759  0.775E-01   1.00034  0.614E+15   0.1006  16 4.248E+04
  0.02612  0.78717  0.02207  0.729E-01   1.00013  0.600E+15   0.1121  17 4.240E+04
  0.01945  0.76247  0.01706  0.675E-01   1.00001  0.586E+15   0.1264  18 4.237E+04
  0.01394  0.73073  0.01261  0.625E-01   1.00000  0.572E+15   0.1449  19 4.236E+04
  0.00945  0.68890  0.00876  0.524E-01   1.00000  0.554E+15   0.1699  20 4.236E+04
                                         1.00072

     Scale:  L = 42.633     L+ = 42.976

               TB1 = 10469.3          Log EP0 = 38.021737

         En consv. check   0.348D-14


      NPK        ABS      ESC      event      no event            out of rg

     90000     47418     42582     24496     18086         0         0


                         No. pkts   =   90000
                         Esc to inf =   42582
                         No line ev =       0
  PW(2)=    41035.244141649520       RQ(JS,5)=    41035.244141649520     
  TB=   10469.342159448153       CLP=  2.44901643849921510E-005  CL=  2.43692957338842908E-005

     JP       LP       KP        KJ         L        NUJ        BT        NPK

  1.47976  0.78372  0.48483  0.257E+00   1.11410  0.851E+15   0.0398   1 1.329E+05
  1.23493  0.78739  0.42151  0.255E+00   1.10312  0.850E+15   0.0415   2 1.250E+05
  1.04812  0.78537  0.36357  0.253E+00   1.09198  0.850E+15   0.0433   3 1.174E+05
  0.85721  0.78974  0.30243  0.247E+00   1.07866  0.843E+15   0.0453   4 1.071E+05
  0.68132  0.79766  0.24218  0.236E+00   1.06357  0.832E+15   0.0475   5 9.488E+04
  0.50262  0.81617  0.18230  0.221E+00   1.04634  0.813E+15   0.0499   6 7.912E+04
  0.35513  0.83672  0.13528  0.205E+00   1.03116  0.792E+15   0.0525   7 6.482E+04
  0.24795  0.85352  0.10686  0.188E+00   1.02133  0.768E+15   0.0555   8 5.637E+04
  0.19040  0.85633  0.08882  0.167E+00   1.01500  0.742E+15   0.0588   9 5.174E+04
  0.14537  0.85787  0.07491  0.147E+00   1.01010  0.721E+15   0.0625  10 4.834E+04
  0.11349  0.85560  0.06369  0.132E+00   1.00631  0.698E+15   0.0667  11 4.595E+04
  0.08808  0.85210  0.05449  0.116E+00   1.00362  0.678E+15   0.0715  12 4.430E+04
  0.06905  0.84578  0.04670  0.995E-01   1.00195  0.651E+15   0.0771  13 4.335E+04
  0.05491  0.83583  0.03989  0.886E-01   1.00115  0.636E+15   0.0836  14 4.299E+04
  0.04356  0.82287  0.03356  0.831E-01   1.00073  0.625E+15   0.0913  15 4.283E+04
  0.03410  0.80684  0.02759  0.778E-01   1.00038  0.614E+15   0.1006  16 4.271E+04
  0.02612  0.78718  0.02207  0.706E-01   1.00016  0.599E+15   0.1121  17 4.263E+04
  0.01946  0.76247  0.01705  0.667E-01   1.00001  0.586E+15   0.1264  18 4.259E+04
  0.01395  0.73072  0.01261  0.622E-01   1.00000  0.572E+15   0.1449  19 4.258E+04
  0.00945  0.68889  0.00876  0.524E-01   1.00000  0.553E+15   0.1699  20 4.258E+04
                                         1.00496

     Scale:  L = 42.633     L+ = 42.974

               TB1 = 10456.4          Log EP0 = 38.019588
     POWER:   0.4104E+05    INPUT FLUX:   0.9524E-10    INT. FLUX:  0.8101E-10

UNREDD. MAGS: U=    13.388 B=    13.782 V=    13.818 R=    13.515
UNREDD. COL.: U-B = -0.394 B-V = -0.036 V-R =  0.303

REDD. MAGS:   U=    15.298 B=    15.330 V=    15.002 R=    14.496
REDD. COL.:   U-B = -0.033 B-V =  0.328 V-R =  0.506

ABS. MAG:     U =  -18.052 B =  -17.658 V =  -17.622
MBol =  13.565  Bol. Corr. =  -0.253  (MBol)o= -17.875
