        1     Ntot =  0.914D+09     Ne =  0.247D+10
        2     Ntot =  0.824D+09     Ne =  0.222D+10
        3     Ntot =  0.740D+09     Ne =  0.198D+10
        4     Ntot =  0.675D+09     Ne =  0.179D+10
        5     Ntot =  0.609D+09     Ne =  0.159D+10
        6     Ntot =  0.504D+09     Ne =  0.129D+10
        7     Ntot =  0.411D+09     Ne =  0.100D+10
        8     Ntot =  0.314D+09     Ne =  0.711D+09
        9     Ntot =  0.283D+09     Ne =  0.592D+09
       10     Ntot =  0.273D+09     Ne =  0.555D+09
       11     Ntot =  0.239D+09     Ne =  0.483D+09
       12     Ntot =  0.837D+08     Ne =  0.169D+09
       13     Ntot =  0.282D+08     Ne =  0.561D+08
       14     Ntot =  0.110D+08     Ne =  0.215D+08
       15     Ntot =  0.328D+07     Ne =  0.632D+07
       16     Ntot =  0.585D+06     Ne =  0.113D+07
       17     Ntot =  0.829D+05     Ne =  0.160D+06
       18     Ntot =  0.870D+04     Ne =  0.170D+05
       19     Ntot =  0.607D+03     Ne =  0.120D+04
       20     Ntot =  0.234D+02     Ne =  0.471D+02

  6   C                                       I           II          III         IV   
    0.98   8429.1  -13.3534  0.247D+10     0.4835D-11  0.6754D-03  0.9988D+00  0.5253D-03
    0.94   8811.7  -13.3985  0.222D+10     0.5282D-11  0.7302D-03  0.9988D+00  0.4453D-03
    0.89   9230.8  -13.4454  0.198D+10     0.5773D-11  0.7913D-03  0.9988D+00  0.3644D-03
    0.85   9691.6  -13.4853  0.179D+10     0.7156D-11  0.9314D-03  0.9988D+00  0.2496D-03
    0.81  10200.9  -13.5301  0.159D+10     0.1028D-10  0.1220D-02  0.9986D+00  0.1346D-03
    0.77  10766.7  -13.6118  0.129D+10     0.1554D-10  0.1710D-02  0.9982D+00  0.5835D-04
    0.72  11399.0  -13.7003  0.100D+10     0.2866D-10  0.2770D-02  0.9972D+00  0.1856D-04
    0.68  12110.1  -13.8170  0.711D+09     0.6453D-10  0.5291D-02  0.9947D+00  0.4069D-05
    0.64  12915.9  -13.8628  0.592D+09     0.3125D-09  0.1599D-01  0.9840D+00  0.4454D-06
    0.60  13836.5  -13.8783  0.555D+09     0.2881D-08  0.7057D-01  0.9294D+00  0.2431D-07
    0.55  14898.4  -13.9357  0.483D+09     0.3374D-07  0.3415D+00  0.6585D+00  0.4736D-09
    0.51  16136.9  -14.3915  0.169D+09     0.9020D-07  0.7164D+00  0.2836D+00  0.5067D-11
    0.47  17600.0  -14.8647  0.561D+08     0.1565D-06  0.9354D+00  0.6456D-01  0.2073D-13
    0.43  19354.8  -15.2732  0.215D+08     0.2316D-06  0.9878D+00  0.1222D-01  0.8050D-16
    0.38  21498.4  -15.7988  0.632D+07     0.2298D-06  0.9965D+00  0.3485D-02  0.8379D-18
    0.34  24175.8  -16.5475  0.113D+07     0.1151D-06  0.9976D+00  0.2376D-02  0.6593D-19
    0.30  27615.1  -17.3959  0.160D+06     0.3652D-07  0.9966D+00  0.3382D-02  0.3252D-19
    0.26  32195.1  -18.3747  0.170D+05     0.7760D-08  0.9917D+00  0.8295D-02  0.5354D-19
    0.21  38596.5  -19.5315  0.120D+04     0.1161D-08  0.9729D+00  0.2714D-01  0.1296D-18
    0.17  48175.2  -20.9455  0.471D+02     0.9361D-10  0.8648D+00  0.1352D+00  0.5634D-18

  8   O                                       I           II          III         IV   
    0.98   8429.1  -13.3534  0.247D+10     0.1023D-07  0.1759D+00  0.8241D+00  0.5986D-06
    0.94   8811.7  -13.3985  0.222D+10     0.1195D-07  0.1952D+00  0.8048D+00  0.4969D-06
    0.89   9230.8  -13.4454  0.198D+10     0.1408D-07  0.2190D+00  0.7810D+00  0.3967D-06
    0.85   9691.6  -13.4853  0.179D+10     0.1895D-07  0.2682D+00  0.7318D+00  0.2500D-06
    0.81  10200.9  -13.5301  0.159D+10     0.2937D-07  0.3603D+00  0.6397D+00  0.1113D-06
    0.77  10766.7  -13.6118  0.129D+10     0.4651D-07  0.4967D+00  0.5033D+00  0.3418D-07
    0.72  11399.0  -13.7003  0.100D+10     0.7856D-07  0.6825D+00  0.3175D+00  0.5868D-08
    0.68  12110.1  -13.8170  0.711D+09     0.1288D-06  0.8585D+00  0.1415D+00  0.4564D-09
    0.64  12915.9  -13.8628  0.592D+09     0.2652D-06  0.9681D+00  0.3188D-01  0.8234D-11
    0.60  13836.5  -13.8783  0.555D+09     0.6699D-06  0.9962D+00  0.3842D-02  0.3806D-13
    0.55  14898.4  -13.9357  0.483D+09     0.1997D-05  0.9997D+00  0.2602D-03  0.4188D-16
    0.51  16136.9  -14.3915  0.169D+09     0.3322D-05  0.1000D+01  0.2007D-04  0.4069D-19
    0.47  17600.0  -14.8647  0.561D+08     0.5935D-05  0.1000D+01  0.1232D-05  0.2149D-22
    0.43  19354.8  -15.2732  0.215D+08     0.1099D-04  0.1000D+01  0.8221D-07  0.1474D-25
    0.38  21498.4  -15.7988  0.632D+07     0.1391D-04  0.1000D+01  0.9111D-08  0.3163D-28
    0.34  24175.8  -16.5475  0.113D+07     0.8439D-05  0.1000D+01  0.2709D-08  0.6422D-30
    0.30  27615.1  -17.3959  0.160D+06     0.2979D-05  0.1000D+01  0.1934D-08  0.1089D-30
    0.26  32195.1  -18.3747  0.170D+05     0.6678D-06  0.1000D+01  0.2465D-08  0.6859D-31
    0.21  38596.5  -19.5315  0.120D+04     0.1055D-06  0.1000D+01  0.3854D-08  0.5685D-31
    0.17  48175.2  -20.9455  0.471D+02     0.9570D-08  0.1000D+01  0.8849D-08  0.8040D-31

 12   MG                                      I           II          III         IV   
    0.98   8429.1  -13.3534  0.247D+10     0.2208D-15  0.1931D-06  0.1000D+01  0.5800D-13
    0.94   8811.7  -13.3985  0.222D+10     0.2759D-15  0.2248D-06  0.1000D+01  0.4883D-13
    0.89   9230.8  -13.4454  0.198D+10     0.3658D-15  0.2709D-06  0.1000D+01  0.3969D-13
    0.85   9691.6  -13.4853  0.179D+10     0.5342D-15  0.3489D-06  0.1000D+01  0.2416D-13
    0.81  10200.9  -13.5301  0.159D+10     0.8356D-15  0.4780D-06  0.1000D+01  0.9704D-14
    0.77  10766.7  -13.6118  0.129D+10     0.1231D-14  0.6563D-06  0.1000D+01  0.2531D-14
    0.72  11399.0  -13.7003  0.100D+10     0.1989D-14  0.9755D-06  0.1000D+01  0.3859D-15
    0.68  12110.1  -13.8170  0.711D+09     0.3303D-14  0.1532D-05  0.1000D+01  0.2971D-16
    0.64  12915.9  -13.8628  0.592D+09     0.9148D-14  0.3247D-05  0.1000D+01  0.7856D-18
    0.60  13836.5  -13.8783  0.555D+09     0.4034D-13  0.9033D-05  0.1000D+01  0.7483D-20
    0.55  14898.4  -13.9357  0.483D+09     0.2398D-12  0.3092D-04  0.1000D+01  0.2007D-22
    0.51  16136.9  -14.3915  0.169D+09     0.3668D-12  0.5773D-04  0.9999D+00  0.2426D-25
    0.47  17600.0  -14.8647  0.561D+08     0.5776D-12  0.1112D-03  0.9999D+00  0.1594D-28
    0.43  19354.8  -15.2732  0.215D+08     0.1083D-11  0.2253D-03  0.9998D+00  0.1433D-31
    0.38  21498.4  -15.7988  0.632D+07     0.1124D-11  0.3269D-03  0.9997D+00  0.2921D-34
    0.34  24175.8  -16.5475  0.113D+07     0.3578D-12  0.2465D-03  0.9998D+00  0.3078D-36
    0.30  27615.1  -17.3959  0.160D+06     0.5656D-13  0.1206D-03  0.9999D+00  0.1890D-37
    0.26  32195.1  -18.3747  0.170D+05     0.4860D-14  0.4173D-04  0.1000D+01  0.3102D-38
    0.21  38596.5  -19.5315  0.120D+04     0.2471D-15  0.1120D-04  0.1000D+01  0.4927D-39
    0.17  48175.2  -20.9455  0.471D+02     0.6394D-17  0.2111D-05  0.1000D+01  0.8379D-40

 14   SI                                      I           II          III         IV   
    0.98   8429.1  -13.3534  0.247D+10     0.5031D-16  0.5643D-07  0.4128D-01  0.9577D+00
    0.94   8811.7  -13.3985  0.222D+10     0.6811D-16  0.7558D-07  0.4822D-01  0.9509D+00
    0.89   9230.8  -13.4454  0.198D+10     0.9868D-16  0.1070D-06  0.5817D-01  0.9411D+00
    0.85   9691.6  -13.4853  0.179D+10     0.1781D-15  0.1816D-06  0.7890D-01  0.9206D+00
    0.81  10200.9  -13.5301  0.159D+10     0.4019D-15  0.3757D-06  0.1225D+00  0.8773D+00
    0.77  10766.7  -13.6118  0.129D+10     0.9442D-15  0.8413D-06  0.2045D+00  0.7954D+00
    0.72  11399.0  -13.7003  0.100D+10     0.2682D-14  0.2207D-05  0.3683D+00  0.6317D+00
    0.68  12110.1  -13.8170  0.711D+09     0.7686D-14  0.5845D-05  0.6251D+00  0.3749D+00
    0.64  12915.9  -13.8628  0.592D+09     0.3310D-13  0.1811D-04  0.8887D+00  0.1113D+00
    0.60  13836.5  -13.8783  0.555D+09     0.1863D-12  0.5918D-04  0.9841D+00  0.1586D-01
    0.55  14898.4  -13.9357  0.483D+09     0.1326D-11  0.2234D-03  0.9985D+00  0.1247D-02
    0.51  16136.9  -14.3915  0.169D+09     0.2570D-11  0.4791D-03  0.9994D+00  0.1192D-03
    0.47  17600.0  -14.8647  0.561D+08     0.5297D-11  0.1096D-02  0.9989D+00  0.9366D-05
    0.43  19354.8  -15.2732  0.215D+08     0.1226D-10  0.2585D-02  0.9974D+00  0.7737D-06
    0.38  21498.4  -15.7988  0.632D+07     0.1447D-10  0.4223D-02  0.9958D+00  0.1022D-06
    0.34  24175.8  -16.5475  0.113D+07     0.4619D-11  0.3379D-02  0.9966D+00  0.3434D-07
    0.30  27615.1  -17.3959  0.160D+06     0.6181D-12  0.1601D-02  0.9984D+00  0.2580D-07
    0.26  32195.1  -18.3747  0.170D+05     0.3851D-13  0.4882D-03  0.9995D+00  0.3251D-07
    0.21  38596.5  -19.5315  0.120D+04     0.1250D-14  0.1061D-03  0.9999D+00  0.4779D-07
    0.17  48175.2  -20.9455  0.471D+02     0.1533D-16  0.1338D-04  0.1000D+01  0.8662D-07

 16   S                                       I           II          III         IV   
    0.98   8429.1  -13.3534  0.247D+10     0.2991D-13  0.9938D-05  0.2806D+00  0.7193D+00
    0.94   8811.7  -13.3985  0.222D+10     0.3760D-13  0.1199D-04  0.3145D+00  0.6855D+00
    0.89   9230.8  -13.4454  0.198D+10     0.4847D-13  0.1474D-04  0.3583D+00  0.6417D+00
    0.85   9691.6  -13.4853  0.179D+10     0.7550D-13  0.2092D-04  0.4368D+00  0.5631D+00
    0.81  10200.9  -13.5301  0.159D+10     0.1419D-12  0.3445D-04  0.5603D+00  0.4397D+00
    0.77  10766.7  -13.6118  0.129D+10     0.2709D-12  0.5880D-04  0.7045D+00  0.2954D+00
    0.72  11399.0  -13.7003  0.100D+10     0.5953D-12  0.1098D-03  0.8470D+00  0.1529D+00
    0.68  12110.1  -13.8170  0.711D+09     0.1448D-11  0.2204D-03  0.9424D+00  0.5737D-01
    0.64  12915.9  -13.8628  0.592D+09     0.6960D-11  0.6533D-03  0.9874D+00  0.1191D-01
    0.60  13836.5  -13.8783  0.555D+09     0.6231D-10  0.2808D-02  0.9957D+00  0.1445D-02
    0.55  14898.4  -13.9357  0.483D+09     0.8948D-09  0.1689D-01  0.9830D+00  0.1014D-03
    0.51  16136.9  -14.3915  0.169D+09     0.4383D-08  0.6789D-01  0.9321D+00  0.8199D-05
    0.47  17600.0  -14.8647  0.561D+08     0.2121D-07  0.2658D+00  0.7342D+00  0.4486D-06
    0.43  19354.8  -15.2732  0.215D+08     0.6642D-07  0.6398D+00  0.3602D+00  0.1622D-07
    0.38  21498.4  -15.7988  0.632D+07     0.8140D-07  0.8485D+00  0.1515D+00  0.8115D-09
    0.34  24175.8  -16.5475  0.113D+07     0.4095D-07  0.8819D+00  0.1181D+00  0.1947D-09
    0.30  27615.1  -17.3959  0.160D+06     0.1235D-07  0.8295D+00  0.1705D+00  0.1984D-09
    0.26  32195.1  -18.3747  0.170D+05     0.2159D-08  0.6489D+00  0.3511D+00  0.4909D-09
    0.21  38596.5  -19.5315  0.120D+04     0.1845D-09  0.3405D+00  0.6595D+00  0.1293D-08
    0.17  48175.2  -20.9455  0.471D+02     0.4403D-11  0.7881D-01  0.9212D+00  0.3168D-08

 20   CA                                      I           II          III         IV   
    0.98   8429.1  -13.3534  0.247D+10     0.1147D-16  0.4458D-07  0.9998D+00  0.1692D-03
    0.94   8811.7  -13.3985  0.222D+10     0.1392D-16  0.5086D-07  0.9999D+00  0.1433D-03
    0.89   9230.8  -13.4454  0.198D+10     0.1773D-16  0.5954D-07  0.9999D+00  0.1172D-03
    0.85   9691.6  -13.4853  0.179D+10     0.2436D-16  0.7297D-07  0.9999D+00  0.7937D-04
    0.81  10200.9  -13.5301  0.159D+10     0.3485D-16  0.9245D-07  0.1000D+01  0.4157D-04
    0.77  10766.7  -13.6118  0.129D+10     0.4541D-16  0.1136D-06  0.1000D+01  0.1714D-04
    0.72  11399.0  -13.7003  0.100D+10     0.6232D-16  0.1458D-06  0.1000D+01  0.5075D-05
    0.68  12110.1  -13.8170  0.711D+09     0.8362D-16  0.1898D-06  0.1000D+01  0.1005D-05
    0.64  12915.9  -13.8628  0.592D+09     0.1788D-15  0.3223D-06  0.1000D+01  0.9653D-07
    0.60  13836.5  -13.8783  0.555D+09     0.5778D-15  0.6952D-06  0.1000D+01  0.4674D-08
    0.55  14898.4  -13.9357  0.483D+09     0.2280D-14  0.1734D-05  0.1000D+01  0.1026D-09
    0.51  16136.9  -14.3915  0.169D+09     0.2096D-14  0.2223D-05  0.1000D+01  0.1906D-11
    0.47  17600.0  -14.8647  0.561D+08     0.1936D-14  0.2928D-05  0.1000D+01  0.2501D-13
    0.43  19354.8  -15.2732  0.215D+08     0.2170D-14  0.4143D-05  0.1000D+01  0.3816D-15
    0.38  21498.4  -15.7988  0.632D+07     0.1363D-14  0.4251D-05  0.1000D+01  0.1062D-16
    0.34  24175.8  -16.5475  0.113D+07     0.2695D-15  0.2309D-05  0.1000D+01  0.9785D-18
    0.30  27615.1  -17.3959  0.160D+06     0.2696D-16  0.8202D-06  0.1000D+01  0.2883D-18
    0.26  32195.1  -18.3747  0.170D+05     0.1382D-17  0.1960D-06  0.1000D+01  0.1697D-18
    0.21  38596.5  -19.5315  0.120D+04     0.3628D-19  0.3251D-07  0.1000D+01  0.1087D-18
    0.17  48175.2  -20.9455  0.471D+02     0.3627D-21  0.3050D-08  0.1000D+01  0.8163D-19

 22   TI                                      I           II          III         IV   
    0.98   8429.1  -13.3534  0.247D+10     0.7470D-19  0.3424D-09  0.2917D-02  0.9964D+00
    0.94   8811.7  -13.3985  0.222D+10     0.1096D-18  0.4576D-09  0.3385D-02  0.9960D+00
    0.89   9230.8  -13.4454  0.198D+10     0.1744D-18  0.6469D-09  0.4039D-02  0.9955D+00
    0.85   9691.6  -13.4853  0.179D+10     0.3370D-18  0.1071D-08  0.5336D-02  0.9943D+00
    0.81  10200.9  -13.5301  0.159D+10     0.7837D-18  0.2100D-08  0.7962D-02  0.9918D+00
    0.77  10766.7  -13.6118  0.129D+10     0.1840D-17  0.4387D-08  0.1283D-01  0.9871D+00
    0.72  11399.0  -13.7003  0.100D+10     0.5455D-17  0.1138D-07  0.2412D-01  0.9758D+00
    0.68  12110.1  -13.8170  0.711D+09     0.1911D-16  0.3580D-07  0.5302D-01  0.9470D+00
    0.64  12915.9  -13.8628  0.592D+09     0.1579D-15  0.2156D-06  0.1670D+00  0.8330D+00
    0.60  13836.5  -13.8783  0.555D+09     0.2019D-14  0.1679D-05  0.5236D+00  0.4764D+00
    0.55  14898.4  -13.9357  0.483D+09     0.1807D-13  0.8600D-05  0.9010D+00  0.9900D-01
    0.51  16136.9  -14.3915  0.169D+09     0.2504D-13  0.1493D-04  0.9820D+00  0.1801D-01
    0.47  17600.0  -14.8647  0.561D+08     0.3246D-13  0.2500D-04  0.9973D+00  0.2626D-02
    0.43  19354.8  -15.2732  0.215D+08     0.4852D-13  0.4366D-04  0.9996D+00  0.3873D-03
    0.38  21498.4  -15.7988  0.632D+07     0.3913D-13  0.5436D-04  0.9999D+00  0.8810D-04
    0.34  24175.8  -16.5475  0.113D+07     0.9452D-14  0.3501D-04  0.9999D+00  0.4705D-04
    0.30  27615.1  -17.3959  0.160D+06     0.1091D-14  0.1439D-04  0.9999D+00  0.5071D-04
    0.26  32195.1  -18.3747  0.170D+05     0.6301D-16  0.3968D-05  0.9999D+00  0.8923D-04
    0.21  38596.5  -19.5315  0.120D+04     0.1879D-17  0.7750D-06  0.9998D+00  0.1975D-03
    0.17  48175.2  -20.9455  0.471D+02     0.2128D-19  0.8740D-07  0.9994D+00  0.6456D-03

 24   CR                                      I           II          III         IV   
    0.98   8429.1  -13.3534  0.247D+10     0.1834D-17  0.5941D-08  0.2136D-01  0.9786D+00
    0.94   8811.7  -13.3985  0.222D+10     0.2727D-17  0.7956D-08  0.2480D-01  0.9751D+00
    0.89   9230.8  -13.4454  0.198D+10     0.4412D-17  0.1128D-07  0.2963D-01  0.9703D+00
    0.85   9691.6  -13.4853  0.179D+10     0.8792D-17  0.1892D-07  0.3941D-01  0.9606D+00
    0.81  10200.9  -13.5301  0.159D+10     0.2151D-16  0.3824D-07  0.5955D-01  0.9404D+00
    0.77  10766.7  -13.6118  0.129D+10     0.5410D-16  0.8345D-07  0.9729D-01  0.9027D+00
    0.72  11399.0  -13.7003  0.100D+10     0.1703D-15  0.2227D-06  0.1803D+00  0.8197D+00
    0.68  12110.1  -13.8170  0.711D+09     0.5890D-15  0.6669D-06  0.3547D+00  0.6453D+00
    0.64  12915.9  -13.8628  0.592D+09     0.3422D-14  0.2708D-05  0.6915D+00  0.3085D+00
    0.60  13836.5  -13.8783  0.555D+09     0.2207D-13  0.1015D-04  0.9353D+00  0.6466D-01
    0.55  14898.4  -13.9357  0.483D+09     0.1490D-12  0.3705D-04  0.9933D+00  0.6691D-02
    0.51  16136.9  -14.3915  0.169D+09     0.2461D-12  0.7197D-04  0.9991D+00  0.8484D-03
    0.47  17600.0  -14.8647  0.561D+08     0.4149D-12  0.1476D-03  0.9998D+00  0.8919D-04
    0.43  19354.8  -15.2732  0.215D+08     0.8067D-12  0.3185D-03  0.9997D+00  0.9692D-05
    0.38  21498.4  -15.7988  0.632D+07     0.8363D-12  0.4876D-03  0.9995D+00  0.1651D-05
    0.34  24175.8  -16.5475  0.113D+07     0.2520D-12  0.3771D-03  0.9996D+00  0.6879D-06
    0.30  27615.1  -17.3959  0.160D+06     0.3480D-13  0.1793D-03  0.9998D+00  0.6118D-06
    0.26  32195.1  -18.3747  0.170D+05     0.2375D-14  0.5661D-04  0.9999D+00  0.9048D-06
    0.21  38596.5  -19.5315  0.120D+04     0.8588D-16  0.1295D-04  0.1000D+01  0.1627D-05
    0.17  48175.2  -20.9455  0.471D+02     0.1218D-17  0.1759D-05  0.1000D+01  0.4047D-05

 26   FE                                      I           II          III         IV   
    0.98   8429.1  -13.3534  0.247D+10     0.1784D-16  0.3946D-07  0.7373D-01  0.9263D+00
    0.94   8811.7  -13.3985  0.222D+10     0.2667D-16  0.5214D-07  0.8330D-01  0.9167D+00
    0.89   9230.8  -13.4454  0.198D+10     0.4335D-16  0.7256D-07  0.9574D-01  0.9043D+00
    0.85   9691.6  -13.4853  0.179D+10     0.8648D-16  0.1188D-06  0.1206D+00  0.8794D+00
    0.81  10200.9  -13.5301  0.159D+10     0.2101D-15  0.2313D-06  0.1689D+00  0.8311D+00
    0.77  10766.7  -13.6118  0.129D+10     0.5181D-15  0.4785D-06  0.2488D+00  0.7512D+00
    0.72  11399.0  -13.7003  0.100D+10     0.1535D-14  0.1156D-05  0.3927D+00  0.6073D+00
    0.68  12110.1  -13.8170  0.711D+09     0.4690D-14  0.2924D-05  0.6082D+00  0.3918D+00
    0.64  12915.9  -13.8628  0.592D+09     0.2217D-13  0.9222D-05  0.8610D+00  0.1390D+00
    0.60  13836.5  -13.8783  0.555D+09     0.1342D-12  0.3084D-04  0.9754D+00  0.2458D-01
    0.55  14898.4  -13.9357  0.483D+09     0.9966D-12  0.1162D-03  0.9974D+00  0.2452D-02
    0.51  16136.9  -14.3915  0.169D+09     0.1874D-11  0.2382D-03  0.9995D+00  0.3042D-03
    0.47  17600.0  -14.8647  0.561D+08     0.3538D-11  0.5053D-03  0.9995D+00  0.3104D-04
    0.43  19354.8  -15.2732  0.215D+08     0.7668D-11  0.1120D-02  0.9989D+00  0.3311D-05
    0.38  21498.4  -15.7988  0.632D+07     0.8940D-11  0.1767D-02  0.9982D+00  0.5625D-06
    0.34  24175.8  -16.5475  0.113D+07     0.3096D-11  0.1432D-02  0.9986D+00  0.2383D-06
    0.30  27615.1  -17.3959  0.160D+06     0.5123D-12  0.7414D-03  0.9993D+00  0.2210D-06
    0.26  32195.1  -18.3747  0.170D+05     0.4503D-13  0.2706D-03  0.9997D+00  0.3513D-06
    0.21  38596.5  -19.5315  0.120D+04     0.2332D-14  0.7777D-04  0.9999D+00  0.7051D-06
    0.17  48175.2  -20.9455  0.471D+02     0.6091D-16  0.1635D-04  0.1000D+01  0.2158D-05

 27   CO                                      I           II          III         IV   
    0.98   8429.1  -13.3534  0.247D+10     0.4798D-16  0.1044D-06  0.1329D+00  0.8671D+00
    0.94   8811.7  -13.3985  0.222D+10     0.6498D-16  0.1293D-06  0.1499D+00  0.8501D+00
    0.89   9230.8  -13.4454  0.198D+10     0.9222D-16  0.1643D-06  0.1722D+00  0.8278D+00
    0.85   9691.6  -13.4853  0.179D+10     0.1576D-15  0.2418D-06  0.2164D+00  0.7836D+00
    0.81  10200.9  -13.5301  0.159D+10     0.3225D-15  0.4165D-06  0.2994D+00  0.7006D+00
    0.77  10766.7  -13.6118  0.129D+10     0.6564D-15  0.7462D-06  0.4264D+00  0.5736D+00
    0.72  11399.0  -13.7003  0.100D+10     0.1511D-14  0.1470D-05  0.6129D+00  0.3871D+00
    0.68  12110.1  -13.8170  0.711D+09     0.3433D-14  0.2892D-05  0.8101D+00  0.1899D+00
    0.64  12915.9  -13.8628  0.592D+09     0.1258D-13  0.7268D-05  0.9517D+00  0.4832D-01
    0.60  13836.5  -13.8783  0.555D+09     0.6935D-13  0.2251D-04  0.9934D+00  0.6613D-02
    0.55  14898.4  -13.9357  0.483D+09     0.5131D-12  0.8587D-04  0.9994D+00  0.5214D-03
    0.51  16136.9  -14.3915  0.169D+09     0.1065D-11  0.1945D-03  0.9998D+00  0.4926D-04
    0.47  17600.0  -14.8647  0.561D+08     0.2387D-11  0.4838D-03  0.9995D+00  0.3781D-05
    0.43  19354.8  -15.2732  0.215D+08     0.5961D-11  0.1231D-02  0.9988D+00  0.3089D-06
    0.38  21498.4  -15.7988  0.632D+07     0.7462D-11  0.2116D-02  0.9979D+00  0.4090D-07
    0.34  24175.8  -16.5475  0.113D+07     0.2445D-11  0.1701D-02  0.9983D+00  0.1398D-07
    0.30  27615.1  -17.3959  0.160D+06     0.3212D-12  0.7633D-03  0.9992D+00  0.1092D-07
    0.26  32195.1  -18.3747  0.170D+05     0.1906D-13  0.2124D-03  0.9998D+00  0.1477D-07
    0.21  38596.5  -19.5315  0.120D+04     0.5868D-15  0.4202D-04  0.1000D+01  0.2440D-07
    0.17  48175.2  -20.9455  0.471D+02     0.6818D-17  0.4800D-05  0.1000D+01  0.5784D-07

 28   NI                                      I           II          III         IV   
    0.98   8429.1  -13.3534  0.247D+10     0.1311D-15  0.2577D-06  0.2216D+00  0.7784D+00
    0.94   8811.7  -13.3985  0.222D+10     0.1760D-15  0.3221D-06  0.2483D+00  0.7517D+00
    0.89   9230.8  -13.4454  0.198D+10     0.2476D-15  0.4143D-06  0.2827D+00  0.7173D+00
    0.85   9691.6  -13.4853  0.179D+10     0.4171D-15  0.6129D-06  0.3482D+00  0.6518D+00
    0.81  10200.9  -13.5301  0.159D+10     0.8262D-15  0.1040D-05  0.4606D+00  0.5394D+00
    0.77  10766.7  -13.6118  0.129D+10     0.1592D-14  0.1788D-05  0.6086D+00  0.3914D+00
    0.72  11399.0  -13.7003  0.100D+10     0.3352D-14  0.3259D-05  0.7786D+00  0.2214D+00
    0.68  12110.1  -13.8170  0.711D+09     0.7003D-14  0.5924D-05  0.9109D+00  0.8909D-01
    0.64  12915.9  -13.8628  0.592D+09     0.2470D-13  0.1430D-04  0.9810D+00  0.1898D-01
    0.60  13836.5  -13.8783  0.555D+09     0.1410D-12  0.4547D-04  0.9977D+00  0.2278D-02
    0.55  14898.4  -13.9357  0.483D+09     0.1124D-11  0.1847D-03  0.9997D+00  0.1569D-03
    0.51  16136.9  -14.3915  0.169D+09     0.2579D-11  0.4534D-03  0.9995D+00  0.1264D-04
    0.47  17600.0  -14.8647  0.561D+08     0.6429D-11  0.1227D-02  0.9988D+00  0.8210D-06
    0.43  19354.8  -15.2732  0.215D+08     0.1774D-10  0.3390D-02  0.9966D+00  0.5718D-07
    0.38  21498.4  -15.7988  0.632D+07     0.2439D-10  0.6340D-02  0.9937D+00  0.6509D-08
    0.34  24175.8  -16.5475  0.113D+07     0.8714D-11  0.5561D-02  0.9944D+00  0.1956D-08
    0.30  27615.1  -17.3959  0.160D+06     0.1235D-11  0.2720D-02  0.9973D+00  0.1379D-08
    0.26  32195.1  -18.3747  0.170D+05     0.7865D-13  0.8250D-03  0.9992D+00  0.1690D-08
    0.21  38596.5  -19.5315  0.120D+04     0.2609D-14  0.1787D-03  0.9998D+00  0.2469D-08
    0.17  48175.2  -20.9455  0.471D+02     0.3269D-16  0.2242D-04  0.1000D+01  0.4906D-08

 31   GA                                      I           II          III         IV   
    0.98   8429.1  -13.3534  0.247D+10     0.4336D-29  0.7271D-20  0.2680D-14  0.1210D-12
    0.94   8811.7  -13.3985  0.222D+10     0.7547D-29  0.1109D-19  0.3560D-14  0.1380D-12
    0.89   9230.8  -13.4454  0.198D+10     0.1463D-28  0.1834D-19  0.5007D-14  0.1617D-12
    0.85   9691.6  -13.4853  0.179D+10     0.3596D-28  0.3722D-19  0.8006D-14  0.1918D-12
    0.81  10200.9  -13.5301  0.159D+10     0.1099D-27  0.9298D-19  0.1447D-13  0.2225D-12
    0.77  10766.7  -13.6118  0.129D+10     0.3291D-27  0.2415D-18  0.2630D-13  0.2340D-12
    0.72  11399.0  -13.7003  0.100D+10     0.1309D-26  0.8227D-18  0.5601D-13  0.2389D-12
    0.68  12110.1  -13.8170  0.711D+09     0.6326D-26  0.3523D-17  0.1343D-12  0.2227D-12
    0.64  12915.9  -13.8628  0.592D+09     0.1027D-24  0.4151D-16  0.6022D-12  0.2361D-12
    0.60  13836.5  -13.8783  0.555D+09     0.4961D-23  0.1227D-14  0.4755D-11  0.2772D-12
    0.55  14898.4  -13.9357  0.483D+09     0.5250D-21  0.7524D-13  0.5749D-10  0.3119D-12
    0.51  16136.9  -14.3915  0.169D+09     0.4866D-20  0.8966D-12  0.2136D-09  0.1391D-12
    0.47  17600.0  -14.8647  0.561D+08     0.5204D-19  0.1283D-10  0.8607D-09  0.5658D-13
    0.43  19354.8  -15.2732  0.215D+08     0.6732D-18  0.2014D-09  0.3775D-08  0.2623D-13
    0.38  21498.4  -15.7988  0.632D+07     0.2209D-17  0.1060D-08  0.8264D-08  0.9614D-14
    0.34  24175.8  -16.5475  0.113D+07     0.5019D-18  0.6651D-09  0.4671D-08  0.2242D-14
    0.30  27615.1  -17.3959  0.160D+06     0.1874D-19  0.9092D-10  0.1048D-08  0.4455D-15
    0.26  32195.1  -18.3747  0.170D+05     0.1558D-21  0.3702D-11  0.1118D-09  0.7019D-16
    0.21  38596.5  -19.5315  0.120D+04     0.4028D-24  0.6455D-13  0.6935D-11  0.7841D-17
    0.17  48175.2  -20.9455  0.471D+02     0.1890D-27  0.3121D-15  0.1991D-12  0.5633D-18

 32   GE                                      I           II          III         IV   
    0.98   8429.1  -13.3534  0.247D+10     0.4524D-16  0.7387D-07  0.7032D-01  0.9291D+00
    0.94   8811.7  -13.3985  0.222D+10     0.6776D-16  0.9699D-07  0.8124D-01  0.9183D+00
    0.89   9230.8  -13.4454  0.198D+10     0.1091D-15  0.1333D-06  0.9636D-01  0.9032D+00
    0.85   9691.6  -13.4853  0.179D+10     0.2161D-15  0.2169D-06  0.1277D+00  0.8721D+00
    0.81  10200.9  -13.5301  0.159D+10     0.5238D-15  0.4232D-06  0.1914D+00  0.8085D+00
    0.77  10766.7  -13.6118  0.129D+10     0.1282D-14  0.8737D-06  0.3031D+00  0.6968D+00
    0.72  11399.0  -13.7003  0.100D+10     0.3603D-14  0.2019D-05  0.4973D+00  0.5026D+00
    0.68  12110.1  -13.8170  0.711D+09     0.9682D-14  0.4528D-05  0.7416D+00  0.2584D+00
    0.64  12915.9  -13.8628  0.592D+09     0.3843D-13  0.1200D-04  0.9344D+00  0.6561D-01
    0.60  13836.5  -13.8783  0.555D+09     0.2115D-12  0.3630D-04  0.9915D+00  0.8501D-02
    0.55  14898.4  -13.9357  0.483D+09     0.1511D-11  0.1309D-03  0.9992D+00  0.6192D-03
    0.51  16136.9  -14.3915  0.169D+09     0.2903D-11  0.2701D-03  0.9997D+00  0.5381D-04
    0.47  17600.0  -14.8647  0.561D+08     0.5846D-11  0.5979D-03  0.9994D+00  0.3816D-05
    0.43  19354.8  -15.2732  0.215D+08     0.1326D-10  0.1367D-02  0.9986D+00  0.2886D-06
    0.38  21498.4  -15.7988  0.632D+07     0.1546D-10  0.2158D-02  0.9978D+00  0.3539D-07
    0.34  24175.8  -16.5475  0.113D+07     0.4941D-11  0.1653D-02  0.9983D+00  0.1124D-07
    0.30  27615.1  -17.3959  0.160D+06     0.6704D-12  0.7415D-03  0.9993D+00  0.8190D-08
    0.26  32195.1  -18.3747  0.170D+05     0.4243D-13  0.2117D-03  0.9998D+00  0.1021D-07
    0.21  38596.5  -19.5315  0.120D+04     0.1390D-14  0.4275D-04  0.1000D+01  0.1507D-07
    0.17  48175.2  -20.9455  0.471D+02     0.1723D-16  0.4963D-05  0.1000D+01  0.2927D-07
