        1     Ntot =  0.326D+10     Ne =  0.447D+10
        2     Ntot =  0.279D+10     Ne =  0.373D+10
        3     Ntot =  0.275D+10     Ne =  0.364D+10
        4     Ntot =  0.270D+10     Ne =  0.356D+10
        5     Ntot =  0.259D+10     Ne =  0.341D+10
        6     Ntot =  0.231D+10     Ne =  0.303D+10
        7     Ntot =  0.121D+10     Ne =  0.159D+10
        8     Ntot =  0.504D+09     Ne =  0.659D+09
        9     Ntot =  0.272D+09     Ne =  0.354D+09
       10     Ntot =  0.148D+09     Ne =  0.192D+09
       11     Ntot =  0.776D+08     Ne =  0.100D+09
       12     Ntot =  0.332D+08     Ne =  0.428D+08
       13     Ntot =  0.110D+08     Ne =  0.142D+08
       14     Ntot =  0.334D+07     Ne =  0.430D+07
       15     Ntot =  0.911D+06     Ne =  0.117D+07
       16     Ntot =  0.219D+06     Ne =  0.283D+06
       17     Ntot =  0.453D+05     Ne =  0.584D+05
       18     Ntot =  0.772D+04     Ne =  0.997D+04
       19     Ntot =  0.103D+04     Ne =  0.134D+04
       20     Ntot =  0.101D+03     Ne =  0.131D+03

  6   C                                       I           II          III         IV   
    0.98  11935.7  -12.9633  0.447D+10     0.1718D-08  0.2932D-01  0.9707D+00  0.6665D-06
    0.94  12436.9  -13.0314  0.373D+10     0.4362D-08  0.5682D-01  0.9432D+00  0.1693D-06
    0.90  12982.0  -13.0379  0.364D+10     0.1557D-07  0.1291D+00  0.8709D+00  0.3163D-07
    0.86  13577.0  -13.0453  0.356D+10     0.5188D-07  0.2706D+00  0.7294D+00  0.5267D-08
    0.82  14229.2  -13.0635  0.341D+10     0.1558D-06  0.4985D+00  0.5015D+00  0.6284D-09
    0.78  14947.3  -13.1135  0.303D+10     0.4059D-06  0.7597D+00  0.2403D+00  0.3592D-10
    0.74  15741.7  -13.3923  0.159D+10     0.5269D-06  0.8806D+00  0.1194D+00  0.2372D-11
    0.70  16625.2  -13.7745  0.659D+09     0.5080D-06  0.9358D+00  0.6419D-01  0.1814D-12
    0.66  17613.9  -14.0424  0.354D+09     0.6331D-06  0.9753D+00  0.2470D-01  0.6792D-14
    0.62  18727.5  -14.3059  0.192D+09     0.7867D-06  0.9912D+00  0.8820D-02  0.2156D-15
    0.59  19991.5  -14.5866  0.100D+09     0.9306D-06  0.9968D+00  0.3221D-02  0.7176D-17
    0.55  21438.4  -14.9553  0.428D+08     0.1004D-05  0.9989D+00  0.1118D-02  0.1751D-18
    0.51  23111.1  -15.4346  0.142D+08     0.9134D-06  0.9996D+00  0.4156D-03  0.4149D-20
    0.47  25067.0  -15.9527  0.430D+07     0.6636D-06  0.9998D+00  0.2253D-03  0.2682D-21
    0.43  27384.4  -16.5168  0.117D+07     0.3635D-06  0.9998D+00  0.1996D-03  0.6482D-22
    0.39  30174.1  -17.1355  0.283D+06     0.1564D-06  0.9997D+00  0.2595D-03  0.4181D-22
    0.35  33596.6  -17.8208  0.584D+05     0.5538D-07  0.9996D+00  0.4363D-03  0.4794D-22
    0.31  37894.7  -18.5887  0.997D+04     0.1685D-07  0.9992D+00  0.8328D-03  0.6412D-22
    0.27  43454.0  -19.4619  0.134D+04     0.4392D-08  0.9983D+00  0.1722D-02  0.8281D-22
    0.23  50924.9  -20.4739  0.131D+03     0.8789D-09  0.9954D+00  0.4586D-02  0.1480D-21

  8   O                                       I           II          III         IV   
    0.98  11935.7  -12.9633  0.447D+10     0.6520D-06  0.9698D+00  0.3020D-01  0.1098D-10
    0.94  12436.9  -13.0314  0.373D+10     0.9756D-06  0.9885D+00  0.1153D-01  0.9004D-12
    0.90  12982.0  -13.0379  0.364D+10     0.1741D-05  0.9965D+00  0.3450D-02  0.4427D-13
    0.86  13577.0  -13.0453  0.356D+10     0.3133D-05  0.9990D+00  0.1005D-02  0.2090D-14
    0.82  14229.2  -13.0635  0.341D+10     0.5819D-05  0.9997D+00  0.2636D-03  0.7644D-16
    0.78  14947.3  -13.1135  0.303D+10     0.1159D-04  0.9999D+00  0.5279D-04  0.1390D-17
    0.74  15741.7  -13.3923  0.159D+10     0.1532D-04  0.1000D+01  0.1307D-04  0.3295D-19
    0.70  16625.2  -13.7745  0.659D+09     0.1636D-04  0.1000D+01  0.3654D-05  0.9152D-21
    0.66  17613.9  -14.0424  0.354D+09     0.2310D-04  0.1000D+01  0.7290D-06  0.1200D-22
    0.62  18727.5  -14.3059  0.192D+09     0.3354D-04  0.1000D+01  0.1365D-06  0.1322D-24
    0.59  19991.5  -14.5866  0.100D+09     0.4686D-04  0.1000D+01  0.2634D-07  0.1532D-26
    0.55  21438.4  -14.9553  0.428D+08     0.6190D-04  0.9999D+00  0.4435D-08  0.1110D-28
    0.51  23111.1  -15.4346  0.142D+08     0.7077D-04  0.9999D+00  0.7459D-09  0.6910D-31
    0.47  25067.0  -15.9527  0.430D+07     0.6211D-04  0.9999D+00  0.2028D-09  0.1417D-32
    0.43  27384.4  -16.5168  0.117D+07     0.3873D-04  0.1000D+01  0.1034D-09  0.1399D-33
    0.39  30174.1  -17.1355  0.283D+06     0.1808D-04  0.1000D+01  0.8384D-10  0.4331D-34
    0.35  33596.6  -17.8208  0.584D+05     0.6728D-05  0.1000D+01  0.8901D-10  0.2492D-34
    0.31  37894.7  -18.5887  0.997D+04     0.2130D-05  0.1000D+01  0.1012D-09  0.1553D-34
    0.27  43454.0  -19.4619  0.134D+04     0.5781D-06  0.1000D+01  0.1128D-09  0.8085D-35
    0.23  50924.9  -20.4739  0.131D+03     0.1174D-06  0.1000D+01  0.1457D-09  0.5169D-35

 12   MG                                      I           II          III         IV   
    0.98  11935.7  -12.9633  0.447D+10     0.6114D-14  0.2095D-05  0.1000D+01  0.1110D-17
    0.94  12436.9  -13.0314  0.373D+10     0.1042D-13  0.3265D-05  0.1000D+01  0.1201D-18
    0.90  12982.0  -13.0379  0.364D+10     0.2624D-13  0.6210D-05  0.1000D+01  0.9500D-20
    0.86  13577.0  -13.0453  0.356D+10     0.7145D-13  0.1219D-04  0.1000D+01  0.7492D-21
    0.82  14229.2  -13.0635  0.341D+10     0.2190D-12  0.2553D-04  0.1000D+01  0.4812D-22
    0.78  14947.3  -13.1135  0.303D+10     0.8056D-12  0.6035D-04  0.9999D+00  0.1656D-23
    0.74  15741.7  -13.3923  0.159D+10     0.1369D-11  0.9909D-04  0.9999D+00  0.4939D-25
    0.70  16625.2  -13.7745  0.659D+09     0.1498D-11  0.1309D-03  0.9999D+00  0.1364D-26
    0.66  17613.9  -14.0424  0.354D+09     0.2572D-11  0.2179D-03  0.9998D+00  0.2222D-28
    0.62  18727.5  -14.3059  0.192D+09     0.4351D-11  0.3611D-03  0.9996D+00  0.3014D-30
    0.59  19991.5  -14.5866  0.100D+09     0.6757D-11  0.5716D-03  0.9994D+00  0.4105D-32
    0.55  21438.4  -14.9553  0.428D+08     0.8313D-11  0.8351D-03  0.9992D+00  0.3083D-34
    0.51  23111.1  -15.4346  0.142D+08     0.7083D-11  0.1042D-02  0.9990D+00  0.1637D-36
    0.47  25067.0  -15.9527  0.430D+07     0.4214D-11  0.1034D-02  0.9990D+00  0.2402D-38
    0.43  27384.4  -16.5168  0.117D+07     0.1603D-11  0.7697D-03  0.9992D+00  0.1373D-39
    0.39  30174.1  -17.1355  0.283D+06     0.4171D-12  0.4536D-03  0.9995D+00  0.2047D-40
    0.35  33596.6  -17.8208  0.584D+05     0.8031D-13  0.2258D-03  0.9998D+00  0.4870D-41
    0.31  37894.7  -18.5887  0.997D+04     0.1222D-13  0.1007D-03  0.9999D+00  0.1104D-41
    0.27  43454.0  -19.4619  0.134D+04     0.1462D-14  0.4075D-04  0.1000D+01  0.1822D-42
    0.23  50924.9  -20.4739  0.131D+03     0.1252D-15  0.1399D-04  0.1000D+01  0.3020D-43

 14   SI                                      I           II          III         IV   
    0.98  11935.7  -12.9633  0.447D+10     0.6138D-13  0.1581D-04  0.8358D+00  0.1642D+00
    0.94  12436.9  -13.0314  0.373D+10     0.1282D-12  0.2848D-04  0.9294D+00  0.7062D-01
    0.90  12982.0  -13.0379  0.364D+10     0.3715D-12  0.5917D-04  0.9771D+00  0.2280D-01
    0.86  13577.0  -13.0453  0.356D+10     0.1096D-11  0.1220D-03  0.9929D+00  0.6945D-02
    0.82  14229.2  -13.0635  0.341D+10     0.3505D-11  0.2647D-03  0.9979D+00  0.1885D-02
    0.78  14947.3  -13.1135  0.303D+10     0.1309D-10  0.6461D-03  0.9990D+00  0.3913D-03
    0.74  15741.7  -13.3923  0.159D+10     0.2198D-10  0.1094D-02  0.9988D+00  0.1011D-03
    0.70  16625.2  -13.7745  0.659D+09     0.2383D-10  0.1497D-02  0.9985D+00  0.2988D-04
    0.66  17613.9  -14.0424  0.354D+09     0.4233D-10  0.2624D-02  0.9974D+00  0.6443D-05
    0.62  18727.5  -14.3059  0.192D+09     0.7600D-10  0.4633D-02  0.9954D+00  0.1322D-05
    0.59  19991.5  -14.5866  0.100D+09     0.1251D-09  0.7827D-02  0.9922D+00  0.2804D-06
    0.55  21438.4  -14.9553  0.428D+08     0.1703D-09  0.1249D-01  0.9875D+00  0.5317D-07
    0.51  23111.1  -15.4346  0.142D+08     0.1648D-09  0.1732D-01  0.9827D+00  0.1023D-07
    0.47  25067.0  -15.9527  0.430D+07     0.1042D-09  0.1858D-01  0.9814D+00  0.3103D-08
    0.43  27384.4  -16.5168  0.117D+07     0.3849D-10  0.1439D-01  0.9856D+00  0.1708D-08
    0.39  30174.1  -17.1355  0.283D+06     0.8981D-11  0.8503D-02  0.9915D+00  0.1458D-08
    0.35  33596.6  -17.8208  0.584D+05     0.1448D-11  0.4088D-02  0.9959D+00  0.1598D-08
    0.31  37894.7  -18.5887  0.997D+04     0.1750D-12  0.1706D-02  0.9983D+00  0.1858D-08
    0.27  43454.0  -19.4619  0.134D+04     0.1576D-13  0.6226D-03  0.9994D+00  0.2103D-08
    0.23  50924.9  -20.4739  0.131D+03     0.8687D-15  0.1746D-03  0.9998D+00  0.2635D-08

 16   S                                       I           II          III         IV   
    0.98  11935.7  -12.9633  0.447D+10     0.2811D-10  0.1248D-02  0.9808D+00  0.1797D-01
    0.94  12436.9  -13.0314  0.373D+10     0.7105D-10  0.2402D-02  0.9908D+00  0.6796D-02
    0.90  12982.0  -13.0379  0.364D+10     0.2632D-09  0.5647D-02  0.9923D+00  0.2019D-02
    0.86  13577.0  -13.0453  0.356D+10     0.1001D-08  0.1341D-01  0.9860D+00  0.5817D-03
    0.82  14229.2  -13.0635  0.341D+10     0.4132D-08  0.3350D-01  0.9664D+00  0.1486D-03
    0.78  14947.3  -13.1135  0.303D+10     0.2018D-07  0.9392D-01  0.9060D+00  0.2767D-04
    0.74  15741.7  -13.3923  0.159D+10     0.4510D-07  0.1836D+00  0.8164D+00  0.6118D-05
    0.70  16625.2  -13.7745  0.659D+09     0.6577D-07  0.2916D+00  0.7084D+00  0.1482D-05
    0.66  17613.9  -14.0424  0.354D+09     0.1357D-06  0.5074D+00  0.4926D+00  0.2088D-06
    0.62  18727.5  -14.3059  0.192D+09     0.2335D-06  0.7302D+00  0.2698D+00  0.2199D-07
    0.59  19991.5  -14.5866  0.100D+09     0.3195D-06  0.8733D+00  0.1267D+00  0.2052D-08
    0.55  21438.4  -14.9553  0.428D+08     0.3567D-06  0.9480D+00  0.5204D-01  0.1480D-09
    0.51  23111.1  -15.4346  0.142D+08     0.3151D-06  0.9781D+00  0.2189D-01  0.1099D-10
    0.47  25067.0  -15.9527  0.430D+07     0.2213D-06  0.9870D+00  0.1296D-01  0.1830D-11
    0.43  27384.4  -16.5168  0.117D+07     0.1193D-06  0.9878D+00  0.1222D-01  0.8936D-12
    0.39  30174.1  -17.1355  0.283D+06     0.5135D-07  0.9833D+00  0.1666D-01  0.9900D-12
    0.35  33596.6  -17.8208  0.584D+05     0.1832D-07  0.9709D+00  0.2906D-01  0.1815D-11
    0.31  37894.7  -18.5887  0.997D+04     0.5571D-08  0.9431D+00  0.5688D-01  0.3959D-11
    0.27  43454.0  -19.4619  0.134D+04     0.1405D-08  0.8828D+00  0.1172D+00  0.8807D-11
    0.23  50924.9  -20.4739  0.131D+03     0.2463D-09  0.7251D+00  0.2749D+00  0.2471D-10

 20   CA                                      I           II          III         IV   
    0.98  11935.7  -12.9633  0.447D+10     0.2108D-15  0.2908D-06  0.1000D+01  0.1443D-06
    0.94  12436.9  -13.0314  0.373D+10     0.3169D-15  0.4028D-06  0.1000D+01  0.3458D-07
    0.90  12982.0  -13.0379  0.364D+10     0.6905D-15  0.6755D-06  0.1000D+01  0.6384D-08
    0.86  13577.0  -13.0453  0.356D+10     0.1604D-14  0.1169D-05  0.1000D+01  0.1160D-08
    0.82  14229.2  -13.0635  0.341D+10     0.4066D-14  0.2129D-05  0.1000D+01  0.1830D-09
    0.78  14947.3  -13.1135  0.303D+10     0.1159D-13  0.4210D-05  0.1000D+01  0.1938D-10
    0.74  15741.7  -13.3923  0.159D+10     0.1428D-13  0.5561D-05  0.1000D+01  0.2234D-11
    0.70  16625.2  -13.7745  0.659D+09     0.1103D-13  0.5808D-05  0.1000D+01  0.2723D-12
    0.66  17613.9  -14.0424  0.354D+09     0.1333D-13  0.7605D-05  0.1000D+01  0.2238D-13
    0.62  18727.5  -14.3059  0.192D+09     0.1588D-13  0.9910D-05  0.1000D+01  0.1666D-14
    0.59  19991.5  -14.5866  0.100D+09     0.1739D-13  0.1236D-04  0.1000D+01  0.1270D-15
    0.55  21438.4  -14.9553  0.428D+08     0.1454D-13  0.1386D-04  0.1000D+01  0.7228D-17
    0.51  23111.1  -15.4346  0.142D+08     0.8190D-14  0.1304D-04  0.1000D+01  0.3650D-18
    0.47  25067.0  -15.9527  0.430D+07     0.3370D-14  0.1008D-04  0.1000D+01  0.3575D-19
    0.43  27384.4  -16.5168  0.117D+07     0.9357D-15  0.6068D-05  0.1000D+01  0.8424D-20
    0.39  30174.1  -17.1355  0.283D+06     0.1813D-15  0.2930D-05  0.1000D+01  0.3734D-20
    0.35  33596.6  -17.8208  0.584D+05     0.2547D-16  0.1175D-05  0.1000D+01  0.2307D-20
    0.31  37894.7  -18.5887  0.997D+04     0.2656D-17  0.4025D-06  0.1000D+01  0.1455D-20
    0.27  43454.0  -19.4619  0.134D+04     0.1981D-18  0.1164D-06  0.1000D+01  0.8020D-21
    0.23  50924.9  -20.4739  0.131D+03     0.9040D-20  0.2531D-07  0.1000D+01  0.4723D-21

 22   TI                                      I           II          III         IV   
    0.98  11935.7  -12.9633  0.447D+10     0.1127D-15  0.1429D-06  0.1364D+00  0.8635D+00
    0.94  12436.9  -13.0314  0.373D+10     0.3680D-15  0.3979D-06  0.2558D+00  0.7442D+00
    0.90  12982.0  -13.0379  0.364D+10     0.1762D-14  0.1353D-05  0.4823D+00  0.5177D+00
    0.86  13577.0  -13.0453  0.356D+10     0.7112D-14  0.3763D-05  0.7212D+00  0.2788D+00
    0.82  14229.2  -13.0635  0.341D+10     0.2596D-13  0.9115D-05  0.8870D+00  0.1129D+00
    0.78  14947.3  -13.1135  0.303D+10     0.9699D-13  0.2167D-04  0.9672D+00  0.3282D-01
    0.74  15741.7  -13.3923  0.159D+10     0.1493D-12  0.3289D-04  0.9882D+00  0.1173D-01
    0.70  16625.2  -13.7745  0.659D+09     0.1413D-12  0.3924D-04  0.9951D+00  0.4856D-02
    0.66  17613.9  -14.0424  0.354D+09     0.2075D-12  0.5876D-04  0.9984D+00  0.1494D-02
    0.62  18727.5  -14.3059  0.192D+09     0.2981D-12  0.8750D-04  0.9995D+00  0.4426D-03
    0.59  19991.5  -14.5866  0.100D+09     0.3903D-12  0.1244D-03  0.9997D+00  0.1358D-03
    0.55  21438.4  -14.9553  0.428D+08     0.3981D-12  0.1618D-03  0.9998D+00  0.3959D-04
    0.51  23111.1  -15.4346  0.142D+08     0.2771D-12  0.1783D-03  0.9998D+00  0.1225D-04
    0.47  25067.0  -15.9527  0.430D+07     0.1353D-12  0.1580D-03  0.9998D+00  0.5548D-05
    0.43  27384.4  -16.5168  0.117D+07     0.4249D-13  0.1061D-03  0.9999D+00  0.4123D-05
    0.39  30174.1  -17.1355  0.283D+06     0.9034D-14  0.5643D-04  0.9999D+00  0.4458D-05
    0.35  33596.6  -17.8208  0.584D+05     0.1377D-14  0.2494D-04  0.1000D+01  0.6070D-05
    0.31  37894.7  -18.5887  0.997D+04     0.1572D-15  0.9552D-05  0.1000D+01  0.9004D-05
    0.27  43454.0  -19.4619  0.134D+04     0.1307D-16  0.3156D-05  0.1000D+01  0.1373D-04
    0.23  50924.9  -20.4739  0.131D+03     0.6701D-18  0.8025D-06  0.1000D+01  0.2454D-04

 24   CR                                      I           II          III         IV   
    0.98  11935.7  -12.9633  0.447D+10     0.2394D-14  0.1973D-05  0.6262D+00  0.3738D+00
    0.94  12436.9  -13.0314  0.373D+10     0.5756D-14  0.3931D-05  0.7977D+00  0.2023D+00
    0.90  12982.0  -13.0379  0.364D+10     0.1837D-13  0.8659D-05  0.9208D+00  0.7918D-01
    0.86  13577.0  -13.0453  0.356D+10     0.5707D-13  0.1798D-04  0.9723D+00  0.2765D-01
    0.82  14229.2  -13.0635  0.341D+10     0.1898D-12  0.3838D-04  0.9915D+00  0.8462D-02
    0.78  14947.3  -13.1135  0.303D+10     0.7368D-12  0.9102D-04  0.9979D+00  0.2016D-02
    0.74  15741.7  -13.3923  0.159D+10     0.1280D-11  0.1489D-03  0.9992D+00  0.6108D-03
    0.70  16625.2  -13.7745  0.659D+09     0.1400D-11  0.1962D-03  0.9996D+00  0.2138D-03
    0.66  17613.9  -14.0424  0.354D+09     0.2402D-11  0.3296D-03  0.9996D+00  0.5499D-04
    0.62  18727.5  -14.3059  0.192D+09     0.4062D-11  0.5565D-03  0.9994D+00  0.1351D-04
    0.59  19991.5  -14.5866  0.100D+09     0.6275D-11  0.9022D-03  0.9991D+00  0.3428D-05
    0.55  21438.4  -14.9553  0.428D+08     0.7757D-11  0.1373D-02  0.9986D+00  0.7979D-06
    0.51  23111.1  -15.4346  0.142D+08     0.6680D-11  0.1810D-02  0.9982D+00  0.1919D-06
    0.47  25067.0  -15.9527  0.430D+07     0.3928D-11  0.1877D-02  0.9981D+00  0.7004D-07
    0.43  27384.4  -16.5168  0.117D+07     0.1431D-11  0.1427D-02  0.9986D+00  0.4416D-07
    0.39  30174.1  -17.1355  0.283D+06     0.3447D-12  0.8410D-03  0.9992D+00  0.4190D-07
    0.35  33596.6  -17.8208  0.584D+05     0.5925D-13  0.4096D-03  0.9996D+00  0.5064D-07
    0.31  37894.7  -18.5887  0.997D+04     0.7735D-14  0.1752D-03  0.9998D+00  0.6580D-07
    0.27  43454.0  -19.4619  0.134D+04     0.7554D-15  0.6625D-04  0.9999D+00  0.8541D-07
    0.23  50924.9  -20.4739  0.131D+03     0.4667D-16  0.1972D-04  0.1000D+01  0.1265D-06

 26   FE                                      I           II          III         IV   
    0.98  11935.7  -12.9633  0.447D+10     0.1083D-13  0.5796D-05  0.8602D+00  0.1398D+00
    0.94  12436.9  -13.0314  0.373D+10     0.2350D-13  0.1013D-04  0.9349D+00  0.6512D-01
    0.90  12982.0  -13.0379  0.364D+10     0.7211D-13  0.2080D-04  0.9767D+00  0.2330D-01
    0.86  13577.0  -13.0453  0.356D+10     0.2296D-12  0.4281D-04  0.9920D+00  0.7915D-02
    0.82  14229.2  -13.0635  0.341D+10     0.8107D-12  0.9318D-04  0.9975D+00  0.2424D-02
    0.78  14947.3  -13.1135  0.303D+10     0.3444D-11  0.2297D-03  0.9992D+00  0.5866D-03
    0.74  15741.7  -13.3923  0.159D+10     0.6703D-11  0.3956D-03  0.9994D+00  0.1820D-03
    0.70  16625.2  -13.7745  0.659D+09     0.8236D-11  0.5500D-03  0.9994D+00  0.6519D-04
    0.66  17613.9  -14.0424  0.354D+09     0.1570D-10  0.9660D-03  0.9990D+00  0.1701D-04
    0.62  18727.5  -14.3059  0.192D+09     0.2920D-10  0.1692D-02  0.9983D+00  0.4218D-05
    0.59  19991.5  -14.5866  0.100D+09     0.4940D-10  0.2829D-02  0.9972D+00  0.1078D-05
    0.55  21438.4  -14.9553  0.428D+08     0.6674D-10  0.4406D-02  0.9956D+00  0.2519D-06
    0.51  23111.1  -15.4346  0.142D+08     0.6274D-10  0.5901D-02  0.9941D+00  0.6077D-07
    0.47  25067.0  -15.9527  0.430D+07     0.4029D-10  0.6225D-02  0.9938D+00  0.2239D-07
    0.43  27384.4  -16.5168  0.117D+07     0.1612D-10  0.4859D-02  0.9951D+00  0.1435D-07
    0.39  30174.1  -17.1355  0.283D+06     0.4329D-11  0.2977D-02  0.9970D+00  0.1392D-07
    0.35  33596.6  -17.8208  0.584D+05     0.8504D-12  0.1537D-02  0.9985D+00  0.1734D-07
    0.31  37894.7  -18.5887  0.997D+04     0.1316D-12  0.7136D-03  0.9993D+00  0.2346D-07
    0.27  43454.0  -19.4619  0.134D+04     0.1602D-13  0.3033D-03  0.9997D+00  0.3214D-07
    0.23  50924.9  -20.4739  0.131D+03     0.1383D-14  0.1108D-03  0.9999D+00  0.5219D-07

 27   CO                                      I           II          III         IV   
    0.98  11935.7  -12.9633  0.447D+10     0.2397D-13  0.1152D-04  0.9461D+00  0.5387D-01
    0.94  12436.9  -13.0314  0.373D+10     0.4929D-13  0.1926D-04  0.9781D+00  0.2192D-01
    0.90  12982.0  -13.0379  0.364D+10     0.1456D-12  0.3850D-04  0.9930D+00  0.6960D-02
    0.86  13577.0  -13.0453  0.356D+10     0.4470D-12  0.7780D-04  0.9978D+00  0.2139D-02
    0.82  14229.2  -13.0635  0.341D+10     0.1496D-11  0.1652D-03  0.9992D+00  0.5919D-03
    0.78  14947.3  -13.1135  0.303D+10     0.5861D-11  0.3917D-03  0.9995D+00  0.1266D-03
    0.74  15741.7  -13.3923  0.159D+10     0.1025D-10  0.6393D-03  0.9993D+00  0.3393D-04
    0.70  16625.2  -13.7745  0.659D+09     0.1146D-10  0.8494D-03  0.9991D+00  0.1037D-04
    0.66  17613.9  -14.0424  0.354D+09     0.2104D-10  0.1483D-02  0.9985D+00  0.2294D-05
    0.62  18727.5  -14.3059  0.192D+09     0.3918D-10  0.2655D-02  0.9973D+00  0.4796D-06
    0.59  19991.5  -14.5866  0.100D+09     0.6694D-10  0.4570D-02  0.9954D+00  0.1034D-06
    0.55  21438.4  -14.9553  0.428D+08     0.9574D-10  0.7596D-02  0.9924D+00  0.1985D-07
    0.51  23111.1  -15.4346  0.142D+08     0.9814D-10  0.1112D-01  0.9889D+00  0.3857D-08
    0.47  25067.0  -15.9527  0.430D+07     0.6458D-10  0.1226D-01  0.9877D+00  0.1183D-08
    0.43  27384.4  -16.5168  0.117D+07     0.2422D-10  0.9390D-02  0.9906D+00  0.6596D-09
    0.39  30174.1  -17.1355  0.283D+06     0.5603D-11  0.5306D-02  0.9947D+00  0.5725D-09
    0.35  33596.6  -17.8208  0.584D+05     0.8769D-12  0.2380D-02  0.9976D+00  0.6421D-09
    0.31  37894.7  -18.5887  0.997D+04     0.1016D-12  0.9151D-03  0.9991D+00  0.7713D-09
    0.27  43454.0  -19.4619  0.134D+04     0.8719D-14  0.3068D-03  0.9997D+00  0.9141D-09
    0.23  50924.9  -20.4739  0.131D+03     0.4504D-15  0.7759D-04  0.9999D+00  0.1246D-08

 28   NI                                      I           II          III         IV   
    0.98  11935.7  -12.9633  0.447D+10     0.4623D-13  0.1886D-04  0.9765D+00  0.2353D-01
    0.94  12436.9  -13.0314  0.373D+10     0.9562D-13  0.3177D-04  0.9911D+00  0.8908D-02
    0.90  12982.0  -13.0379  0.364D+10     0.2875D-12  0.6482D-04  0.9973D+00  0.2649D-02
    0.86  13577.0  -13.0453  0.356D+10     0.9033D-12  0.1348D-03  0.9991D+00  0.7672D-03
    0.82  14229.2  -13.0635  0.341D+10     0.3110D-11  0.2970D-03  0.9995D+00  0.1996D-03
    0.78  14947.3  -13.1135  0.303D+10     0.1266D-10  0.7401D-03  0.9992D+00  0.3953D-04
    0.74  15741.7  -13.3923  0.159D+10     0.2328D-10  0.1285D-02  0.9987D+00  0.9664D-05
    0.70  16625.2  -13.7745  0.659D+09     0.2757D-10  0.1823D-02  0.9982D+00  0.2678D-05
    0.66  17613.9  -14.0424  0.354D+09     0.5376D-10  0.3383D-02  0.9966D+00  0.5343D-06
    0.62  18727.5  -14.3059  0.192D+09     0.1064D-09  0.6416D-02  0.9936D+00  0.1005D-06
    0.59  19991.5  -14.5866  0.100D+09     0.1931D-09  0.1169D-01  0.9883D+00  0.1948D-07
    0.55  21438.4  -14.9553  0.428D+08     0.2949D-09  0.2060D-01  0.9794D+00  0.3302D-08
    0.51  23111.1  -15.4346  0.142D+08     0.3241D-09  0.3206D-01  0.9679D+00  0.5590D-09
    0.47  25067.0  -15.9527  0.430D+07     0.2273D-09  0.3764D-01  0.9624D+00  0.1528D-09
    0.43  27384.4  -16.5168  0.117D+07     0.9062D-10  0.3086D-01  0.9691D+00  0.7857D-10
    0.39  30174.1  -17.1355  0.283D+06     0.2226D-10  0.1875D-01  0.9813D+00  0.6420D-10
    0.35  33596.6  -17.8208  0.584D+05     0.3701D-11  0.9070D-02  0.9909D+00  0.6802D-10
    0.31  37894.7  -18.5887  0.997D+04     0.4572D-12  0.3777D-02  0.9962D+00  0.7637D-10
    0.27  43454.0  -19.4619  0.134D+04     0.4209D-13  0.1380D-02  0.9986D+00  0.8311D-10
    0.23  50924.9  -20.4739  0.131D+03     0.2345D-14  0.3830D-03  0.9996D+00  0.1020D-09

 31   GA                                      I           II          III         IV   
    0.98  11935.7  -12.9633  0.447D+10     0.5114D-25  0.2421D-16  0.3802D-12  0.1984D-12
    0.94  12436.9  -13.0314  0.373D+10     0.2776D-24  0.1087D-15  0.9407D-12  0.2041D-12
    0.90  12982.0  -13.0379  0.364D+10     0.3290D-23  0.8895D-15  0.3453D-11  0.2488D-12
    0.86  13577.0  -13.0453  0.356D+10     0.4356D-22  0.7897D-14  0.1340D-10  0.3133D-12
    0.82  14229.2  -13.0635  0.341D+10     0.7247D-21  0.8494D-13  0.5864D-10  0.4038D-12
    0.78  14947.3  -13.1135  0.303D+10     0.1848D-19  0.1347D-11  0.3240D-09  0.5169D-12
    0.74  15741.7  -13.3923  0.159D+10     0.1039D-18  0.7361D-11  0.8571D-09  0.4043D-12
    0.70  16625.2  -13.7745  0.659D+09     0.2418D-18  0.2154D-10  0.1473D-08  0.2377D-12
    0.66  17613.9  -14.0424  0.354D+09     0.1453D-17  0.1332D-09  0.4092D-08  0.1664D-12
    0.62  18727.5  -14.3059  0.192D+09     0.8728D-17  0.8425D-09  0.1140D-07  0.1118D-12
    0.59  19991.5  -14.5866  0.100D+09     0.4374D-16  0.4678D-08  0.2902D-07  0.7116D-13
    0.55  21438.4  -14.9553  0.428D+08     0.1586D-15  0.2220D-07  0.6397D-07  0.3603D-13
    0.51  23111.1  -15.4346  0.142D+08     0.3036D-15  0.6959D-07  0.1039D-06  0.1393D-13
    0.47  25067.0  -15.9527  0.430D+07     0.2311D-15  0.9899D-07  0.1042D-06  0.5069D-14
    0.43  27384.4  -16.5168  0.117D+07     0.5484D-16  0.5148D-07  0.5678D-07  0.1735D-14
    0.39  30174.1  -17.1355  0.283D+06     0.4976D-17  0.1191D-07  0.1883D-07  0.5452D-15
    0.35  33596.6  -17.8208  0.584D+05     0.2188D-18  0.1548D-08  0.4347D-08  0.1521D-15
    0.31  37894.7  -18.5887  0.997D+04     0.5797D-20  0.1406D-09  0.7923D-09  0.3603D-16
    0.27  43454.0  -19.4619  0.134D+04     0.9493D-22  0.9398D-11  0.1169D-09  0.6910D-17
    0.23  50924.9  -20.4739  0.131D+03     0.6789D-24  0.3432D-12  0.1190D-10  0.1046D-17

 32   GE                                      I           II          III         IV   
    0.98  11935.7  -12.9633  0.447D+10     0.3487D-13  0.1256D-04  0.9115D+00  0.8854D-01
    0.94  12436.9  -13.0314  0.373D+10     0.7500D-13  0.2121D-04  0.9646D+00  0.3541D-01
    0.90  12982.0  -13.0379  0.364D+10     0.2287D-12  0.4228D-04  0.9891D+00  0.1089D-01
    0.86  13577.0  -13.0453  0.356D+10     0.7238D-12  0.8501D-04  0.9967D+00  0.3216D-02
    0.82  14229.2  -13.0635  0.341D+10     0.2514D-11  0.1801D-03  0.9990D+00  0.8511D-03
    0.78  14947.3  -13.1135  0.303D+10     0.1031D-10  0.4274D-03  0.9994D+00  0.1720D-03
    0.74  15741.7  -13.3923  0.159D+10     0.1894D-10  0.6989D-03  0.9993D+00  0.4308D-04
    0.70  16625.2  -13.7745  0.659D+09     0.2188D-10  0.9222D-03  0.9991D+00  0.1230D-04
    0.66  17613.9  -14.0424  0.354D+09     0.4011D-10  0.1566D-02  0.9984D+00  0.2546D-05
    0.62  18727.5  -14.3059  0.192D+09     0.7307D-10  0.2690D-02  0.9973D+00  0.5001D-06
    0.59  19991.5  -14.5866  0.100D+09     0.1214D-09  0.4426D-02  0.9956D+00  0.1015D-06
    0.55  21438.4  -14.9553  0.428D+08     0.1647D-09  0.6891D-02  0.9931D+00  0.1826D-07
    0.51  23111.1  -15.4346  0.142D+08     0.1575D-09  0.9322D-02  0.9907D+00  0.3314D-08
    0.47  25067.0  -15.9527  0.430D+07     0.9958D-10  0.9735D-02  0.9903D+00  0.9575D-09
    0.43  27384.4  -16.5168  0.117D+07     0.3735D-10  0.7296D-02  0.9927D+00  0.5083D-09
    0.39  30174.1  -17.1355  0.283D+06     0.8926D-11  0.4145D-02  0.9959D+00  0.4225D-09
    0.35  33596.6  -17.8208  0.584D+05     0.1476D-11  0.1903D-02  0.9981D+00  0.4536D-09
    0.31  37894.7  -18.5887  0.997D+04     0.1818D-12  0.7520D-03  0.9992D+00  0.5179D-09
    0.27  43454.0  -19.4619  0.134D+04     0.1652D-13  0.2580D-03  0.9997D+00  0.5759D-09
    0.23  50924.9  -20.4739  0.131D+03     0.9138D-15  0.6713D-04  0.9999D+00  0.7177D-09
