 31  1
       1             6   1              13.105         9
       2             6   2               6.420         6
       3             6   3               1.145         1
       4             8   1              10.707         9
       5             8   2               5.522         4
       6            12   1              20.501         1
       7            12   2               2.419         2
       8            14   1              33.614         9
       9            14   2               6.434         6
      10            14   3               1.143         1
      11            16   1              13.043         9
      12            16   2               8.103         4
      13            16   3              10.850         9
      14            20   1              29.927         1
      15            20   2               6.888         2
      16            22   1             223.225        21
      17            22   2             133.547        28
      18            22   3              31.286        21
      19            24   1             149.875         7
      20            24   2              71.100         6
      21            24   3              54.729        25
      22            26   1             175.051        25
      23            26   2             128.777        30
      24            26   3              47.810        25
      25            27   1             139.020        28
      26            27   2              89.772        21
      27            27   3              43.798        28
      28            28   1              75.894        21
      29            28   2              36.250        10
      30            28   3              26.193        21
 31  2
       1             6   1              12.926         9
       2             6   2               6.406         6
       3             6   3               1.139         1
       4             8   1              10.673         9
       5             8   2               5.511         4
       6            12   1              18.194         1
       7            12   2               2.367         2
       8            14   1              30.929         9
       9            14   2               6.369         6
      10            14   3               1.136         1
      11            16   1              12.816         9
      12            16   2               8.082         4
      13            16   3              10.839         9
      14            20   1              26.729         1
      15            20   2               6.700         2
      16            22   1             207.905        21
      17            22   2             131.454        28
      18            22   3              31.234        21
      19            24   1             140.276         7
      20            24   2              69.822         6
      21            24   3              54.533        25
      22            26   1             165.031        25
      23            26   2             126.987        30
      24            26   3              47.637        25
      25            27   1             132.216        28
      26            27   2              88.860        21
      27            27   3              43.681        28
      28            28   1              72.175        21
      29            28   2              35.850        10
      30            28   3              26.143        21
 31  3
       1             6   1              12.754         9
       2             6   2               6.393         6
       3             6   3               1.132         1
       4             8   1              10.639         9
       5             8   2               5.500         4
       6            12   1              15.949         1
       7            12   2               2.316         2
       8            14   1              28.321         9
       9            14   2               6.306         6
      10            14   3               1.129         1
      11            16   1              12.596         9
      12            16   2               8.060         4
      13            16   3              10.828         9
      14            20   1              23.593         1
      15            20   2               6.517         2
      16            22   1             192.809        21
      17            22   2             129.398        28
      18            22   3              31.182        21
      19            24   1             130.862         7
      20            24   2              68.571         6
      21            24   3              54.338        25
      22            26   1             155.192        25
      23            26   2             125.236        30
      24            26   3              47.464        25
      25            27   1             125.530        28
      26            27   2              87.966        21
      27            27   3              43.565        28
      28            28   1              68.522        21
      29            28   2              35.460        10
      30            28   3              26.094        21
 31  4
       1             6   1              12.591         9
       2             6   2               6.378         6
       3             6   3               1.126         1
       4             8   1              10.605         9
       5             8   2               5.483         4
       6            12   1              13.930         1
       7            12   2               2.271         2
       8            14   1              25.971         9
       9            14   2               6.249         6
      10            14   3               1.123         1
      11            16   1              12.394         9
      12            16   2               8.030         4
      13            16   3              10.814         9
      14            20   1              20.793         1
      15            20   2               6.345         2
      16            22   1             179.286        21
      17            22   2             127.441        28
      18            22   3              31.112        21
      19            24   1             122.249         7
      20            24   2              67.216         6
      21            24   3              54.054        25
      22            26   1             146.248        25
      23            26   2             123.444        30
      24            26   3              47.212        25
      25            27   1             119.472        28
      26            27   2              87.028        21
      27            27   3              43.394        28
      28            28   1              65.244        21
      29            28   2              35.052        10
      30            28   3              26.022        21
 31  5
       1             6   1              12.442         9
       2             6   2               6.365         6
       3             6   3               1.120         1
       4             8   1              10.574         9
       5             8   2               5.470         4
       6            12   1              12.011         1
       7            12   2               2.228         2
       8            14   1              23.744         9
       9            14   2               6.194         6
      10            14   3               1.117         1
      11            16   1              12.205         9
      12            16   2               8.004         4
      13            16   3              10.801         9
      14            20   1              18.088         1
      15            20   2               6.184         2
      16            22   1             166.113        21
      17            22   2             125.589        28
      18            22   3              31.053        21
      19            24   1             114.000         7
      20            24   2              66.003         6
      21            24   3              53.817        25
      22            26   1             137.640        25
      23            26   2             121.806        30
      24            26   3              47.003        25
      25            27   1             113.628        28
      26            27   2              86.176        21
      27            27   3              43.253        28
      28            28   1              62.073        21
      29            28   2              34.683        10
      30            28   3              25.963        21
 31  6
       1             6   1              12.312         9
       2             6   2               6.354         6
       3             6   3               1.115         1
       4             8   1              10.549         9
       5             8   2               5.459         4
       6            12   1              10.295         1
       7            12   2               2.189         2
       8            14   1              21.758         9
       9            14   2               6.146         6
      10            14   3               1.111         1
      11            16   1              12.038         9
      12            16   2               7.985         4
      13            16   3              10.791         9
      14            20   1              15.638         1
      15            20   2               6.040         2
      16            22   1             154.106        21
      17            22   2             123.943        28
      18            22   3              31.005        21
      19            24   1             106.587         7
      20            24   2              64.980         6
      21            24   3              53.634        25
      22            26   1             129.872        25
      23            26   2             120.396        30
      24            26   3              46.841        25
      25            27   1             108.346        28
      26            27   2              85.448        21
      27            27   3              43.143        28
      28            28   1              59.197        21
      29            28   2              34.369        10
      30            28   3              25.917        21
 31  7
       1             6   1              12.194         9
       2             6   2               6.342         6
       3             6   3               1.110         1
       4             8   1              10.524         9
       5             8   2               5.445         4
       6            12   1               8.796         1
       7            12   2               2.154         2
       8            14   1              20.023         9
       9            14   2               6.103         6
      10            14   3               1.106         1
      11            16   1              11.890         9
      12            16   2               7.960         4
      13            16   3              10.780         9
      14            20   1              13.498         1
      15            20   2               5.910         2
      16            22   1             143.545        21
      17            22   2             122.424        28
      18            22   3              30.949        21
      19            24   1              99.977         7
      20            24   2              63.935         6
      21            24   3              53.401        25
      22            26   1             122.976        25
      23            26   2             119.020        30
      24            26   3              46.635        25
      25            27   1             103.666        28
      26            27   2              84.721        21
      27            27   3              43.004        28
      28            28   1              56.671        21
      29            28   2              34.057        10
      30            28   3              25.858        21
 31  8
       1             6   1              12.059         9
       2             6   2               6.324         6
       3             6   3               1.103         1
       4             8   1              10.485         9
       5             8   2               5.410         4
       6            12   1               7.356         1
       7            12   2               2.122         2
       8            14   1              18.348         9
       9            14   2               6.062         6
      10            14   3               1.099         1
      11            16   1              11.734         9
      12            16   2               7.901         4
      13            16   3              10.752         9
      14            20   1              11.485         1
      15            20   2               5.763         2
      16            22   1             133.401        21
      17            22   2             120.587        28
      18            22   3              30.816        21
      19            24   1              93.079         7
      20            24   2              62.167         6
      21            24   3              52.816        25
      22            26   1             115.955        25
      23            26   2             116.972        30
      24            26   3              46.116        25
      25            27   1              98.960        28
      26            27   2              83.572        21
      27            27   3              42.652        28
      28            28   1              54.239        21
      29            28   2              33.567        10
      30            28   3              25.712        21
 31  9
       1             6   1              11.906         9
       2             6   2               6.297         6
       3             6   3               1.093         1
       4             8   1              10.428         9
       5             8   2               5.346         4
       6            12   1               6.064         1
       7            12   2               2.095         2
       8            14   1              16.840         9
       9            14   2               6.025         6
      10            14   3               1.089         1
      11            16   1              11.575         9
      12            16   2               7.794         4
      13            16   3              10.701         9
      14            20   1               9.709         1
      15            20   2               5.596         2
      16            22   1             124.016        21
      17            22   2             118.345        28
      18            22   3              30.579        21
      19            24   1              85.985         7
      20            24   2              59.468         6
      21            24   3              51.758        25
      22            26   1             108.939        25
      23            26   2             114.058        30
      24            26   3              45.181        25
      25            27   1              94.329        28
      26            27   2              81.866        21
      27            27   3              42.016        28
      28            28   1              52.000        21
      29            28   2              32.845        10
      30            28   3              25.449        21
 31 10
       1             6   1              11.739         9
       2             6   2               6.262         6
       3             6   3               1.080         1
       4             8   1              10.355         9
       5             8   2               5.254         4
       6            12   1               4.935         1
       7            12   2               2.071         2
       8            14   1              15.520         9
       9            14   2               5.993         6
      10            14   3               1.077         1
      11            16   1              11.416         9
      12            16   2               7.638         4
      13            16   3              10.627         9
      14            20   1               8.153         1
      15            20   2               5.408         2
      16            22   1             115.160        21
      17            22   2             115.655        28
      18            22   3              30.235        21
      19            24   1              78.647         7
      20            24   2              55.866         6
      21            24   3              50.231        25
      22            26   1             101.838        25
      23            26   2             110.273        30
      24            26   3              43.841        25
      25            27   1              89.697        28
      26            27   2              79.591        21
      27            27   3              41.100        28
      28            28   1              49.916        21
      29            28   2              31.887        10
      30            28   3              25.071        21
 31 11
       1             6   1              11.527         9
       2             6   2               6.212         6
       3             6   3               1.064         1
       4             8   1              10.246         9
       5             8   2               5.111         4
       6            12   1               3.854         1
       7            12   2               2.049         2
       8            14   1              14.254         9
       9            14   2               5.960         6
      10            14   3               1.061         1
      11            16   1              11.229         9
      12            16   2               7.390         4
      13            16   3              10.506         9
      14            20   1               6.632         1
      15            20   2               5.160         2
      16            22   1             105.437        21
      17            22   2             111.883        28
      18            22   3              29.687        21
      19            24   1              69.826         7
      20            24   2              50.570         6
      21            24   3              47.857        25
      22            26   1              93.442        25
      23            26   2             104.737        30
      24            26   3              41.780        25
      25            27   1              84.266        28
      26            27   2              76.183        21
      27            27   3              39.677        28
      28            28   1              47.686        21
      29            28   2              30.455        10
      30            28   3              24.490        21
 31 12
       1             6   1              11.258         9
       2             6   2               6.149         6
       3             6   3               1.044         1
       4             8   1              10.093         9
       5             8   2               4.913         4
       6            12   1               2.853         1
       7            12   2               2.030         2
       8            14   1              13.078         9
       9            14   2               5.928         6
      10            14   3               1.042         1
      11            16   1              11.003         9
      12            16   2               7.021         4
      13            16   3              10.320         9
      14            20   1               5.120         1
      15            20   2               4.829         2
      16            22   1              94.110        21
      17            22   2             106.607        28
      18            22   3              28.870        21
      19            24   1              59.140         7
      20            24   2              43.353         6
      21            24   3              44.473        25
      22            26   1              83.249        25
      23            26   2              97.042        30
      24            26   3              38.890        25
      25            27   1              77.649        28
      26            27   2              71.326        21
      27            27   3              37.649        28
      28            28   1              45.190        21
      29            28   2              28.412        10
      30            28   3              23.664        21
 31 13
       1             6   1              10.957         9
       2             6   2               6.086         6
       3             6   3               1.026         1
       4             8   1               9.907         9
       5             8   2               4.687         4
       6            12   1               2.101         1
       7            12   2               2.016         2
       8            14   1              12.178         9
       9            14   2               5.899         6
      10            14   3               1.024         1
      11            16   1              10.755         9
      12            16   2               6.559         4
      13            16   3              10.074         9
      14            20   1               3.833         1
      15            20   2               4.435         2
      16            22   1              82.219        21
      17            22   2             100.143        28
      18            22   3              27.833        21
      19            24   1              47.986         7
      20            24   2              35.234         6
      21            24   3              40.467        25
      22            26   1              72.384        25
      23            26   2              87.996        30
      24            26   3              35.551        25
      25            27   1              70.474        28
      26            27   2              65.435        21
      27            27   3              35.236        28
      28            28   1              42.700        21
      29            28   2              25.919        10
      30            28   3              22.680        21
 31 14
       1             6   1              10.668         9
       2             6   2               6.037         6
       3             6   3               1.014         1
       4             8   1               9.720         9
       5             8   2               4.487         4
       6            12   1               1.668         1
       7            12   2               2.008         2
       8            14   1              11.614         9
       9            14   2               5.876         6
      10            14   3               1.013         1
      11            16   1              10.511         9
      12            16   2               6.095         4
      13            16   3               9.805         9
      14            20   1               2.964         1
      15            20   2               4.046         2
      16            22   1              71.851        21
      17            22   2              93.586        28
      18            22   3              26.761        21
      19            24   1              38.570         7
      20            24   2              28.010         6
      21            24   3              36.684        25
      22            26   1              62.870        25
      23            26   2              79.409        30
      24            26   3              32.489        25
      25            27   1              63.990        28
      26            27   2              59.621        21
      27            27   3              32.923        28
      28            28   1              40.625        21
      29            28   2              23.429        10
      30            28   3              21.720        21
 31 15
       1             6   1              10.427         9
       2             6   2               6.006         6
       3             6   3               1.007         1
       4             8   1               9.564         9
       5             8   2               4.342         4
       6            12   1               1.443         1
       7            12   2               2.004         2
       8            14   1              11.265         9
       9            14   2               5.858         6
      10            14   3               1.006         1
      11            16   1              10.297         9
      12            16   2               5.707         4
      13            16   3               9.560         9
      14            20   1               2.445         1
      15            20   2               3.717         2
      16            22   1              63.906        21
      17            22   2              87.913        28
      18            22   3              25.827        21
      19            24   1              31.764         7
      20            24   2              22.668         6
      21            24   3              33.707        25
      22            26   1              55.655        25
      23            26   2              72.551        30
      24            26   3              30.152        25
      25            27   1              58.858        28
      26            27   2              54.770        21
      27            27   3              31.060        28
      28            28   1              39.070        21
      29            28   2              21.327        10
      30            28   3              20.920        21
 31 16
       1             6   1              10.214         9
       2             6   2               5.986         6
       3             6   3               1.003         1
       4             8   1               9.427         9
       5             8   2               4.235         4
       6            12   1               1.306         1
       7            12   2               2.003         2
       8            14   1              10.993         9
       9            14   2               5.841         6
      10            14   3               1.003         1
      11            16   1              10.096         9
      12            16   2               5.373         4
      13            16   3               9.327         9
      14            20   1               2.089         1
      15            20   2               3.426         2
      16            22   1              57.275        21
      17            22   2              82.757        28
      18            22   3              24.979        21
      19            24   1              26.520         7
      20            24   2              18.558         6
      21            24   3              31.274        25
      22            26   1              49.790        25
      23            26   2              66.817        30
      24            26   3              28.300        25
      25            27   1              54.473        28
      26            27   2              50.527        21
      27            27   3              29.487        28
      28            28   1              37.772        21
      29            28   2              19.470        10
      30            28   3              20.214        21
 31 17
       1             6   1              10.021         9
       2             6   2               5.972         6
       3             6   3               1.002         1
       4             8   1               9.307         9
       5             8   2               4.157         4
       6            12   1               1.211         1
       7            12   2               2.001         2
       8            14   1              10.751         9
       9            14   2               5.824         6
      10            14   3               1.001         1
      11            16   1               9.902         9
      12            16   2               5.087         4
      13            16   3               9.104         9
      14            20   1               1.818         1
      15            20   2               3.166         2
      16            22   1              51.461        21
      17            22   2              77.995        28
      18            22   3              24.201        21
      19            24   1              22.378         7
      20            24   2              15.380         6
      21            24   3              29.278        25
      22            26   1              44.873        25
      23            26   2              61.957        30
      24            26   3              26.823        25
      25            27   1              50.589        28
      26            27   2              46.751        21
      27            27   3              28.142        28
      28            28   1              36.616        21
      29            28   2              17.808        10
      30            28   3              19.577        21
 31 18
       1             6   1               9.885         9
       2             6   2               5.964         6
       3             6   3               1.001         1
       4             8   1               9.225         9
       5             8   2               4.112         4
       6            12   1               1.157         1
       7            12   2               2.001         2
       8            14   1              10.575         9
       9            14   2               5.810         6
      10            14   3               1.001         1
      11            16   1               9.758         9
      12            16   2               4.896         4
      13            16   3               8.937         9
      14            20   1               1.646         1
      15            20   2               2.987         2
      16            22   1              47.388        21
      17            22   2              74.561        28
      18            22   3              23.643        21
      19            24   1              19.770         7
      20            24   2              13.438         6
      21            24   3              27.992        25
      22            26   1              41.596        25
      23            26   2              58.706        30
      24            26   3              25.896        25
      25            27   1              47.862        28
      26            27   2              44.108        21
      27            27   3              27.236        28
      28            28   1              35.788        21
      29            28   2              16.646        10
      30            28   3              19.125        21
 31 19
       1             6   1               9.802         9
       2             6   2               5.960         6
       3             6   3               1.001         1
       4             8   1               9.177         9
       5             8   2               4.089         4
       6            12   1               1.128         1
       7            12   2               2.001         2
       8            14   1              10.464         9
       9            14   2               5.801         6
      10            14   3               1.000         1
      11            16   1               9.666         9
      12            16   2               4.785         4
      13            16   3               8.833         9
      14            20   1               1.547         1
      15            20   2               2.879         2
      16            22   1              44.902        21
      17            22   2              72.442        28
      18            22   3              23.300        21
      19            24   1              18.307         7
      20            24   2              12.378         6
      21            24   3              27.264        25
      22            26   1              39.677        25
      23            26   2              56.799        30
      24            26   3              25.380        25
      25            27   1              46.202        28
      26            27   2              42.505        21
      27            27   3              26.702        28
      28            28   1              35.274        21
      29            28   2              15.944        10
      30            28   3              18.847        21
 31 20
       1             6   1               9.720         9
       2             6   2               5.956         6
       3             6   3               1.000         1
       4             8   1               9.130         9
       5             8   2               4.069         4
       6            12   1               1.103         1
       7            12   2               2.000         2
       8            14   1              10.350         9
       9            14   2               5.791         6
      10            14   3               1.000         1
      11            16   1               9.573         9
      12            16   2               4.680         4
      13            16   3               8.724         9
      14            20   1               1.458         1
      15            20   2               2.775         2
      16            22   1              42.489        21
      17            22   2              70.302        28
      18            22   3              22.955        21
      19            24   1              16.952         7
      20            24   2              11.407         6
      21            24   3              26.578        25
      22            26   1              37.842        25
      23            26   2              54.944        30
      24            26   3              24.898        25
      25            27   1              44.556        28
      26            27   2              40.904        21
      27            27   3              26.180        28
      28            28   1              34.757        21
      29            28   2              15.247        10
      30            28   3              18.566        21
