0.00 19.9315
1.00 2.4274
2.00 1.44696
3.00 0.846963
4.00 0.680296
5.00 0.513629
6.00 0.346963
7.00 0.292637
8.00 0.238311
9.00 0.184002
10.00 0.130891
11.00 0.0722631
12.00 0.025699
13.00 0.0047869
14.00 4e-07
15.00 0.0094818
16.00 0.0207981
17.00 0.0394234
18.00 0.058083
19.00 0.0746016
20.00 0.0911039
21.00 0.107526
22.00 0.121914
23.00 0.135331
24.00 0.147032
25.00 0.158719
26.00 0.170215
27.00 0.180245
28.00 0.189199
29.00 0.198124
30.00 0.20607
31.00 0.213437
32.00 0.220027
33.00 0.226569
34.00 0.232429
35.00 0.237907
36.00 0.242812
37.00 0.247477
38.00 0.252142
39.00 0.256768
40.00 0.260982
41.00 0.265159
42.00 0.269286
43.00 0.273471
44.00 0.27768
45.00 0.282123
46.00 0.286615
47.00 0.291544
48.00 0.296493
49.00 0.301954
50.00 0.308015
51.00 0.314115
52.00 0.32117
53.00 0.328281
54.00 0.336113
55.00 0.344312
56.00 0.352679
57.00 0.361367
58.00 0.370211
59.00 0.379063
60.00 0.38793
61.00 0.396659
62.00 0.40535
63.00 0.413751
64.00 0.42171
65.00 0.429476
66.00 0.436505
67.00 0.443323
68.00 0.449107
69.00 0.454727
70.00 0.458885
71.00 0.463043
72.00 0.46699
73.00 0.470229
74.00 0.473228
75.00 0.476211
76.00 0.479309
77.00 0.482489
78.00 0.486224
79.00 0.490083
80.00 0.494875
81.00 0.500801
82.00 0.506726
83.00 0.514161
84.00 0.522462
85.00 0.532695
86.00 0.54336
87.00 0.556527
88.00 0.570493
89.00 0.586895
90.00 0.605943
91.00 0.62499
92.00 0.644038
93.00 0.663766
94.00 0.686546
95.00 0.711143
96.00 0.73574
97.00 0.761868
98.00 0.789606
99.00 0.818949
100.00 0.848292
101.00 0.877972
102.00 0.909575
103.00 0.942025
104.00 0.975364
105.00 1.0096
106.00 1.04464
107.00 1.08032
108.00 1.11676
109.00 1.15394
110.00 1.19191
111.00 1.23047
112.00 1.26926
113.00 1.30893
114.00 1.3489
115.00 1.38959
116.00 1.43028
117.00 1.47161
118.00 1.5133
119.00 1.55557
120.00 1.59783
121.00 1.6401
122.00 1.68249
123.00 1.72521
124.00 1.76794
125.00 1.81051
126.00 1.85282
127.00 1.89513
128.00 1.93709
129.00 1.97823
130.00 2.01937
131.00 2.06026
132.00 2.09983
133.00 2.13893
134.00 2.17698
135.00 2.21422
136.00 2.24981
137.00 2.28541
138.00 2.32024
139.00 2.35303
140.00 2.38271
141.00 2.41181
142.00 2.43643
143.00 2.45869
144.00 2.47469
145.00 2.48469
146.00 2.49469
147.00 2.50469
148.00 2.51469
149.00 2.52469
150.00 2.53468
151.00 2.54468
152.00 2.55468
153.00 2.56468
154.00 2.57468
155.00 2.58468
156.00 2.59468
157.00 2.60468
158.00 2.61467
159.00 2.62467
160.00 2.63467
161.00 2.64467
162.00 2.65467
163.00 2.66467
164.00 2.67467
165.00 2.68466
166.00 2.69466
167.00 2.70466
168.00 2.71466
169.00 2.72466
170.00 2.73466
171.00 2.74466
172.00 2.75466
173.00 2.76465
174.00 2.77465
175.00 2.78465
176.00 2.79465
177.00 2.80465
178.00 2.81465
179.00 2.82465
180.00 2.83464
181.00 2.84464
182.00 2.85464
183.00 2.86464
184.00 2.87464
185.00 2.88464
186.00 2.89464
187.00 2.90463
188.00 2.91463
189.00 2.92463
190.00 2.93463
191.00 2.94463
192.00 2.95463
193.00 2.96463
194.00 2.97463
195.00 2.98462
196.00 2.99462
197.00 3.00462
198.00 3.01462
199.00 3.02462
200.00 3.03462
201.00 3.04462
202.00 3.05462
203.00 3.06461
204.00 3.07461
205.00 3.08461
206.00 3.09461
207.00 3.10461
208.00 3.11461
209.00 3.12461
210.00 3.1346
211.00 3.1446
212.00 3.1546
213.00 3.1646
214.00 3.1746
215.00 3.1846
216.00 3.1946
217.00 3.2046
218.00 3.21459
219.00 3.22459
220.00 3.23459
221.00 3.24459
222.00 3.25459
223.00 3.26459
224.00 3.27459
225.00 3.28458
226.00 3.29458
227.00 3.30458
228.00 3.31458
229.00 3.32458
230.00 3.33458
231.00 3.34458
232.00 3.35458
233.00 3.36457
234.00 3.37457
235.00 3.38457
236.00 3.39457
237.00 3.40457
238.00 3.41457
239.00 3.42457
240.00 3.43457
241.00 3.44456
242.00 3.45456
243.00 3.46456
244.00 3.47456
245.00 3.48456
246.00 3.49456
247.00 3.50456
248.00 3.51455
249.00 3.52455
250.00 3.53455
251.00 3.54455
252.00 3.55455
253.00 3.56455
254.00 3.57455
255.00 3.58454
256.00 3.59454
257.00 3.60454
258.00 3.61454
259.00 3.62454
260.00 3.63454
261.00 3.64454
262.00 3.65454
263.00 3.66453
264.00 3.67453
265.00 3.68453
266.00 3.69453
267.00 3.70453
268.00 3.71453
269.00 3.72453
270.00 3.73452
271.00 3.74452
272.00 3.75452
273.00 3.76452
274.00 3.77452
275.00 3.78452
276.00 3.79452
277.00 3.80452
278.00 3.81451
279.00 3.82451
280.00 3.83451
281.00 3.84451
282.00 3.85451
283.00 3.86451
284.00 3.87451
285.00 3.8845
286.00 3.8945
287.00 3.9045
288.00 3.9145
289.00 3.9245
290.00 3.9345
291.00 3.9445
292.00 3.95449
293.00 3.96449
294.00 3.97449
295.00 3.98449
296.00 3.99449
297.00 4.00449
298.00 4.01449
299.00 4.02449
300.00 4.03449
301.00 4.04448
302.00 4.05448
303.00 4.06448
304.00 4.07448
305.00 4.08448
306.00 4.09448
307.00 4.10448
308.00 4.11447
309.00 4.12447
310.00 4.13447
311.00 4.14447
312.00 4.15447
313.00 4.16447
314.00 4.17447
315.00 4.18446
316.00 4.19446
317.00 4.20446
318.00 4.21446
319.00 4.22446
320.00 4.23446
321.00 4.24446
322.00 4.25446
323.00 4.26445
324.00 4.27445
325.00 4.28445
326.00 4.29445
327.00 4.30445
328.00 4.31445
329.00 4.32445
330.00 4.33444
331.00 4.34444
332.00 4.35444
333.00 4.36444
334.00 4.37444
335.00 4.38444
336.00 4.39444
337.00 4.40444
338.00 4.41443
339.00 4.42443
340.00 4.43443
341.00 4.44443
342.00 4.45443
343.00 4.46443
344.00 4.47443
345.00 4.48442
346.00 4.49442
347.00 4.50442
348.00 4.51442
349.00 4.52442
350.00 4.53442
351.00 4.54442
352.00 4.55442
353.00 4.56441
354.00 4.57441
355.00 4.58441
356.00 4.59441
357.00 4.60441
358.00 4.61441
359.00 4.62441
360.00 4.6344
361.00 4.6444
362.00 4.6544
363.00 4.6644
364.00 4.6744
365.00 4.6844
366.00 4.6944
367.00 4.7044
368.00 4.71439
369.00 4.72439
370.00 4.73439
371.00 4.74439
372.00 4.75439
373.00 4.76439
374.00 4.77439
375.00 4.78438
376.00 4.79438
377.00 4.80438
378.00 4.81438
379.00 4.82438
380.00 4.83438
381.00 4.84438
382.00 4.85438
383.00 4.86437
384.00 4.87437
385.00 4.88437
386.00 4.89437
387.00 4.90437
388.00 4.91437
389.00 4.92437
390.00 4.93436
391.00 4.94436
392.00 4.95436
393.00 4.96436
394.00 4.97436
395.00 4.98436
396.00 4.99436
397.00 5.00435
398.00 5.01435
399.00 5.02435
400.00 5.03435
401.00 5.04435
402.00 5.05435
403.00 5.06435
404.00 5.07435
405.00 5.08435
406.00 5.09434
407.00 5.10434
408.00 5.11434
409.00 5.12434
410.00 5.13434
411.00 5.14434
412.00 5.15434
413.00 5.16433
414.00 5.17433
415.00 5.18433
416.00 5.19433
417.00 5.20433
418.00 5.21433
419.00 5.22433
420.00 5.23432
421.00 5.24432
422.00 5.25432
423.00 5.26432
424.00 5.27432
425.00 5.28432
426.00 5.29432
427.00 5.30432
428.00 5.31431
429.00 5.32431
430.00 5.33431
431.00 5.34431
432.00 5.35431
433.00 5.36431
434.00 5.37431
435.00 5.3843
436.00 5.3943
437.00 5.4043
438.00 5.4143
439.00 5.4243
440.00 5.4343
441.00 5.4443
442.00 5.4543
443.00 5.46429
444.00 5.47429
445.00 5.48429
446.00 5.49429
447.00 5.50429
448.00 5.51429
449.00 5.52429
450.00 5.53429
451.00 5.54428
452.00 5.55428
453.00 5.56428
454.00 5.57428
455.00 5.58428
456.00 5.59428
457.00 5.60428
458.00 5.61427
459.00 5.62427
460.00 5.63427
461.00 5.64427
462.00 5.65427
463.00 5.66427
464.00 5.67427
465.00 5.68427
466.00 5.69426
467.00 5.70426
468.00 5.71426
469.00 5.72426
470.00 5.73426
471.00 5.74426
472.00 5.75426
473.00 5.76425
474.00 5.77425
475.00 5.78425
476.00 5.79425
477.00 5.80425
478.00 5.81425
479.00 5.82425
480.00 5.83424
481.00 5.84424
482.00 5.85424
483.00 5.86424
484.00 5.87424
485.00 5.88424
486.00 5.89424
487.00 5.90424
488.00 5.91423
489.00 5.92423
490.00 5.93423
491.00 5.94423
492.00 5.95423
493.00 5.96423
494.00 5.97423
495.00 5.98422
496.00 5.99422
497.00 6.00422
498.00 6.01422
499.00 6.02422
500.00 6.03422
