1.00 1.0348
2.00 0.6218
3.00 0.378399
4.00 0.257099
5.00 0.210299
6.00 0.190399
7.00 0.160399
8.00 0.1201
9.00 0.0767002
10.00 0.0376988
11.00 0.0105
12.00 0
13.00 0.0026989
14.00 0.0140991
15.00 0.0291996
16.00 0.0432987
17.00 0.0534992
18.00 0.0608998
19.00 0.0677986
20.00 0.0761986
21.00 0.0880986
22.00 0.1047
23.00 0.1253
24.00 0.1486
25.00 0.1738
26.00 0.1996
27.00 0.2255
28.00 0.251499
29.00 0.277699
30.00 0.304199
31.00 0.3312
32.00 0.3585
33.00 0.3853
34.00 0.410999
35.00 0.4347
36.00 0.455599
37.00 0.473999
38.00 0.4912
39.00 0.508699
40.00 0.528
41.00 0.5506
42.00 0.576899
43.00 0.6057
44.00 0.635799
45.00 0.666199
46.00 0.695499
47.00 0.723499
48.00 0.750799
49.00 0.7782
50.00 0.8062
51.00 0.835699
52.00 0.866499
53.00 0.897999
54.00 0.929298
55.00 0.959599
56.00 0.988399
57.00 1.0154
58.00 1.0413
59.00 1.0667
60.00 1.0921
61.00 1.1181
62.00 1.1449
63.00 1.1722
64.00 1.2001
65.00 1.2282
66.00 1.2565
67.00 1.285
68.00 1.3138
69.00 1.3429
70.00 1.3724
71.00 1.4024
72.00 1.433
73.00 1.4643
74.00 1.4965
75.00 1.5297
76.00 1.5639
77.00 1.5989
78.00 1.6344
79.00 1.67
80.00 1.7054
81.00 1.7402
82.00 1.7744
83.00 1.8082
84.00 1.8418
85.00 1.8752
86.00 1.9087
87.00 1.9428
88.00 1.978
89.00 2.0148
90.00 2.0539
91.00 2.0954
92.00 2.1385
93.00 2.1815
94.00 2.223
95.00 2.2615
96.00 2.2961
97.00 2.3281
98.00 2.3595
99.00 2.3925
100.00 2.3925
101.00 2.4655
102.00 2.502
103.00 2.5385
104.00 2.575
105.00 2.6115
106.00 2.648
107.00 2.6845
108.00 2.721
109.00 2.7575
110.00 2.794
111.00 2.8305
112.00 2.867
113.00 2.9035
114.00 2.94
115.00 2.9765
116.00 3.013
117.00 3.0495
118.00 3.086
119.00 3.1225
120.00 3.159
121.00 3.1955
122.00 3.232
123.00 3.2685
124.00 3.305
125.00 3.3415
126.00 3.378
127.00 3.4145
128.00 3.451
129.00 3.4875
130.00 3.524
131.00 3.5605
132.00 3.597
133.00 3.6335
134.00 3.67
135.00 3.7065
136.00 3.743
137.00 3.7795
138.00 3.816
139.00 3.8525
140.00 3.889
141.00 3.9255
142.00 3.962
143.00 3.9985
144.00 4.035
145.00 4.0715
146.00 4.108
147.00 4.1445
148.00 4.181
149.00 4.2175
150.00 4.254
151.00 4.2905
152.00 4.327
153.00 4.3635
154.00 4.4
155.00 4.4365
156.00 4.473
157.00 4.5095
158.00 4.546
159.00 4.5825
160.00 4.619
161.00 4.6555
162.00 4.692
163.00 4.7285
164.00 4.765
165.00 4.8015
166.00 4.838
167.00 4.8745
168.00 4.911
169.00 4.9475
170.00 4.984
171.00 5.0205
172.00 5.057
173.00 5.0935
174.00 5.13
175.00 5.1665
176.00 5.203
177.00 5.2395
178.00 5.276
179.00 5.3125
180.00 5.349
181.00 5.3855
182.00 5.422
183.00 5.4585
184.00 5.495
185.00 5.5315
186.00 5.568
187.00 5.6045
188.00 5.641
189.00 5.6775
190.00 5.714
191.00 5.7505
192.00 5.787
193.00 5.8235
194.00 5.86
195.00 5.8965
196.00 5.933
197.00 5.9695
198.00 6.006
199.00 6.0425
200.00 6.079
201.00 6.1155
202.00 6.152
203.00 6.1885
204.00 6.225
205.00 6.2615
206.00 6.298
207.00 6.3345
208.00 6.371
209.00 6.4075
210.00 6.444
211.00 6.4805
212.00 6.517
213.00 6.5535
214.00 6.59
215.00 6.6265
216.00 6.663
217.00 6.6995
218.00 6.736
219.00 6.7725
220.00 6.809
221.00 6.8455
222.00 6.882
223.00 6.9185
224.00 6.955
225.00 6.9915
226.00 7.028
227.00 7.0645
228.00 7.101
229.00 7.1375
230.00 7.174
231.00 7.2105
232.00 7.247
233.00 7.2835
234.00 7.32
235.00 7.3565
236.00 7.393
237.00 7.4295
238.00 7.466
239.00 7.5025
240.00 7.539
241.00 7.5755
242.00 7.612
243.00 7.6485
244.00 7.685
245.00 7.7215
246.00 7.758
247.00 7.7945
248.00 7.831
249.00 7.8675
250.00 7.904
251.00 7.9405
252.00 7.977
253.00 8.0135
254.00 8.05
255.00 8.0865
256.00 8.123
257.00 8.1595
258.00 8.196
259.00 8.2325
260.00 8.269
261.00 8.3055
262.00 8.342
263.00 8.3785
264.00 8.415
265.00 8.4515
266.00 8.488
267.00 8.5245
268.00 8.561
269.00 8.5975
270.00 8.634
271.00 8.6705
272.00 8.707
273.00 8.7435
274.00 8.78
275.00 8.8165
276.00 8.85299
277.00 8.88949
278.00 8.92599
279.00 8.96249
280.00 8.99899
281.00 9.03549
282.00 9.07199
283.00 9.10849
284.00 9.14499
285.00 9.18149
286.00 9.21799
287.00 9.25449
288.00 9.29099
289.00 9.32749
290.00 9.36399
291.00 9.40049
292.00 9.43699
293.00 9.47349
294.00 9.50999
295.00 9.54649
296.00 9.58299
297.00 9.61949
298.00 9.65599
299.00 9.69249
300.00 9.72899
301.00 9.76549
302.00 9.80199
303.00 9.83849
304.00 9.87499
305.00 9.91149
306.00 9.94799
307.00 9.98449
308.00 10.021
309.00 10.0575
310.00 10.094
311.00 10.1305
312.00 10.167
313.00 10.2035
314.00 10.24
315.00 10.2765
316.00 10.313
317.00 10.3495
318.00 10.386
319.00 10.4225
320.00 10.459
321.00 10.4955
322.00 10.532
323.00 10.5685
324.00 10.605
325.00 10.6415
326.00 10.678
327.00 10.7145
328.00 10.751
329.00 10.7875
330.00 10.824
331.00 10.8605
332.00 10.897
333.00 10.9335
334.00 10.97
335.00 11.0065
336.00 11.043
337.00 11.0795
338.00 11.116
339.00 11.1525
340.00 11.189
341.00 11.2255
342.00 11.262
343.00 11.2985
344.00 11.335
345.00 11.3715
346.00 11.408
347.00 11.4445
348.00 11.481
349.00 11.5175
350.00 11.554
351.00 11.5905
352.00 11.627
353.00 11.6635
354.00 11.7
355.00 11.7365
356.00 11.773
357.00 11.8095
358.00 11.846
359.00 11.8825
360.00 11.919
361.00 11.9555
362.00 11.992
363.00 12.0285
364.00 12.065
365.00 12.1015
366.00 12.138
367.00 12.1745
368.00 12.211
369.00 12.2475
370.00 12.284
371.00 12.3205
372.00 12.357
373.00 12.3935
374.00 12.43
375.00 12.4665
376.00 12.503
377.00 12.5395
378.00 12.576
379.00 12.6125
380.00 12.649
381.00 12.6855
382.00 12.722
383.00 12.7585
384.00 12.795
385.00 12.8315
386.00 12.868
387.00 12.9045
388.00 12.941
389.00 12.9775
390.00 13.014
391.00 13.0505
392.00 13.087
393.00 13.1235
394.00 13.16
395.00 13.1965
396.00 13.233
397.00 13.2695
398.00 13.306
399.00 13.3425
400.00 13.379
401.00 13.4155
402.00 13.452
403.00 13.4885
404.00 13.525
405.00 13.5615
406.00 13.598
407.00 13.6345
408.00 13.671
409.00 13.7075
410.00 13.744
411.00 13.7805
412.00 13.817
413.00 13.8535
414.00 13.89
415.00 13.9265
416.00 13.963
417.00 13.9995
418.00 14.036
419.00 14.0725
420.00 14.109
421.00 14.1455
422.00 14.182
423.00 14.2185
424.00 14.255
425.00 14.2915
426.00 14.328
427.00 14.3645
428.00 14.401
429.00 14.4375
430.00 14.474
431.00 14.5105
432.00 14.547
433.00 14.5835
434.00 14.62
435.00 14.6565
436.00 14.693
437.00 14.7295
438.00 14.766
439.00 14.8025
440.00 14.839
441.00 14.8755
442.00 14.912
443.00 14.9485
444.00 14.985
445.00 15.0215
446.00 15.058
447.00 15.0945
448.00 15.131
449.00 15.1675
450.00 15.204
451.00 15.2405
452.00 15.277
453.00 15.3135
454.00 15.35
455.00 15.3865
456.00 15.423
457.00 15.4595
458.00 15.496
459.00 15.5325
460.00 15.569
461.00 15.6055
462.00 15.642
463.00 15.6785
464.00 15.715
465.00 15.7515
466.00 15.788
467.00 15.8245
468.00 15.861
469.00 15.8975
470.00 15.934
471.00 15.9705
472.00 16.007
473.00 16.0435
474.00 16.08
475.00 16.1165
476.00 16.153
477.00 16.1895
478.00 16.226
479.00 16.2625
480.00 16.299
481.00 16.3355
482.00 16.372
483.00 16.4085
484.00 16.445
485.00 16.4815
486.00 16.518
487.00 16.5545
488.00 16.591
489.00 16.6275
490.00 16.664
491.00 16.7005
492.00 16.737
493.00 16.7735
494.00 16.81
495.00 16.8465
496.00 16.883
497.00 16.9195
498.00 16.956
499.00 16.9925
500.00 17.029
