1.00 0.44
2.00 0.34
3.00 0.253334
4.00 0.186666
5.00 0.121818
6.00 0.0752941
7.00 0.0458828
8.00 0.0276924
9.00 0.0133339
10.00 -4e-07
11.00 0.0039993
12.00 0.0146671
13.00 0.0248009
14.00 0.0344006
15.00 0.0440002
16.00 0.0556007
17.00 0.0671993
18.00 0.0787998
19.00 0.0904003
20.00 0.102001
21.00 0.113599
22.00 0.1252
23.00 0.1368
24.00 0.148399
25.00 0.16
26.00 0.178182
27.00 0.196363
28.00 0.214546
29.00 0.232727
30.00 0.247368
31.00 0.26563
32.00 0.283893
33.00 0.302158
34.00 0.320421
35.00 0.338684
36.00 0.356947
37.00 0.375209
38.00 0.393474
39.00 0.411737
40.00 0.43
41.00 0.446001
42.00 0.462
43.00 0.478
44.00 0.493999
45.00 0.51
46.00 0.526001
47.00 0.541999
48.00 0.558
49.00 0.573999
50.00 0.59
51.00 0.607999
52.00 0.625999
53.00 0.644001
54.00 0.662
55.00 0.68
56.00 0.698
57.00 0.715999
58.00 0.734001
59.00 0.752
60.00 0.77
61.00 0.774999
62.00 0.78
63.00 0.785001
64.00 0.790001
65.00 0.795
66.00 0.800001
67.00 0.805002
68.00 0.810001
69.00 0.815
70.00 0.820001
71.00 0.828001
72.00 0.836002
73.00 0.844001
74.00 0.852001
75.00 0.86
76.00 0.868002
77.00 0.876001
78.00 0.884
79.00 0.892002
80.00 0.900001
81.00 0.920002
82.00 0.94
83.00 0.960001
84.00 0.980001
85.00 1
86.00 1.02
87.00 1.04
88.00 1.06
89.00 1.08
90.00 1.1
91.00 1.12
92.00 1.14
93.00 1.16
94.00 1.18
95.00 1.2
96.00 1.22
97.00 1.24
98.00 1.26
99.00 1.28
100.00 1.3
101.00 1.32
102.00 1.34
103.00 1.36
104.00 1.38
105.00 1.4
106.00 1.42
107.00 1.44
108.00 1.46
109.00 1.48
110.00 1.5
111.00 1.52
112.00 1.54
113.00 1.56
114.00 1.58
115.00 1.6
116.00 1.62
117.00 1.64
118.00 1.66
119.00 1.68
120.00 1.7
121.00 1.72
122.00 1.74
123.00 1.76
124.00 1.78
125.00 1.8
126.00 1.82
127.00 1.84
128.00 1.86
129.00 1.88
130.00 1.9
131.00 1.92
132.00 1.94
133.00 1.96
134.00 1.98
135.00 2
136.00 2.02
137.00 2.04
138.00 2.06
139.00 2.08
140.00 2.1
141.00 2.12
142.00 2.14
143.00 2.16
144.00 2.18
145.00 2.2
146.00 2.22
147.00 2.24
148.00 2.26
149.00 2.28
150.00 2.3
151.00 2.32
152.00 2.34
153.00 2.36
154.00 2.38
155.00 2.4
156.00 2.42
157.00 2.44
158.00 2.46
159.00 2.48
160.00 2.5
161.00 2.52
162.00 2.54
163.00 2.56
164.00 2.58
165.00 2.6
166.00 2.62
167.00 2.64
168.00 2.66
169.00 2.68
170.00 2.7
171.00 2.72
172.00 2.74
173.00 2.76
174.00 2.78
175.00 2.8
176.00 2.82
177.00 2.84
178.00 2.86
179.00 2.88
180.00 2.9
181.00 2.92
182.00 2.94
183.00 2.96
184.00 2.98
185.00 3
186.00 3.02
187.00 3.04
188.00 3.06
189.00 3.08
190.00 3.1
191.00 3.12
192.00 3.14
193.00 3.16
194.00 3.18
195.00 3.2
196.00 3.22
197.00 3.24
198.00 3.26
199.00 3.28
200.00 3.3
201.00 3.32
202.00 3.34
203.00 3.36
204.00 3.38
205.00 3.4
206.00 3.42
207.00 3.44
208.00 3.46
209.00 3.48
210.00 3.5
211.00 3.52
212.00 3.54
213.00 3.56
214.00 3.58
215.00 3.6
216.00 3.62
217.00 3.64
218.00 3.66
219.00 3.68
220.00 3.7
221.00 3.72
222.00 3.74
223.00 3.76
224.00 3.78
225.00 3.8
226.00 3.82
227.00 3.84
228.00 3.86
229.00 3.88
230.00 3.9
231.00 3.92
232.00 3.94
233.00 3.96
234.00 3.98
235.00 4
236.00 4.02
237.00 4.04
238.00 4.06
239.00 4.08
240.00 4.1
241.00 4.12
242.00 4.14
243.00 4.16
244.00 4.18
245.00 4.2
246.00 4.22
247.00 4.24
248.00 4.26
249.00 4.28
250.00 4.3
251.00 4.32
252.00 4.34
253.00 4.36
254.00 4.38
255.00 4.4
256.00 4.42
257.00 4.44
258.00 4.46
259.00 4.48
260.00 4.5
261.00 4.52
262.00 4.54
263.00 4.56
264.00 4.58
265.00 4.6
266.00 4.62
267.00 4.64
268.00 4.66
269.00 4.68
270.00 4.7
271.00 4.72
272.00 4.74
273.00 4.76
274.00 4.78
275.00 4.8
276.00 4.82
277.00 4.84
278.00 4.86
279.00 4.88
280.00 4.9
281.00 4.92
282.00 4.94
283.00 4.96
284.00 4.98
285.00 5
286.00 5.02
287.00 5.04
288.00 5.06
289.00 5.08
290.00 5.1
291.00 5.12
292.00 5.14
293.00 5.16
294.00 5.18
295.00 5.2
296.00 5.22
297.00 5.24
298.00 5.26
299.00 5.28
300.00 5.3
301.00 5.32
302.00 5.34
303.00 5.36
304.00 5.38
305.00 5.4
306.00 5.42
307.00 5.44
308.00 5.46
309.00 5.48
310.00 5.5
311.00 5.52
312.00 5.54
313.00 5.56
314.00 5.58
315.00 5.6
316.00 5.62
317.00 5.64
318.00 5.66
319.00 5.68
320.00 5.7
321.00 5.72
322.00 5.74
323.00 5.76
324.00 5.78
325.00 5.8
326.00 5.82
327.00 5.84
328.00 5.86
329.00 5.88
330.00 5.9
331.00 5.92
332.00 5.94
333.00 5.96
334.00 5.98
335.00 6
336.00 6.02
337.00 6.04
338.00 6.06
339.00 6.08
340.00 6.1
341.00 6.12
342.00 6.14
343.00 6.16
344.00 6.18
345.00 6.2
346.00 6.22
347.00 6.24
348.00 6.26
349.00 6.28
350.00 6.3
351.00 6.32
352.00 6.34
353.00 6.36
354.00 6.38
355.00 6.4
356.00 6.42
357.00 6.44
358.00 6.46
359.00 6.48
360.00 6.5
361.00 6.52
362.00 6.54
363.00 6.56
364.00 6.58
365.00 6.6
366.00 6.62
367.00 6.64
368.00 6.66
369.00 6.68
370.00 6.7
371.00 6.72
372.00 6.74
373.00 6.76
374.00 6.78
375.00 6.8
376.00 6.82
377.00 6.84
378.00 6.86
379.00 6.88
380.00 6.9
381.00 6.92
382.00 6.94
383.00 6.95999
384.00 6.98
385.00 7
386.00 7.02
387.00 7.03999
388.00 7.06
389.00 7.08
390.00 7.1
391.00 7.11999
392.00 7.14
393.00 7.16
394.00 7.18
395.00 7.19999
396.00 7.22
397.00 7.24
398.00 7.26
399.00 7.27999
400.00 7.3
401.00 7.32
402.00 7.34
403.00 7.35999
404.00 7.38
405.00 7.4
406.00 7.41999
407.00 7.43999
408.00 7.45999
409.00 7.48
410.00 7.49999
411.00 7.51999
412.00 7.53999
413.00 7.56
414.00 7.57999
415.00 7.59999
416.00 7.61999
417.00 7.64
418.00 7.65999
419.00 7.67999
420.00 7.69999
421.00 7.72
422.00 7.73999
423.00 7.75999
424.00 7.77999
425.00 7.8
426.00 7.81999
427.00 7.83999
428.00 7.85999
429.00 7.88
430.00 7.89999
431.00 7.91999
432.00 7.93999
433.00 7.95999
434.00 7.97999
435.00 7.99999
436.00 8.01999
437.00 8.03999
438.00 8.05999
439.00 8.07999
440.00 8.09999
441.00 8.11999
442.00 8.13999
443.00 8.15999
444.00 8.17999
445.00 8.19999
446.00 8.21999
447.00 8.23999
448.00 8.25999
449.00 8.27999
450.00 8.29999
451.00 8.31999
452.00 8.33999
453.00 8.35999
454.00 8.37999
455.00 8.39999
456.00 8.41999
457.00 8.43999
458.00 8.45999
459.00 8.47999
460.00 8.49999
461.00 8.51999
462.00 8.53999
463.00 8.55999
464.00 8.57999
465.00 8.59999
466.00 8.61999
467.00 8.63999
468.00 8.65999
469.00 8.67999
470.00 8.69999
471.00 8.71999
472.00 8.73999
473.00 8.75999
474.00 8.77999
475.00 8.79999
476.00 8.81999
477.00 8.83999
478.00 8.85999
479.00 8.87999
480.00 8.89999
481.00 8.91999
482.00 8.93999
483.00 8.95999
484.00 8.97999
485.00 8.99999
486.00 9.01999
487.00 9.03999
488.00 9.05999
489.00 9.07999
490.00 9.09999
491.00 9.11999
492.00 9.13999
493.00 9.15999
494.00 9.17999
495.00 9.19999
496.00 9.21999
497.00 9.23999
498.00 9.25999
499.00 9.27999
500.00 9.29999
