-30.0 57.53
-29.0 54.66
-28.0 51.8
-27.0 48.93
-26.0 46.06
-25.0 43.19
-24.0 40.32
-23.0 37.45
-22.0 34.58
-21.0 31.71
-20.0 28.84
-19.0 25.98
-18.0 23.11
-17.0 20.24
-16.0 17.37
-15.0 14.5
-14.0 11.63
-13.0 8.76
-12.0 5.89
-11.0 3.02
-10.0 1.45
-9.0 1.17
-8.0 0.88
-7.0 0.65
-6.0 0.47
-5.0 0.33
-4.0 0.2
-3.0 0.11
-2.0 0.05
-1.0 0.01
0.0 0
1.0 0.01
2.0 0.03
3.0 0.07
4.0 0.13
5.0 0.2
6.0 0.28
7.0 0.35
8.0 0.43
9.0 0.51
10.0 0.59
11.0 0.67
12.0 0.74
13.0 0.82
14.0 0.9
15.0 0.99
16.0 1.08
17.0 1.17
18.0 1.26
19.0 1.35
20.0 1.44
21.0 1.51
22.0 1.58
23.0 1.65
24.0 1.71
25.0 1.77
26.0 1.84
27.0 1.89
28.0 1.94
29.0 1.99
30.0 2.04
31.0 2.09
32.0 2.14
33.0 2.19
34.0 2.24
35.0 2.29
36.0 2.34
37.0 2.39
38.0 2.44
39.0 2.49
40.0 2.54
41.0 2.59
42.0 2.64
43.0 2.69
44.0 2.74
45.0 2.79
46.0 2.84
47.0 2.89
48.0 2.94
49.0 2.99
50.0 3.04
51.0 3.09
52.0 3.14
53.0 3.19
54.0 3.24
55.0 3.29
56.0 3.34
57.0 3.39
58.0 3.44
59.0 3.49
60.0 3.54
61.0 3.59
62.0 3.64
63.0 3.69
64.0 3.74
65.0 3.79
66.0 3.84
67.0 3.89
68.0 3.94
69.0 3.99
70.0 4.04
71.0 4.09
72.0 4.14
73.0 4.19
74.0 4.24
75.0 4.29
76.0 4.34
77.0 4.39
78.0 4.44
79.0 4.49
80.0 4.54
81.0 4.59
82.0 4.64
83.0 4.69
84.0 4.74
85.0 4.79
86.0 4.84
87.0 4.89
88.0 4.94
89.0 4.99
90.0 5.04
91.0 5.09
92.0 5.14
93.0 5.19
94.0 5.24
95.0 5.29
96.0 5.34
97.0 5.39
98.0 5.44
99.0 5.49
100.0 5.54
101.0 5.59
102.0 5.64
103.0 5.69
104.0 5.74
105.0 5.79
106.0 5.84
107.0 5.89
108.0 5.94
109.0 5.99
110.0 6.04
111.0 6.09
112.0 6.14
113.0 6.19
114.0 6.24
115.0 6.29
116.0 6.34
117.0 6.39
118.0 6.44
119.0 6.49
120.0 6.54
121.0 6.59
122.0 6.64
123.0 6.69
124.0 6.74
125.0 6.79
126.0 6.84
127.0 6.89
128.0 6.94
129.0 6.99
130.0 7.04
131.0 7.09
132.0 7.14
133.0 7.19
134.0 7.24
135.0 7.29
136.0 7.34
137.0 7.39
138.0 7.44
139.0 7.49
140.0 7.54
141.0 7.59
142.0 7.64
143.0 7.69
144.0 7.74
145.0 7.79
146.0 7.84
147.0 7.89
148.0 7.94
149.0 7.99
150.0 8.04
151.0 8.09
152.0 8.14
153.0 8.19
154.0 8.24
155.0 8.29
156.0 8.34
157.0 8.39
158.0 8.44
159.0 8.49
160.0 8.54
161.0 8.59
162.0 8.64
163.0 8.69
164.0 8.74
165.0 8.79
166.0 8.84
167.0 8.89
168.0 8.94
169.0 8.99
170.0 9.04
171.0 9.09
172.0 9.14
173.0 9.19
174.0 9.24
175.0 9.29
176.0 9.34
177.0 9.39
178.0 9.44
179.0 9.49
180.0 9.54
181.0 9.59
182.0 9.64
183.0 9.69
184.0 9.74
185.0 9.79
186.0 9.84
187.0 9.89
188.0 9.94
189.0 9.99
190.0 10.04
191.0 10.09
192.0 10.14
193.0 10.19
194.0 10.24
195.0 10.29
196.0 10.34
197.0 10.39
198.0 10.44
199.0 10.49
200.0 10.54
201.0 10.59
202.0 10.64
203.0 10.69
204.0 10.74
205.0 10.79
206.0 10.84
207.0 10.89
208.0 10.94
209.0 10.99
210.0 11.04
211.0 11.09
212.0 11.14
213.0 11.19
214.0 11.24
215.0 11.29
216.0 11.34
217.0 11.39
218.0 11.44
219.0 11.49
220.0 11.54
221.0 11.59
222.0 11.64
223.0 11.69
224.0 11.74
225.0 11.79
226.0 11.84
227.0 11.89
228.0 11.94
229.0 11.99
230.0 12.04
231.0 12.09
232.0 12.14
233.0 12.19
234.0 12.24
235.0 12.29
236.0 12.34
237.0 12.39
238.0 12.44
239.0 12.49
240.0 12.54
241.0 12.59
242.0 12.64
243.0 12.69
244.0 12.74
245.0 12.79
246.0 12.84
247.0 12.89
248.0 12.94
249.0 12.99
250.0 13.04
251.0 13.09
252.0 13.14
253.0 13.19
254.0 13.24
255.0 13.29
256.0 13.34
257.0 13.39
258.0 13.44
259.0 13.49
260.0 13.54
261.0 13.59
262.0 13.64
263.0 13.69
264.0 13.74
265.0 13.79
266.0 13.84
267.0 13.89
268.0 13.94
269.0 13.99
270.0 14.04
271.0 14.09
272.0 14.14
273.0 14.19
274.0 14.24
275.0 14.29
276.0 14.34
277.0 14.39
278.0 14.44
279.0 14.49
280.0 14.54
281.0 14.59
282.0 14.64
283.0 14.69
284.0 14.74
285.0 14.79
286.0 14.84
287.0 14.89
288.0 14.94
289.0 14.99
290.0 15.04
291.0 15.09
292.0 15.14
293.0 15.19
294.0 15.24
295.0 15.29
296.0 15.34
297.0 15.39
298.0 15.44
299.0 15.49
300.0 15.54
301.0 15.59
302.0 15.64
303.0 15.69
304.0 15.74
305.0 15.79
306.0 15.84
307.0 15.89
308.0 15.94
309.0 15.99
310.0 16.04
311.0 16.09
312.0 16.14
313.0 16.19
314.0 16.24
315.0 16.29
316.0 16.34
317.0 16.39
318.0 16.44
319.0 16.49
320.0 16.54
321.0 16.59
322.0 16.64
323.0 16.69
324.0 16.74
325.0 16.79
326.0 16.84
327.0 16.89
328.0 16.94
329.0 16.99
330.0 17.04
331.0 17.09
332.0 17.14
333.0 17.19
334.0 17.24
335.0 17.29
336.0 17.34
337.0 17.39
338.0 17.44
339.0 17.49
340.0 17.54
341.0 17.59
342.0 17.64
343.0 17.69
344.0 17.74
345.0 17.79
346.0 17.84
347.0 17.89
348.0 17.94
349.0 17.99
350.0 18.04
351.0 18.09
352.0 18.14
353.0 18.19
354.0 18.24
355.0 18.29
356.0 18.34
357.0 18.39
358.0 18.44
359.0 18.49
360.0 18.54
361.0 18.59
362.0 18.64
363.0 18.69
364.0 18.74
365.0 18.79
366.0 18.84
367.0 18.89
368.0 18.94
369.0 18.99
370.0 19.04
371.0 19.09
372.0 19.14
373.0 19.19
374.0 19.24
375.0 19.29
376.0 19.34
377.0 19.39
378.0 19.44
379.0 19.49
380.0 19.54
381.0 19.59
382.0 19.64
383.0 19.69
384.0 19.74
385.0 19.79
386.0 19.84
387.0 19.89
388.0 19.94
389.0 19.99
390.0 20.04
391.0 20.09
392.0 20.14
393.0 20.19
394.0 20.24
395.0 20.29
396.0 20.34
397.0 20.39
398.0 20.44
399.0 20.49
400.0 20.54
401.0 20.59
402.0 20.64
403.0 20.69
404.0 20.74
405.0 20.79
406.0 20.84
407.0 20.89
408.0 20.94
409.0 20.99
410.0 21.04
411.0 21.09
412.0 21.14
413.0 21.19
414.0 21.24
415.0 21.29
416.0 21.34
417.0 21.39
418.0 21.44
419.0 21.49
420.0 21.54
421.0 21.59
422.0 21.64
423.0 21.69
424.0 21.74
425.0 21.79
426.0 21.84
427.0 21.89
428.0 21.94
429.0 21.99
430.0 22.04
431.0 22.09
432.0 22.14
433.0 22.19
434.0 22.24
435.0 22.29
436.0 22.34
437.0 22.39
438.0 22.44
439.0 22.49
440.0 22.54
441.0 22.59
442.0 22.64
443.0 22.69
444.0 22.74
445.0 22.79
446.0 22.84
447.0 22.89
448.0 22.94
449.0 22.99
450.0 23.04
451.0 23.09
452.0 23.14
453.0 23.19
454.0 23.24
455.0 23.29
456.0 23.34
457.0 23.39
458.0 23.44
459.0 23.49
460.0 23.54
461.0 23.59
462.0 23.64
463.0 23.69
464.0 23.74
465.0 23.79
466.0 23.84
467.0 23.89
468.0 23.94
469.0 23.99
470.0 24.04
471.0 24.09
472.0 24.14
473.0 24.19
474.0 24.24
475.0 24.29
476.0 24.34
477.0 24.39
478.0 24.44
479.0 24.49
480.0 24.54
481.0 24.59
482.0 24.64
483.0 24.69
484.0 24.74
485.0 24.79
486.0 24.84
487.0 24.89
488.0 24.94
489.0 24.99
490.0 25.04
491.0 25.09
492.0 25.14
493.0 25.19
494.0 25.24
495.0 25.29
496.0 25.34
497.0 25.39
498.0 25.44
499.0 25.49
500.0 25.54
