-1.0 -99.99
-1.0 -99.99
-1.0 -99.99
-1.0 -99.99
-1.0 -99.99
-1.0 -99.99
-1.0 -99.99
-1.0 -99.99
-1.0 -99.99
-1.0 -99.99
-1.0 -99.99
-1.0 -99.99
-1.0 -99.99
-1.0 -99.99
-1.0 -99.99
-1.0 -99.99
-1.0 -99.99
-1.0 -99.99
-1.0 -99.99
-1.0 -99.99
-1.0 -99.99
-1.0 -99.99
-1.0 -99.99
-1.0 -99.99
-1.0 -99.99
-1.0 -99.99
-1.0 -99.99
-1.0 -99.99
-1.0 -99.99
-1.0 -99.99
0.00 30.3356
1.00 1.6
2.00 0.495933
3.00 0.147569
4.00 0.278346
5.00 0.521821
6.00 0.777416
7.00 0.961429
8.00 1.03438
9.00 1.02638
10.00 0.960496
11.00 0.860383
12.00 0.741719
13.00 0.615808
14.00 0.492026
15.00 0.380834
16.00 0.281381
17.00 0.194444
18.00 0.122794
19.00 0.068269
20.00 0.0211346
21.00 0.00126
22.00 0.0024788
23.00 0.0263512
24.00 0.0657646
25.00 0.117091
26.00 0.172099
27.00 0.231631
28.00 0.292201
29.00 0.351751
30.00 0.407569
31.00 0.460237
32.00 0.506286
33.00 0.545133
34.00 0.578445
35.00 0.611079
36.00 0.647931
37.00 0.692536
38.00 0.743545
39.00 0.796235
40.00 0.843307
41.00 0.884978
42.00 0.91965
43.00 0.952461
44.00 0.987054
45.00 1.02436
46.00 1.06055
47.00 1.09674
48.00 1.1308
49.00 1.1544
50.00 1.17516
51.00 1.19708
52.00 1.22351
53.00 1.25336
54.00 1.29516
55.00 1.33148
56.00 1.34597
57.00 1.36089
58.00 1.37636
59.00 1.39207
60.00 1.40841
61.00 1.42505
62.00 1.44188
63.00 1.45937
64.00 1.47771
65.00 1.49605
66.00 1.51439
67.00 1.53273
68.00 1.55137
69.00 1.57123
70.00 1.59109
71.00 1.61094
72.00 1.6308
73.00 1.65091
74.00 1.6716
75.00 1.6926
76.00 1.71367
77.00 1.73502
78.00 1.75652
79.00 1.77828
80.00 1.80018
81.00 1.82215
82.00 1.8444
83.00 1.86666
84.00 1.88902
85.00 1.91161
86.00 1.93419
87.00 1.95686
88.00 1.97967
89.00 2.00257
90.00 2.0255
91.00 2.04853
92.00 2.07163
93.00 2.09476
94.00 2.11799
95.00 2.14129
96.00 2.16459
97.00 2.18792
98.00 2.21135
99.00 2.23482
100.00 2.25825
101.00 2.28176
102.00 2.30529
103.00 2.32883
104.00 2.35236
105.00 2.37591
106.00 2.39948
107.00 2.4231
108.00 2.44665
109.00 2.47018
110.00 2.49375
111.00 2.51725
112.00 2.54075
113.00 2.56422
114.00 2.58765
115.00 2.61115
116.00 2.63465
117.00 2.65815
118.00 2.68165
119.00 2.70515
120.00 2.72865
121.00 2.75215
122.00 2.77565
123.00 2.79915
124.00 2.82265
125.00 2.84616
126.00 2.86966
127.00 2.89316
128.00 2.91666
129.00 2.94016
130.00 2.96366
131.00 2.98716
132.00 3.01066
133.00 3.03416
134.00 3.05766
135.00 3.08116
136.00 3.10466
137.00 3.12816
138.00 3.15166
139.00 3.17516
140.00 3.19866
141.00 3.22216
142.00 3.24566
143.00 3.26916
144.00 3.29266
145.00 3.31616
146.00 3.33966
147.00 3.36317
148.00 3.38667
149.00 3.41017
150.00 3.43367
151.00 3.45717
152.00 3.48067
153.00 3.50417
154.00 3.52767
155.00 3.55117
156.00 3.57467
157.00 3.59817
158.00 3.62167
159.00 3.64517
160.00 3.66867
161.00 3.69217
162.00 3.71567
163.00 3.73917
164.00 3.76267
165.00 3.78617
166.00 3.80967
167.00 3.83317
168.00 3.85667
169.00 3.88017
170.00 3.90368
171.00 3.92718
172.00 3.95068
173.00 3.97418
174.00 3.99768
175.00 4.02118
176.00 4.04468
177.00 4.06818
178.00 4.09168
179.00 4.11518
180.00 4.13868
181.00 4.16218
182.00 4.18568
183.00 4.20918
184.00 4.23268
185.00 4.25618
186.00 4.27968
187.00 4.30318
188.00 4.32668
189.00 4.35018
190.00 4.37368
191.00 4.39718
192.00 4.42068
193.00 4.44419
194.00 4.46769
195.00 4.49119
196.00 4.51469
197.00 4.53819
198.00 4.56169
199.00 4.58519
200.00 4.60869
201.00 4.63219
202.00 4.65569
203.00 4.67919
204.00 4.70269
205.00 4.72619
206.00 4.74969
207.00 4.77319
208.00 4.79669
209.00 4.82019
210.00 4.84369
211.00 4.86719
212.00 4.89069
213.00 4.91419
214.00 4.93769
215.00 4.9612
216.00 4.9847
217.00 5.0082
218.00 5.0317
219.00 5.0552
220.00 5.0787
221.00 5.1022
222.00 5.1257
223.00 5.1492
224.00 5.1727
225.00 5.1962
226.00 5.2197
227.00 5.2432
228.00 5.2667
229.00 5.2902
230.00 5.3137
231.00 5.3372
232.00 5.3607
233.00 5.3842
234.00 5.4077
235.00 5.4312
236.00 5.4547
237.00 5.4782
238.00 5.50171
239.00 5.52521
240.00 5.54871
241.00 5.57221
242.00 5.59571
243.00 5.61921
244.00 5.64271
245.00 5.66621
246.00 5.68971
247.00 5.71321
248.00 5.73671
249.00 5.76021
250.00 5.78371
251.00 5.80721
252.00 5.83071
253.00 5.85421
254.00 5.87771
255.00 5.90121
256.00 5.92471
257.00 5.94821
258.00 5.97171
259.00 5.99521
260.00 6.01872
261.00 6.04222
262.00 6.06572
263.00 6.08922
264.00 6.11272
265.00 6.13622
266.00 6.15972
267.00 6.18322
268.00 6.20672
269.00 6.23022
270.00 6.25372
271.00 6.27722
272.00 6.30072
273.00 6.32422
274.00 6.34772
275.00 6.37122
276.00 6.39472
277.00 6.41822
278.00 6.44172
279.00 6.46522
280.00 6.48872
281.00 6.51222
282.00 6.53572
283.00 6.55923
284.00 6.58273
285.00 6.60623
286.00 6.62973
287.00 6.65323
288.00 6.67673
289.00 6.70023
290.00 6.72373
291.00 6.74723
292.00 6.77073
293.00 6.79423
294.00 6.81773
295.00 6.84123
296.00 6.86473
297.00 6.88823
298.00 6.91173
299.00 6.93523
300.00 6.95873
301.00 6.98223
302.00 7.00573
303.00 7.02923
304.00 7.05273
305.00 7.07623
306.00 7.09974
307.00 7.12324
308.00 7.14674
309.00 7.17024
310.00 7.19374
311.00 7.21724
312.00 7.24074
313.00 7.26424
314.00 7.28774
315.00 7.31124
316.00 7.33474
317.00 7.35824
318.00 7.38174
319.00 7.40524
320.00 7.42874
321.00 7.45224
322.00 7.47574
323.00 7.49924
324.00 7.52274
325.00 7.54624
326.00 7.56974
327.00 7.59324
328.00 7.61675
329.00 7.64025
330.00 7.66375
331.00 7.68725
332.00 7.71075
333.00 7.73425
334.00 7.75775
335.00 7.78125
336.00 7.80475
337.00 7.82825
338.00 7.85175
339.00 7.87525
340.00 7.89875
341.00 7.92225
342.00 7.94575
343.00 7.96925
344.00 7.99275
345.00 8.01625
346.00 8.03975
347.00 8.06325
348.00 8.08675
349.00 8.11025
350.00 8.13375
351.00 8.15726
352.00 8.18076
353.00 8.20426
354.00 8.22776
355.00 8.25126
356.00 8.27476
357.00 8.29826
358.00 8.32176
359.00 8.34526
360.00 8.36876
361.00 8.39226
362.00 8.41576
363.00 8.43926
364.00 8.46276
365.00 8.48626
366.00 8.50976
367.00 8.53326
368.00 8.55676
369.00 8.58026
370.00 8.60376
371.00 8.62726
372.00 8.65076
373.00 8.67427
374.00 8.69777
375.00 8.72127
376.00 8.74477
377.00 8.76827
378.00 8.79177
379.00 8.81527
380.00 8.83877
381.00 8.86227
382.00 8.88577
383.00 8.90927
384.00 8.93277
385.00 8.95627
386.00 8.97977
387.00 9.00327
388.00 9.02677
389.00 9.05027
390.00 9.07377
391.00 9.09727
392.00 9.12077
393.00 9.14427
394.00 9.16777
395.00 9.19127
396.00 9.21478
397.00 9.23828
398.00 9.26178
399.00 9.28528
400.00 9.30878
401.00 9.33228
402.00 9.35578
403.00 9.37928
404.00 9.40278
405.00 9.42628
406.00 9.44978
407.00 9.47328
408.00 9.49678
409.00 9.52028
410.00 9.54378
411.00 9.56728
412.00 9.59078
413.00 9.61428
414.00 9.63778
415.00 9.66128
416.00 9.68478
417.00 9.70828
418.00 9.73178
419.00 9.75528
420.00 9.77879
421.00 9.80229
422.00 9.82579
423.00 9.84929
424.00 9.87279
425.00 9.89629
426.00 9.91979
427.00 9.94329
428.00 9.96679
429.00 9.99029
430.00 10.0138
431.00 10.0373
432.00 10.0608
433.00 10.0843
434.00 10.1078
435.00 10.1313
436.00 10.1548
437.00 10.1783
438.00 10.2018
439.00 10.2253
440.00 10.2488
441.00 10.2723
442.00 10.2958
443.00 10.3193
444.00 10.3428
445.00 10.3663
446.00 10.3898
447.00 10.4133
448.00 10.4368
449.00 10.4603
450.00 10.4838
451.00 10.5073
452.00 10.5308
453.00 10.5543
454.00 10.5778
455.00 10.6013
456.00 10.6248
457.00 10.6483
458.00 10.6718
459.00 10.6953
460.00 10.7188
461.00 10.7423
462.00 10.7658
463.00 10.7893
464.00 10.8128
465.00 10.8363
466.00 10.8598
467.00 10.8833
468.00 10.9068
469.00 10.9303
470.00 10.9538
471.00 10.9773
472.00 11.0008
473.00 11.0243
474.00 11.0478
475.00 11.0713
476.00 11.0948
477.00 11.1183
478.00 11.1418
479.00 11.1653
480.00 11.1888
481.00 11.2123
482.00 11.2358
483.00 11.2593
484.00 11.2828
485.00 11.3063
486.00 11.3298
487.00 11.3533
488.00 11.3768
489.00 11.4003
490.00 11.4238
491.00 11.4473
492.00 11.4708
493.00 11.4943
494.00 11.5178
495.00 11.5413
496.00 11.5648
497.00 11.5883
498.00 11.6118
499.00 11.6353
500.00 11.6588
